,Datum,RGSCode,RGSName,Geschlecht,Altersgruppe,Berufs4Steller,Berufs4StellerBez,BESTAND,Alter_von,Alter_bis
13,2019-01-31,101,Eisenstadt,Frauen,bis 19 Jahre,B9999,unbestimmt (nur Pst),1,0,19
110,2019-01-31,101,Eisenstadt,Männer,bis 19 Jahre,B9999,unbestimmt (nur Pst),1,0,19
260,2019-01-31,102,Mattersburg,Männer,bis 19 Jahre,B9999,unbestimmt (nur Pst),2,0,19
394,2019-01-31,103,Neusiedl am See,Männer,30 bis 34 Jahre,B9999,unbestimmt (nur Pst),1,30,34
1173,2019-01-31,202,Hermagor,Frauen,40 bis 44 Jahre,B9999,unbestimmt (nur Pst),1,40,44
1185,2019-01-31,202,Hermagor,Männer,20 bis 24 Jahre,B9999,unbestimmt (nur Pst),1,20,24
1224,2019-01-31,203,Klagenfurt,Frauen,bis 19 Jahre,B9999,unbestimmt (nur Pst),1,0,19
1248,2019-01-31,203,Klagenfurt,Frauen,20 bis 24 Jahre,B9999,unbestimmt (nur Pst),2,20,24
1270,2019-01-31,203,Klagenfurt,Frauen,25 bis 29 Jahre,B9999,unbestimmt (nur Pst),1,25,29
1294,2019-01-31,203,Klagenfurt,Frauen,30 bis 34 Jahre,B9999,unbestimmt (nur Pst),2,30,34
1337,2019-01-31,203,Klagenfurt,Frauen,40 bis 44 Jahre,B9999,unbestimmt (nur Pst),1,40,44
1352,2019-01-31,203,Klagenfurt,Frauen,45 bis 49 Jahre,B9999,unbestimmt (nur Pst),1,45,49
1373,2019-01-31,203,Klagenfurt,Frauen,55 bis 59 Jahre,B9999,unbestimmt (nur Pst),1,55,59
1407,2019-01-31,203,Klagenfurt,Männer,bis 19 Jahre,B9999,unbestimmt (nur Pst),1,0,19
1447,2019-01-31,203,Klagenfurt,Männer,20 bis 24 Jahre,B9999,unbestimmt (nur Pst),2,20,24
1497,2019-01-31,203,Klagenfurt,Männer,30 bis 34 Jahre,B9999,unbestimmt (nur Pst),1,30,34
1538,2019-01-31,203,Klagenfurt,Männer,40 bis 44 Jahre,B9999,unbestimmt (nur Pst),1,40,44
1571,2019-01-31,203,Klagenfurt,Männer,50 bis 54 Jahre,B9999,unbestimmt (nur Pst),1,50,54
1595,2019-01-31,204,Spittal/Drau,Frauen,bis 19 Jahre,B9999,unbestimmt (nur Pst),1,0,19
1977,2019-01-31,206,Villach,Frauen,bis 19 Jahre,B9999,unbestimmt (nur Pst),1,0,19
2028,2019-01-31,206,Villach,Frauen,25 bis 29 Jahre,B9999,unbestimmt (nur Pst),1,25,29
2131,2019-01-31,206,Villach,Frauen,50 bis 54 Jahre,B9999,unbestimmt (nur Pst),1,50,54
2433,2019-01-31,207,Völkermarkt,Männer,bis 19 Jahre,B9999,unbestimmt (nur Pst),1,0,19
2682,2019-01-31,301,Amstetten,Frauen,bis 19 Jahre,B9999,unbestimmt (nur Pst),4,0,19
2702,2019-01-31,301,Amstetten,Frauen,20 bis 24 Jahre,B9999,unbestimmt (nur Pst),1,20,24
2779,2019-01-31,301,Amstetten,Frauen,35 bis 39 Jahre,B9999,unbestimmt (nur Pst),1,35,39
2849,2019-01-31,301,Amstetten,Männer,bis 19 Jahre,B9999,unbestimmt (nur Pst),7,0,19
2872,2019-01-31,301,Amstetten,Männer,20 bis 24 Jahre,B9999,unbestimmt (nur Pst),1,20,24
2991,2019-01-31,304,Baden neu,Frauen,bis 19 Jahre,B9999,unbestimmt (nur Pst),6,0,19
3033,2019-01-31,304,Baden neu,Frauen,20 bis 24 Jahre,B9999,unbestimmt (nur Pst),7,20,24
3055,2019-01-31,304,Baden neu,Frauen,25 bis 29 Jahre,B9999,unbestimmt (nur Pst),1,25,29
3104,2019-01-31,304,Baden neu,Frauen,35 bis 39 Jahre,B9999,unbestimmt (nur Pst),1,35,39
3127,2019-01-31,304,Baden neu,Frauen,40 bis 44 Jahre,B9999,unbestimmt (nur Pst),1,40,44
3147,2019-01-31,304,Baden neu,Frauen,45 bis 49 Jahre,B9999,unbestimmt (nur Pst),2,45,49
3165,2019-01-31,304,Baden neu,Frauen,50 bis 54 Jahre,B9999,unbestimmt (nur Pst),1,50,54
3173,2019-01-31,304,Baden neu,Frauen,55 bis 59 Jahre,B9999,unbestimmt (nur Pst),1,55,59
3205,2019-01-31,304,Baden neu,Männer,bis 19 Jahre,B9999,unbestimmt (nur Pst),9,0,19
3249,2019-01-31,304,Baden neu,Männer,20 bis 24 Jahre,B9999,unbestimmt (nur Pst),5,20,24
3271,2019-01-31,304,Baden neu,Männer,25 bis 29 Jahre,B9999,unbestimmt (nur Pst),2,25,29
3398,2019-01-31,306,Bruck/Leitha,Frauen,bis 19 Jahre,B9999,unbestimmt (nur Pst),4,0,19
3411,2019-01-31,306,Bruck/Leitha,Frauen,20 bis 24 Jahre,B9999,unbestimmt (nur Pst),3,20,24
3450,2019-01-31,306,Bruck/Leitha,Frauen,40 bis 44 Jahre,B9999,unbestimmt (nur Pst),1,40,44
3487,2019-01-31,306,Bruck/Leitha,Männer,bis 19 Jahre,B9999,unbestimmt (nur Pst),8,0,19
3532,2019-01-31,306,Bruck/Leitha,Männer,40 bis 44 Jahre,B9999,unbestimmt (nur Pst),1,40,44
3575,2019-01-31,308,Gänserndorf,Frauen,bis 19 Jahre,B9999,unbestimmt (nur Pst),3,0,19
3607,2019-01-31,308,Gänserndorf,Frauen,20 bis 24 Jahre,B9999,unbestimmt (nur Pst),2,20,24
3652,2019-01-31,308,Gänserndorf,Frauen,30 bis 34 Jahre,B9999,unbestimmt (nur Pst),1,30,34
3800,2019-01-31,308,Gänserndorf,Männer,bis 19 Jahre,B9999,unbestimmt (nur Pst),4,0,19
3988,2019-01-31,311,Gmünd,Frauen,35 bis 39 Jahre,B9999,unbestimmt (nur Pst),1,35,39
4079,2019-01-31,311,Gmünd,Männer,40 bis 44 Jahre,B9999,unbestimmt (nur Pst),1,40,44
4113,2019-01-31,312,Hollabrunn,Frauen,bis 19 Jahre,B9999,unbestimmt (nur Pst),2,0,19
4126,2019-01-31,312,Hollabrunn,Frauen,20 bis 24 Jahre,B9999,unbestimmt (nur Pst),1,20,24
4211,2019-01-31,312,Hollabrunn,Männer,bis 19 Jahre,B9999,unbestimmt (nur Pst),2,0,19
4294,2019-01-31,313,Horn,Frauen,bis 19 Jahre,B9999,unbestimmt (nur Pst),1,0,19
4304,2019-01-31,313,Horn,Frauen,20 bis 24 Jahre,B9999,unbestimmt (nur Pst),3,20,24
4344,2019-01-31,313,Horn,Männer,bis 19 Jahre,B9999,unbestimmt (nur Pst),3,0,19
4351,2019-01-31,313,Horn,Männer,20 bis 24 Jahre,B9999,unbestimmt (nur Pst),2,20,24
4422,2019-01-31,314,Korneuburg,Frauen,20 bis 24 Jahre,B9999,unbestimmt (nur Pst),1,20,24
4437,2019-01-31,314,Korneuburg,Frauen,25 bis 29 Jahre,B9999,unbestimmt (nur Pst),1,25,29
4578,2019-01-31,314,Korneuburg,Männer,bis 19 Jahre,B9999,unbestimmt (nur Pst),6,0,19
4606,2019-01-31,314,Korneuburg,Männer,20 bis 24 Jahre,B9999,unbestimmt (nur Pst),1,20,24
4959,2019-01-31,315,Krems,Männer,45 bis 49 Jahre,B9999,unbestimmt (nur Pst),1,45,49
4985,2019-01-31,316,Lilienfeld,Frauen,bis 19 Jahre,B9999,unbestimmt (nur Pst),2,0,19
4998,2019-01-31,316,Lilienfeld,Frauen,20 bis 24 Jahre,B9999,unbestimmt (nur Pst),1,20,24
5006,2019-01-31,316,Lilienfeld,Frauen,25 bis 29 Jahre,B9999,unbestimmt (nur Pst),1,25,29
5012,2019-01-31,316,Lilienfeld,Frauen,30 bis 34 Jahre,B9999,unbestimmt (nur Pst),2,30,34
5061,2019-01-31,316,Lilienfeld,Männer,bis 19 Jahre,B9999,unbestimmt (nur Pst),1,0,19
5076,2019-01-31,316,Lilienfeld,Männer,25 bis 29 Jahre,B9999,unbestimmt (nur Pst),1,25,29
5089,2019-01-31,316,Lilienfeld,Männer,30 bis 34 Jahre,B9999,unbestimmt (nur Pst),1,30,34
5233,2019-01-31,317,Melk,Männer,bis 19 Jahre,B9999,unbestimmt (nur Pst),1,0,19
5346,2019-01-31,319,Mistelbach,Frauen,bis 19 Jahre,B9999,unbestimmt (nur Pst),5,0,19
5358,2019-01-31,319,Mistelbach,Frauen,20 bis 24 Jahre,B9999,unbestimmt (nur Pst),1,20,24
5373,2019-01-31,319,Mistelbach,Frauen,25 bis 29 Jahre,B9999,unbestimmt (nur Pst),1,25,29
5456,2019-01-31,319,Mistelbach,Männer,bis 19 Jahre,B9999,unbestimmt (nur Pst),2,0,19
5472,2019-01-31,319,Mistelbach,Männer,20 bis 24 Jahre,B9999,unbestimmt (nur Pst),1,20,24
5556,2019-01-31,321,Mödling,Frauen,bis 19 Jahre,B9999,unbestimmt (nur Pst),1,0,19
5574,2019-01-31,321,Mödling,Frauen,20 bis 24 Jahre,B9999,unbestimmt (nur Pst),1,20,24
5658,2019-01-31,321,Mödling,Frauen,40 bis 44 Jahre,B9999,unbestimmt (nur Pst),1,40,44
5714,2019-01-31,321,Mödling,Männer,bis 19 Jahre,B9999,unbestimmt (nur Pst),7,0,19
5751,2019-01-31,321,Mödling,Männer,20 bis 24 Jahre,B9999,unbestimmt (nur Pst),1,20,24
5771,2019-01-31,321,Mödling,Männer,25 bis 29 Jahre,B9999,unbestimmt (nur Pst),1,25,29
5876,2019-01-31,323,Neunkirchen,Frauen,bis 19 Jahre,B9999,unbestimmt (nur Pst),1,0,19
5906,2019-01-31,323,Neunkirchen,Frauen,20 bis 24 Jahre,B9999,unbestimmt (nur Pst),1,20,24
6187,2019-01-31,326,St. Pölten,Frauen,bis 19 Jahre,B9999,unbestimmt (nur Pst),3,0,19
6222,2019-01-31,326,St. Pölten,Frauen,20 bis 24 Jahre,B9999,unbestimmt (nur Pst),1,20,24
6247,2019-01-31,326,St. Pölten,Frauen,25 bis 29 Jahre,B9999,unbestimmt (nur Pst),1,25,29
6277,2019-01-31,326,St. Pölten,Frauen,30 bis 34 Jahre,B9999,unbestimmt (nur Pst),2,30,34
6340,2019-01-31,326,St. Pölten,Frauen,40 bis 44 Jahre,B9999,unbestimmt (nur Pst),1,40,44
6441,2019-01-31,326,St. Pölten,Männer,bis 19 Jahre,B9999,unbestimmt (nur Pst),2,0,19
6485,2019-01-31,326,St. Pölten,Männer,20 bis 24 Jahre,B9999,unbestimmt (nur Pst),3,20,24
6522,2019-01-31,326,St. Pölten,Männer,25 bis 29 Jahre,B9999,unbestimmt (nur Pst),1,25,29
6690,2019-01-31,328,Scheibbs,Frauen,bis 19 Jahre,B9999,unbestimmt (nur Pst),4,0,19
6726,2019-01-31,328,Scheibbs,Frauen,35 bis 39 Jahre,B9999,unbestimmt (nur Pst),1,35,39
6758,2019-01-31,328,Scheibbs,Männer,bis 19 Jahre,B9999,unbestimmt (nur Pst),2,0,19
6818,2019-01-31,329,Schwechat,Frauen,bis 19 Jahre,B9999,unbestimmt (nur Pst),1,0,19
6953,2019-01-31,329,Schwechat,Männer,bis 19 Jahre,B9999,unbestimmt (nur Pst),1,0,19
7073,2019-01-31,331,Tulln,Frauen,bis 19 Jahre,B9999,unbestimmt (nur Pst),9,0,19
7095,2019-01-31,331,Tulln,Frauen,20 bis 24 Jahre,B9999,unbestimmt (nur Pst),1,20,24
7109,2019-01-31,331,Tulln,Frauen,25 bis 29 Jahre,B9999,unbestimmt (nur Pst),3,25,29
7145,2019-01-31,331,Tulln,Frauen,35 bis 39 Jahre,B9999,unbestimmt (nur Pst),1,35,39
7161,2019-01-31,331,Tulln,Frauen,40 bis 44 Jahre,B9999,unbestimmt (nur Pst),1,40,44
7187,2019-01-31,331,Tulln,Frauen,50 bis 54 Jahre,B9999,unbestimmt (nur Pst),1,50,54
7209,2019-01-31,331,Tulln,Männer,bis 19 Jahre,B9999,unbestimmt (nur Pst),9,0,19
7230,2019-01-31,331,Tulln,Männer,20 bis 24 Jahre,B9999,unbestimmt (nur Pst),2,20,24
7246,2019-01-31,331,Tulln,Männer,25 bis 29 Jahre,B9999,unbestimmt (nur Pst),1,25,29
7368,2019-01-31,332,Waidhofen/Thaya,Männer,bis 19 Jahre,B9999,unbestimmt (nur Pst),1,0,19
7455,2019-01-31,333,Waidhofen/Ybbs,Männer,bis 19 Jahre,B9999,unbestimmt (nur Pst),1,0,19
7503,2019-01-31,334,Wr. Neustadt,Frauen,bis 19 Jahre,B9999,unbestimmt (nur Pst),2,0,19
7531,2019-01-31,334,Wr. Neustadt,Frauen,20 bis 24 Jahre,B9999,unbestimmt (nur Pst),1,20,24
7661,2019-01-31,334,Wr. Neustadt,Frauen,50 bis 54 Jahre,B9999,unbestimmt (nur Pst),1,50,54
7699,2019-01-31,334,Wr. Neustadt,Männer,bis 19 Jahre,B9999,unbestimmt (nur Pst),5,0,19
7736,2019-01-31,334,Wr. Neustadt,Männer,20 bis 24 Jahre,B9999,unbestimmt (nur Pst),2,20,24
7950,2019-01-31,335,Zwettl,Männer,bis 19 Jahre,B9999,unbestimmt (nur Pst),1,0,19
8012,2019-01-31,401,Braunau,Frauen,bis 19 Jahre,B9999,unbestimmt (nur Pst),8,0,19
8057,2019-01-31,401,Braunau,Frauen,25 bis 29 Jahre,B9999,unbestimmt (nur Pst),3,25,29
8070,2019-01-31,401,Braunau,Frauen,30 bis 34 Jahre,B9999,unbestimmt (nur Pst),1,30,34
8107,2019-01-31,401,Braunau,Frauen,40 bis 44 Jahre,B9999,unbestimmt (nur Pst),1,40,44
8121,2019-01-31,401,Braunau,Frauen,45 bis 49 Jahre,B9999,unbestimmt (nur Pst),1,45,49
8133,2019-01-31,401,Braunau,Frauen,50 bis 54 Jahre,B9999,unbestimmt (nur Pst),1,50,54
8163,2019-01-31,401,Braunau,Männer,bis 19 Jahre,B9999,unbestimmt (nur Pst),12,0,19
8195,2019-01-31,401,Braunau,Männer,20 bis 24 Jahre,B9999,unbestimmt (nur Pst),3,20,24
8220,2019-01-31,401,Braunau,Männer,25 bis 29 Jahre,B9999,unbestimmt (nur Pst),1,25,29
8310,2019-01-31,402,Eferding,Frauen,20 bis 24 Jahre,B9999,unbestimmt (nur Pst),1,20,24
8387,2019-01-31,402,Eferding,Männer,30 bis 34 Jahre,B9999,unbestimmt (nur Pst),1,30,34
8646,2019-01-31,404,Gmunden,Frauen,bis 19 Jahre,B9999,unbestimmt (nur Pst),2,0,19
8711,2019-01-31,404,Gmunden,Frauen,30 bis 34 Jahre,B9999,unbestimmt (nur Pst),1,30,34
8819,2019-01-31,404,Gmunden,Männer,bis 19 Jahre,B9999,unbestimmt (nur Pst),2,0,19
9039,2019-01-31,406,Grieskirchen,Frauen,40 bis 44 Jahre,B9999,unbestimmt (nur Pst),1,40,44
9103,2019-01-31,406,Grieskirchen,Männer,20 bis 24 Jahre,B9999,unbestimmt (nur Pst),2,20,24
9176,2019-01-31,407,Kirchdorf/Krems,Frauen,bis 19 Jahre,B9999,unbestimmt (nur Pst),4,0,19
9196,2019-01-31,407,Kirchdorf/Krems,Frauen,20 bis 24 Jahre,B9999,unbestimmt (nur Pst),1,20,24
9210,2019-01-31,407,Kirchdorf/Krems,Frauen,25 bis 29 Jahre,B9999,unbestimmt (nur Pst),1,25,29
9281,2019-01-31,407,Kirchdorf/Krems,Männer,bis 19 Jahre,B9999,unbestimmt (nur Pst),2,0,19
9392,2019-01-31,409,Linz neu,Frauen,bis 19 Jahre,B9999,unbestimmt (nur Pst),24,0,19
9440,2019-01-31,409,Linz neu,Frauen,20 bis 24 Jahre,B9999,unbestimmt (nur Pst),9,20,24
9483,2019-01-31,409,Linz neu,Frauen,25 bis 29 Jahre,B9999,unbestimmt (nur Pst),7,25,29
9531,2019-01-31,409,Linz neu,Frauen,30 bis 34 Jahre,B9999,unbestimmt (nur Pst),2,30,34
9580,2019-01-31,409,Linz neu,Frauen,35 bis 39 Jahre,B9999,unbestimmt (nur Pst),4,35,39
9627,2019-01-31,409,Linz neu,Frauen,40 bis 44 Jahre,B9999,unbestimmt (nur Pst),3,40,44
9716,2019-01-31,409,Linz neu,Frauen,55 bis 59 Jahre,B9999,unbestimmt (nur Pst),2,55,59
9759,2019-01-31,409,Linz neu,Männer,bis 19 Jahre,B9999,unbestimmt (nur Pst),26,0,19
9835,2019-01-31,409,Linz neu,Männer,20 bis 24 Jahre,B9999,unbestimmt (nur Pst),4,20,24
9897,2019-01-31,409,Linz neu,Männer,25 bis 29 Jahre,B9999,unbestimmt (nur Pst),2,25,29
9946,2019-01-31,409,Linz neu,Männer,30 bis 34 Jahre,B9999,unbestimmt (nur Pst),2,30,34
9988,2019-01-31,409,Linz neu,Männer,35 bis 39 Jahre,B9999,unbestimmt (nur Pst),3,35,39
10027,2019-01-31,409,Linz neu,Männer,40 bis 44 Jahre,B9999,unbestimmt (nur Pst),1,40,44
10106,2019-01-31,409,Linz neu,Männer,50 bis 54 Jahre,B9999,unbestimmt (nur Pst),2,50,54
10126,2019-01-31,409,Linz neu,Männer,55 bis 59 Jahre,B9999,unbestimmt (nur Pst),1,55,59
10139,2019-01-31,411,Perg,Frauen,bis 19 Jahre,B9999,unbestimmt (nur Pst),1,0,19
10219,2019-01-31,411,Perg,Frauen,40 bis 44 Jahre,B9999,unbestimmt (nur Pst),2,40,44
10268,2019-01-31,411,Perg,Männer,bis 19 Jahre,B9999,unbestimmt (nur Pst),1,0,19
10387,2019-01-31,412,Ried im Innkreis,Frauen,bis 19 Jahre,B9999,unbestimmt (nur Pst),3,0,19
10409,2019-01-31,412,Ried im Innkreis,Frauen,20 bis 24 Jahre,B9999,unbestimmt (nur Pst),1,20,24
10446,2019-01-31,412,Ried im Innkreis,Frauen,30 bis 34 Jahre,B9999,unbestimmt (nur Pst),3,30,34
10459,2019-01-31,412,Ried im Innkreis,Frauen,35 bis 39 Jahre,B9999,unbestimmt (nur Pst),1,35,39
10474,2019-01-31,412,Ried im Innkreis,Frauen,40 bis 44 Jahre,B9999,unbestimmt (nur Pst),2,40,44
10524,2019-01-31,412,Ried im Innkreis,Männer,bis 19 Jahre,B9999,unbestimmt (nur Pst),6,0,19
10540,2019-01-31,412,Ried im Innkreis,Männer,20 bis 24 Jahre,B9999,unbestimmt (nur Pst),1,20,24
10562,2019-01-31,412,Ried im Innkreis,Männer,30 bis 34 Jahre,B9999,unbestimmt (nur Pst),1,30,34
10616,2019-01-31,412,Ried im Innkreis,Männer,55 bis 59 Jahre,B9999,unbestimmt (nur Pst),1,55,59
10628,2019-01-31,413,Rohrbach,Frauen,bis 19 Jahre,B9999,unbestimmt (nur Pst),1,0,19
10771,2019-01-31,413,Rohrbach,Männer,35 bis 39 Jahre,B9999,unbestimmt (nur Pst),1,35,39
10998,2019-01-31,415,Steyr,Frauen,bis 19 Jahre,B9999,unbestimmt (nur Pst),10,0,19
11028,2019-01-31,415,Steyr,Frauen,20 bis 24 Jahre,B9999,unbestimmt (nur Pst),5,20,24
11054,2019-01-31,415,Steyr,Frauen,25 bis 29 Jahre,B9999,unbestimmt (nur Pst),1,25,29
11074,2019-01-31,415,Steyr,Frauen,30 bis 34 Jahre,B9999,unbestimmt (nur Pst),1,30,34
11166,2019-01-31,415,Steyr,Frauen,55 bis 59 Jahre,B9999,unbestimmt (nur Pst),1,55,59
11205,2019-01-31,415,Steyr,Männer,bis 19 Jahre,B9999,unbestimmt (nur Pst),13,0,19
11244,2019-01-31,415,Steyr,Männer,20 bis 24 Jahre,B9999,unbestimmt (nur Pst),3,20,24
11288,2019-01-31,415,Steyr,Männer,30 bis 34 Jahre,B9999,unbestimmt (nur Pst),1,30,34
11324,2019-01-31,415,Steyr,Männer,40 bis 44 Jahre,B9999,unbestimmt (nur Pst),1,40,44
11378,2019-01-31,418,Vöcklabruck,Frauen,bis 19 Jahre,B9999,unbestimmt (nur Pst),8,0,19
11398,2019-01-31,418,Vöcklabruck,Frauen,20 bis 24 Jahre,B9999,unbestimmt (nur Pst),1,20,24
11489,2019-01-31,418,Vöcklabruck,Frauen,40 bis 44 Jahre,B9999,unbestimmt (nur Pst),1,40,44
11572,2019-01-31,418,Vöcklabruck,Männer,bis 19 Jahre,B9999,unbestimmt (nur Pst),5,0,19
11637,2019-01-31,418,Vöcklabruck,Männer,30 bis 34 Jahre,B9999,unbestimmt (nur Pst),1,30,34
11835,2019-01-31,419,Wels,Frauen,35 bis 39 Jahre,B9999,unbestimmt (nur Pst),2,35,39
11878,2019-01-31,419,Wels,Frauen,45 bis 49 Jahre,B9999,unbestimmt (nur Pst),1,45,49
12018,2019-01-31,419,Wels,Männer,35 bis 39 Jahre,B9999,unbestimmt (nur Pst),1,35,39
12071,2019-01-31,419,Wels,Männer,50 bis 54 Jahre,B9999,unbestimmt (nur Pst),1,50,54
12114,2019-01-31,421,Traun,Frauen,bis 19 Jahre,B9999,unbestimmt (nur Pst),4,0,19
12140,2019-01-31,421,Traun,Frauen,20 bis 24 Jahre,B9999,unbestimmt (nur Pst),1,20,24
12169,2019-01-31,421,Traun,Frauen,25 bis 29 Jahre,B9999,unbestimmt (nur Pst),1,25,29
12193,2019-01-31,421,Traun,Frauen,30 bis 34 Jahre,B9999,unbestimmt (nur Pst),1,30,34
12340,2019-01-31,421,Traun,Männer,bis 19 Jahre,B9999,unbestimmt (nur Pst),5,0,19
12375,2019-01-31,421,Traun,Männer,20 bis 24 Jahre,B9999,unbestimmt (nur Pst),1,20,24
12455,2019-01-31,421,Traun,Männer,35 bis 39 Jahre,B9999,unbestimmt (nur Pst),1,35,39
12521,2019-01-31,421,Traun,Männer,55 bis 59 Jahre,B9999,unbestimmt (nur Pst),1,55,59
12543,2019-01-31,501,Bischofshofen,Frauen,bis 19 Jahre,B9999,unbestimmt (nur Pst),3,0,19
12561,2019-01-31,501,Bischofshofen,Frauen,20 bis 24 Jahre,B9999,unbestimmt (nur Pst),1,20,24
12588,2019-01-31,501,Bischofshofen,Frauen,30 bis 34 Jahre,B9999,unbestimmt (nur Pst),2,30,34
12611,2019-01-31,501,Bischofshofen,Frauen,35 bis 39 Jahre,B9999,unbestimmt (nur Pst),1,35,39
12626,2019-01-31,501,Bischofshofen,Frauen,40 bis 44 Jahre,B9999,unbestimmt (nur Pst),1,40,44
12675,2019-01-31,501,Bischofshofen,Männer,bis 19 Jahre,B9999,unbestimmt (nur Pst),1,0,19
12742,2019-01-31,501,Bischofshofen,Männer,45 bis 49 Jahre,B9999,unbestimmt (nur Pst),1,45,49
12769,2019-01-31,503,Hallein,Frauen,bis 19 Jahre,B9999,unbestimmt (nur Pst),4,0,19
13095,2019-01-31,504,Salzburg,Frauen,35 bis 39 Jahre,B9999,unbestimmt (nur Pst),3,35,39
13127,2019-01-31,504,Salzburg,Frauen,40 bis 44 Jahre,B9999,unbestimmt (nur Pst),1,40,44
13178,2019-01-31,504,Salzburg,Frauen,50 bis 54 Jahre,B9999,unbestimmt (nur Pst),1,50,54
13188,2019-01-31,504,Salzburg,Frauen,55 bis 59 Jahre,B9999,unbestimmt (nur Pst),1,55,59
13280,2019-01-31,504,Salzburg,Männer,20 bis 24 Jahre,B9999,unbestimmt (nur Pst),1,20,24
13413,2019-01-31,504,Salzburg,Männer,35 bis 39 Jahre,B9999,unbestimmt (nur Pst),1,35,39
13447,2019-01-31,504,Salzburg,Männer,40 bis 44 Jahre,B9999,unbestimmt (nur Pst),1,40,44
13471,2019-01-31,504,Salzburg,Männer,45 bis 49 Jahre,B9999,unbestimmt (nur Pst),1,45,49
13493,2019-01-31,504,Salzburg,Männer,50 bis 54 Jahre,B9999,unbestimmt (nur Pst),1,50,54
13509,2019-01-31,504,Salzburg,Männer,55 bis 59 Jahre,B9999,unbestimmt (nur Pst),1,55,59
13572,2019-01-31,506,Zell am See,Frauen,bis 19 Jahre,B9999,unbestimmt (nur Pst),3,0,19
13587,2019-01-31,506,Zell am See,Frauen,20 bis 24 Jahre,B9999,unbestimmt (nur Pst),2,20,24
13600,2019-01-31,506,Zell am See,Frauen,25 bis 29 Jahre,B9999,unbestimmt (nur Pst),1,25,29
13617,2019-01-31,506,Zell am See,Frauen,30 bis 34 Jahre,B9999,unbestimmt (nur Pst),1,30,34
13648,2019-01-31,506,Zell am See,Frauen,45 bis 49 Jahre,B9999,unbestimmt (nur Pst),2,45,49
13673,2019-01-31,506,Zell am See,Männer,bis 19 Jahre,B9999,unbestimmt (nur Pst),4,0,19
13692,2019-01-31,506,Zell am See,Männer,20 bis 24 Jahre,B9999,unbestimmt (nur Pst),1,20,24
13753,2019-01-31,601,Bruck/Mur,Frauen,bis 19 Jahre,B9999,unbestimmt (nur Pst),4,0,19
13776,2019-01-31,601,Bruck/Mur,Frauen,20 bis 24 Jahre,B9999,unbestimmt (nur Pst),5,20,24
13829,2019-01-31,601,Bruck/Mur,Frauen,40 bis 44 Jahre,B9999,unbestimmt (nur Pst),2,40,44
13850,2019-01-31,601,Bruck/Mur,Frauen,50 bis 54 Jahre,B9999,unbestimmt (nur Pst),1,50,54
13871,2019-01-31,601,Bruck/Mur,Männer,bis 19 Jahre,B9999,unbestimmt (nur Pst),7,0,19
13911,2019-01-31,601,Bruck/Mur,Männer,25 bis 29 Jahre,B9999,unbestimmt (nur Pst),2,25,29
14008,2019-01-31,603,Deutschlandsberg,Frauen,20 bis 24 Jahre,B9999,unbestimmt (nur Pst),1,20,24
14109,2019-01-31,603,Deutschlandsberg,Männer,bis 19 Jahre,B9999,unbestimmt (nur Pst),1,0,19
14219,2019-01-31,604,Feldbach,Frauen,bis 19 Jahre,B9999,unbestimmt (nur Pst),3,0,19
14378,2019-01-31,604,Feldbach,Männer,bis 19 Jahre,B9999,unbestimmt (nur Pst),3,0,19
14515,2019-01-31,606,Gleisdorf,Frauen,20 bis 24 Jahre,B9999,unbestimmt (nur Pst),1,20,24
14597,2019-01-31,606,Gleisdorf,Männer,bis 19 Jahre,B9999,unbestimmt (nur Pst),2,0,19
14665,2019-01-31,609,Hartberg,Frauen,bis 19 Jahre,B9999,unbestimmt (nur Pst),4,0,19
14793,2019-01-31,609,Hartberg,Frauen,45 bis 49 Jahre,B9999,unbestimmt (nur Pst),1,45,49
14814,2019-01-31,609,Hartberg,Frauen,55 bis 59 Jahre,B9999,unbestimmt (nur Pst),1,55,59
14837,2019-01-31,609,Hartberg,Männer,bis 19 Jahre,B9999,unbestimmt (nur Pst),2,0,19
14869,2019-01-31,609,Hartberg,Männer,20 bis 24 Jahre,B9999,unbestimmt (nur Pst),2,20,24
14978,2019-01-31,610,Judenburg,Frauen,bis 19 Jahre,B9999,unbestimmt (nur Pst),1,0,19
14993,2019-01-31,610,Judenburg,Frauen,20 bis 24 Jahre,B9999,unbestimmt (nur Pst),2,20,24
15007,2019-01-31,610,Judenburg,Frauen,25 bis 29 Jahre,B9999,unbestimmt (nur Pst),3,25,29
15032,2019-01-31,610,Judenburg,Frauen,35 bis 39 Jahre,B9999,unbestimmt (nur Pst),1,35,39
15039,2019-01-31,610,Judenburg,Frauen,40 bis 44 Jahre,B9999,unbestimmt (nur Pst),1,40,44
15074,2019-01-31,610,Judenburg,Männer,bis 19 Jahre,B9999,unbestimmt (nur Pst),8,0,19
15095,2019-01-31,610,Judenburg,Männer,20 bis 24 Jahre,B9999,unbestimmt (nur Pst),1,20,24
15107,2019-01-31,610,Judenburg,Männer,25 bis 29 Jahre,B9999,unbestimmt (nur Pst),1,25,29
15144,2019-01-31,611,Murau,Frauen,bis 19 Jahre,B9999,unbestimmt (nur Pst),3,0,19
15150,2019-01-31,611,Murau,Frauen,20 bis 24 Jahre,B9999,unbestimmt (nur Pst),3,20,24
15188,2019-01-31,611,Murau,Männer,bis 19 Jahre,B9999,unbestimmt (nur Pst),1,0,19
15218,2019-01-31,611,Murau,Männer,35 bis 39 Jahre,B9999,unbestimmt (nur Pst),1,35,39
15243,2019-01-31,613,Knittelfeld,Frauen,bis 19 Jahre,B9999,unbestimmt (nur Pst),3,0,19
15369,2019-01-31,614,Leibnitz,Frauen,bis 19 Jahre,B9999,unbestimmt (nur Pst),1,0,19
15388,2019-01-31,614,Leibnitz,Frauen,20 bis 24 Jahre,B9999,unbestimmt (nur Pst),2,20,24
15425,2019-01-31,614,Leibnitz,Frauen,30 bis 34 Jahre,B9999,unbestimmt (nur Pst),2,30,34
15471,2019-01-31,614,Leibnitz,Frauen,45 bis 49 Jahre,B9999,unbestimmt (nur Pst),1,45,49
15509,2019-01-31,614,Leibnitz,Männer,bis 19 Jahre,B9999,unbestimmt (nur Pst),3,0,19
15538,2019-01-31,614,Leibnitz,Männer,20 bis 24 Jahre,B9999,unbestimmt (nur Pst),3,20,24
15571,2019-01-31,614,Leibnitz,Männer,30 bis 34 Jahre,B9999,unbestimmt (nur Pst),1,30,34
15634,2019-01-31,616,Leoben,Frauen,bis 19 Jahre,B9999,unbestimmt (nur Pst),3,0,19
15657,2019-01-31,616,Leoben,Frauen,20 bis 24 Jahre,B9999,unbestimmt (nur Pst),2,20,24
15681,2019-01-31,616,Leoben,Frauen,25 bis 29 Jahre,B9999,unbestimmt (nur Pst),1,25,29
15770,2019-01-31,616,Leoben,Männer,bis 19 Jahre,B9999,unbestimmt (nur Pst),7,0,19
15793,2019-01-31,616,Leoben,Männer,20 bis 24 Jahre,B9999,unbestimmt (nur Pst),3,20,24
15812,2019-01-31,616,Leoben,Männer,25 bis 29 Jahre,B9999,unbestimmt (nur Pst),1,25,29
15869,2019-01-31,618,Liezen,Frauen,bis 19 Jahre,B9999,unbestimmt (nur Pst),3,0,19
15930,2019-01-31,618,Liezen,Frauen,40 bis 44 Jahre,B9999,unbestimmt (nur Pst),1,40,44
15981,2019-01-31,618,Liezen,Männer,bis 19 Jahre,B9999,unbestimmt (nur Pst),2,0,19
16091,2019-01-31,621,Mürzzuschlag,Frauen,bis 19 Jahre,B9999,unbestimmt (nur Pst),3,0,19
16107,2019-01-31,621,Mürzzuschlag,Frauen,20 bis 24 Jahre,B9999,unbestimmt (nur Pst),3,20,24
16117,2019-01-31,621,Mürzzuschlag,Frauen,25 bis 29 Jahre,B9999,unbestimmt (nur Pst),1,25,29
16148,2019-01-31,621,Mürzzuschlag,Frauen,40 bis 44 Jahre,B9999,unbestimmt (nur Pst),1,40,44
16184,2019-01-31,621,Mürzzuschlag,Männer,bis 19 Jahre,B9999,unbestimmt (nur Pst),1,0,19
16200,2019-01-31,621,Mürzzuschlag,Männer,20 bis 24 Jahre,B9999,unbestimmt (nur Pst),2,20,24
16273,2019-01-31,622,Voitsberg,Frauen,bis 19 Jahre,B9999,unbestimmt (nur Pst),2,0,19
16298,2019-01-31,622,Voitsberg,Frauen,20 bis 24 Jahre,B9999,unbestimmt (nur Pst),2,20,24
16389,2019-01-31,622,Voitsberg,Männer,bis 19 Jahre,B9999,unbestimmt (nur Pst),2,0,19
16489,2019-01-31,623,Weiz,Frauen,bis 19 Jahre,B9999,unbestimmt (nur Pst),1,0,19
16544,2019-01-31,623,Weiz,Frauen,40 bis 44 Jahre,B9999,unbestimmt (nur Pst),2,40,44
16557,2019-01-31,623,Weiz,Frauen,45 bis 49 Jahre,B9999,unbestimmt (nur Pst),1,45,49
16596,2019-01-31,623,Weiz,Männer,20 bis 24 Jahre,B9999,unbestimmt (nur Pst),2,20,24
16633,2019-01-31,623,Weiz,Männer,45 bis 49 Jahre,B9999,unbestimmt (nur Pst),1,45,49
16690,2019-01-31,630,Graz-West und Umgebung,Frauen,bis 19 Jahre,B9999,unbestimmt (nur Pst),9,0,19
16747,2019-01-31,630,Graz-West und Umgebung,Frauen,20 bis 24 Jahre,B9999,unbestimmt (nur Pst),7,20,24
16793,2019-01-31,630,Graz-West und Umgebung,Frauen,25 bis 29 Jahre,B9999,unbestimmt (nur Pst),1,25,29
16926,2019-01-31,630,Graz-West und Umgebung,Frauen,40 bis 44 Jahre,B9999,unbestimmt (nur Pst),1,40,44
17045,2019-01-31,630,Graz-West und Umgebung,Männer,bis 19 Jahre,B9999,unbestimmt (nur Pst),10,0,19
17125,2019-01-31,630,Graz-West und Umgebung,Männer,20 bis 24 Jahre,B9999,unbestimmt (nur Pst),6,20,24
17185,2019-01-31,630,Graz-West und Umgebung,Männer,25 bis 29 Jahre,B9999,unbestimmt (nur Pst),2,25,29
17444,2019-01-31,631,Graz-Ost,Frauen,bis 19 Jahre,B9999,unbestimmt (nur Pst),5,0,19
17477,2019-01-31,631,Graz-Ost,Frauen,20 bis 24 Jahre,B9999,unbestimmt (nur Pst),2,20,24
17563,2019-01-31,631,Graz-Ost,Frauen,30 bis 34 Jahre,B9999,unbestimmt (nur Pst),1,30,34
17601,2019-01-31,631,Graz-Ost,Frauen,35 bis 39 Jahre,B9999,unbestimmt (nur Pst),1,35,39
17694,2019-01-31,631,Graz-Ost,Frauen,55 bis 59 Jahre,B9999,unbestimmt (nur Pst),1,55,59
17730,2019-01-31,631,Graz-Ost,Männer,bis 19 Jahre,B9999,unbestimmt (nur Pst),2,0,19
17772,2019-01-31,631,Graz-Ost,Männer,20 bis 24 Jahre,B9999,unbestimmt (nur Pst),1,20,24
17815,2019-01-31,631,Graz-Ost,Männer,25 bis 29 Jahre,B9999,unbestimmt (nur Pst),1,25,29
17935,2019-01-31,631,Graz-Ost,Männer,50 bis 54 Jahre,B9999,unbestimmt (nur Pst),1,50,54
17949,2019-01-31,701,Imst,Frauen,bis 19 Jahre,B9999,unbestimmt (nur Pst),3,0,19
17995,2019-01-31,701,Imst,Männer,bis 19 Jahre,B9999,unbestimmt (nur Pst),3,0,19
18010,2019-01-31,701,Imst,Männer,25 bis 29 Jahre,B9999,unbestimmt (nur Pst),1,25,29
18049,2019-01-31,702,Innsbruck,Frauen,bis 19 Jahre,B9999,unbestimmt (nur Pst),1,0,19
18072,2019-01-31,702,Innsbruck,Frauen,20 bis 24 Jahre,B9999,unbestimmt (nur Pst),3,20,24
18103,2019-01-31,702,Innsbruck,Frauen,25 bis 29 Jahre,B9999,unbestimmt (nur Pst),2,25,29
18132,2019-01-31,702,Innsbruck,Frauen,30 bis 34 Jahre,B9999,unbestimmt (nur Pst),1,30,34
18162,2019-01-31,702,Innsbruck,Frauen,35 bis 39 Jahre,B9999,unbestimmt (nur Pst),3,35,39
18210,2019-01-31,702,Innsbruck,Frauen,45 bis 49 Jahre,B9999,unbestimmt (nur Pst),3,45,49
18235,2019-01-31,702,Innsbruck,Frauen,50 bis 54 Jahre,B9999,unbestimmt (nur Pst),3,50,54
18277,2019-01-31,702,Innsbruck,Männer,bis 19 Jahre,B9999,unbestimmt (nur Pst),1,0,19
18315,2019-01-31,702,Innsbruck,Männer,20 bis 24 Jahre,B9999,unbestimmt (nur Pst),3,20,24
18352,2019-01-31,702,Innsbruck,Männer,25 bis 29 Jahre,B9999,unbestimmt (nur Pst),4,25,29
18393,2019-01-31,702,Innsbruck,Männer,30 bis 34 Jahre,B9999,unbestimmt (nur Pst),2,30,34
18427,2019-01-31,702,Innsbruck,Männer,35 bis 39 Jahre,B9999,unbestimmt (nur Pst),11,35,39
18468,2019-01-31,702,Innsbruck,Männer,40 bis 44 Jahre,B9999,unbestimmt (nur Pst),3,40,44
18494,2019-01-31,702,Innsbruck,Männer,45 bis 49 Jahre,B9999,unbestimmt (nur Pst),1,45,49
18529,2019-01-31,702,Innsbruck,Männer,55 bis 59 Jahre,B9999,unbestimmt (nur Pst),1,55,59
18532,2019-01-31,702,Innsbruck,Männer,60 bis 64 Jahre,B9999,unbestimmt (nur Pst),1,60,64
18604,2019-01-31,705,Kufstein,Frauen,bis 19 Jahre,B9999,unbestimmt (nur Pst),4,0,19
18633,2019-01-31,705,Kufstein,Frauen,25 bis 29 Jahre,B9999,unbestimmt (nur Pst),1,25,29
18731,2019-01-31,705,Kufstein,Männer,bis 19 Jahre,B9999,unbestimmt (nur Pst),4,0,19
18752,2019-01-31,705,Kufstein,Männer,20 bis 24 Jahre,B9999,unbestimmt (nur Pst),1,20,24
18776,2019-01-31,705,Kufstein,Männer,30 bis 34 Jahre,B9999,unbestimmt (nur Pst),1,30,34
18859,2019-01-31,706,Landeck,Männer,bis 19 Jahre,B9999,unbestimmt (nur Pst),2,0,19
18867,2019-01-31,706,Landeck,Männer,20 bis 24 Jahre,B9999,unbestimmt (nur Pst),1,20,24
18889,2019-01-31,707,Lienz,Frauen,bis 19 Jahre,B9999,unbestimmt (nur Pst),1,0,19
18939,2019-01-31,707,Lienz,Männer,bis 19 Jahre,B9999,unbestimmt (nur Pst),1,0,19
18949,2019-01-31,707,Lienz,Männer,25 bis 29 Jahre,B9999,unbestimmt (nur Pst),1,25,29
19032,2019-01-31,709,Schwaz,Frauen,bis 19 Jahre,B9999,unbestimmt (nur Pst),1,0,19
19087,2019-01-31,709,Schwaz,Männer,bis 19 Jahre,B9999,unbestimmt (nur Pst),5,0,19
19114,2019-01-31,709,Schwaz,Männer,30 bis 34 Jahre,B9999,unbestimmt (nur Pst),1,30,34
19175,2019-01-31,801,Bludenz,Frauen,25 bis 29 Jahre,B9999,unbestimmt (nur Pst),1,25,29
19237,2019-01-31,801,Bludenz,Männer,bis 19 Jahre,B9999,unbestimmt (nur Pst),1,0,19
19368,2019-01-31,802,Bregenz,Frauen,20 bis 24 Jahre,B9999,unbestimmt (nur Pst),1,20,24
19391,2019-01-31,802,Bregenz,Frauen,25 bis 29 Jahre,B9999,unbestimmt (nur Pst),1,25,29
19529,2019-01-31,802,Bregenz,Männer,bis 19 Jahre,B9999,unbestimmt (nur Pst),2,0,19
19569,2019-01-31,802,Bregenz,Männer,20 bis 24 Jahre,B9999,unbestimmt (nur Pst),3,20,24
19599,2019-01-31,802,Bregenz,Männer,25 bis 29 Jahre,B9999,unbestimmt (nur Pst),1,25,29
19617,2019-01-31,802,Bregenz,Männer,30 bis 34 Jahre,B9999,unbestimmt (nur Pst),1,30,34
19668,2019-01-31,802,Bregenz,Männer,55 bis 59 Jahre,B9999,unbestimmt (nur Pst),1,55,59
19692,2019-01-31,804,Dornbirn,Frauen,bis 19 Jahre,B9999,unbestimmt (nur Pst),1,0,19
19781,2019-01-31,804,Dornbirn,Frauen,40 bis 44 Jahre,B9999,unbestimmt (nur Pst),1,40,44
19843,2019-01-31,804,Dornbirn,Männer,bis 19 Jahre,B9999,unbestimmt (nur Pst),1,0,19
19875,2019-01-31,804,Dornbirn,Männer,20 bis 24 Jahre,B9999,unbestimmt (nur Pst),1,20,24
19989,2019-01-31,805,Feldkirch,Frauen,bis 19 Jahre,B9999,unbestimmt (nur Pst),4,0,19
20019,2019-01-31,805,Feldkirch,Frauen,20 bis 24 Jahre,B9999,unbestimmt (nur Pst),2,20,24
20139,2019-01-31,805,Feldkirch,Frauen,55 bis 59 Jahre,B9999,unbestimmt (nur Pst),1,55,59
20168,2019-01-31,805,Feldkirch,Männer,bis 19 Jahre,B9999,unbestimmt (nur Pst),3,0,19
20210,2019-01-31,805,Feldkirch,Männer,20 bis 24 Jahre,B9999,unbestimmt (nur Pst),2,20,24
20232,2019-01-31,805,Feldkirch,Männer,25 bis 29 Jahre,B9999,unbestimmt (nur Pst),1,25,29
20260,2019-01-31,805,Feldkirch,Männer,35 bis 39 Jahre,B9999,unbestimmt (nur Pst),1,35,39
20568,2019-01-31,958,Wien Johnstraße,Männer,20 bis 24 Jahre,B9999,unbestimmt (nur Pst),1,20,24
21119,2019-01-31,959,Wien Hauffgasse,Männer,20 bis 24 Jahre,B9999,unbestimmt (nur Pst),1,20,24
22579,2019-01-31,961,Wien Dresdner Straße,Männer,40 bis 44 Jahre,B9999,unbestimmt (nur Pst),1,40,44
22709,2019-01-31,961,Wien Dresdner Straße,Männer,55 bis 59 Jahre,B9999,unbestimmt (nur Pst),1,55,59
24037,2019-01-31,964,Wien Favoritenstraße,Frauen,25 bis 29 Jahre,B9999,unbestimmt (nur Pst),1,25,29
24095,2019-01-31,964,Wien Favoritenstraße,Frauen,30 bis 34 Jahre,B9999,unbestimmt (nur Pst),1,30,34
24151,2019-01-31,964,Wien Favoritenstraße,Frauen,35 bis 39 Jahre,B9999,unbestimmt (nur Pst),1,35,39
24381,2019-01-31,964,Wien Favoritenstraße,Männer,20 bis 24 Jahre,B9999,unbestimmt (nur Pst),1,20,24
25150,2019-01-31,965,Wien Schönbrunner Straße,Männer,20 bis 24 Jahre,B9999,unbestimmt (nur Pst),2,20,24
25329,2019-01-31,965,Wien Schönbrunner Straße,Männer,35 bis 39 Jahre,B9999,unbestimmt (nur Pst),1,35,39
25836,2019-01-31,966,Wien Hietzinger Kai,Männer,20 bis 24 Jahre,B9999,unbestimmt (nur Pst),1,20,24
25883,2019-01-31,966,Wien Hietzinger Kai,Männer,25 bis 29 Jahre,B9999,unbestimmt (nur Pst),1,25,29
26008,2019-01-31,966,Wien Hietzinger Kai,Männer,40 bis 44 Jahre,B9999,unbestimmt (nur Pst),1,40,44
26180,2019-01-31,967,Wien Huttengasse,Frauen,25 bis 29 Jahre,B9999,unbestimmt (nur Pst),1,25,29
26294,2019-01-31,967,Wien Huttengasse,Frauen,35 bis 39 Jahre,B9999,unbestimmt (nur Pst),1,35,39
26438,2019-01-31,967,Wien Huttengasse,Frauen,55 bis 59 Jahre,B9999,unbestimmt (nur Pst),1,55,59
26503,2019-01-31,967,Wien Huttengasse,Männer,20 bis 24 Jahre,B9999,unbestimmt (nur Pst),1,20,24
26721,2019-01-31,967,Wien Huttengasse,Männer,35 bis 39 Jahre,B9999,unbestimmt (nur Pst),1,35,39
27290,2019-01-31,968,Wien Schloßhofer Straße,Männer,20 bis 24 Jahre,B9999,unbestimmt (nur Pst),1,20,24
28258,2019-01-31,970,Wien Jugendliche,Frauen,bis 19 Jahre,B9999,unbestimmt (nur Pst),52,0,19
28337,2019-01-31,970,Wien Jugendliche,Frauen,20 bis 24 Jahre,B9999,unbestimmt (nur Pst),6,20,24
28441,2019-01-31,970,Wien Jugendliche,Männer,bis 19 Jahre,B9999,unbestimmt (nur Pst),40,0,19
28538,2019-01-31,970,Wien Jugendliche,Männer,20 bis 24 Jahre,B9999,unbestimmt (nur Pst),9,20,24
28554,2019-02-28,101,Eisenstadt,Frauen,bis 19 Jahre,B9999,unbestimmt (nur Pst),1,0,19
28818,2019-02-28,102,Mattersburg,Männer,bis 19 Jahre,B9999,unbestimmt (nur Pst),2,0,19
28966,2019-02-28,103,Neusiedl am See,Männer,30 bis 34 Jahre,B9999,unbestimmt (nur Pst),1,30,34
29807,2019-02-28,202,Hermagor,Frauen,40 bis 44 Jahre,B9999,unbestimmt (nur Pst),1,40,44
29856,2019-02-28,203,Klagenfurt,Frauen,bis 19 Jahre,B9999,unbestimmt (nur Pst),1,0,19
29891,2019-02-28,203,Klagenfurt,Frauen,20 bis 24 Jahre,B9999,unbestimmt (nur Pst),3,20,24
29917,2019-02-28,203,Klagenfurt,Frauen,25 bis 29 Jahre,B9999,unbestimmt (nur Pst),1,25,29
29944,2019-02-28,203,Klagenfurt,Frauen,30 bis 34 Jahre,B9999,unbestimmt (nur Pst),1,30,34
29991,2019-02-28,203,Klagenfurt,Frauen,40 bis 44 Jahre,B9999,unbestimmt (nur Pst),1,40,44
30011,2019-02-28,203,Klagenfurt,Frauen,45 bis 49 Jahre,B9999,unbestimmt (nur Pst),1,45,49
30043,2019-02-28,203,Klagenfurt,Frauen,55 bis 59 Jahre,B9999,unbestimmt (nur Pst),1,55,59
30120,2019-02-28,203,Klagenfurt,Männer,20 bis 24 Jahre,B9999,unbestimmt (nur Pst),4,20,24
30178,2019-02-28,203,Klagenfurt,Männer,30 bis 34 Jahre,B9999,unbestimmt (nur Pst),1,30,34
30222,2019-02-28,203,Klagenfurt,Männer,40 bis 44 Jahre,B9999,unbestimmt (nur Pst),1,40,44
30258,2019-02-28,203,Klagenfurt,Männer,50 bis 54 Jahre,B9999,unbestimmt (nur Pst),1,50,54
30282,2019-02-28,204,Spittal/Drau,Frauen,bis 19 Jahre,B9999,unbestimmt (nur Pst),1,0,19
30686,2019-02-28,206,Villach,Frauen,bis 19 Jahre,B9999,unbestimmt (nur Pst),1,0,19
30737,2019-02-28,206,Villach,Frauen,25 bis 29 Jahre,B9999,unbestimmt (nur Pst),1,25,29
30856,2019-02-28,206,Villach,Frauen,50 bis 54 Jahre,B9999,unbestimmt (nur Pst),1,50,54
31257,2019-02-28,208,Wolfsberg,Frauen,20 bis 24 Jahre,B9999,unbestimmt (nur Pst),1,20,24
31433,2019-02-28,301,Amstetten,Frauen,bis 19 Jahre,B9999,unbestimmt (nur Pst),5,0,19
31456,2019-02-28,301,Amstetten,Frauen,20 bis 24 Jahre,B9999,unbestimmt (nur Pst),1,20,24
31518,2019-02-28,301,Amstetten,Frauen,35 bis 39 Jahre,B9999,unbestimmt (nur Pst),1,35,39
31593,2019-02-28,301,Amstetten,Männer,bis 19 Jahre,B9999,unbestimmt (nur Pst),6,0,19
31732,2019-02-28,304,Baden neu,Frauen,bis 19 Jahre,B9999,unbestimmt (nur Pst),8,0,19
31771,2019-02-28,304,Baden neu,Frauen,20 bis 24 Jahre,B9999,unbestimmt (nur Pst),6,20,24
31796,2019-02-28,304,Baden neu,Frauen,25 bis 29 Jahre,B9999,unbestimmt (nur Pst),2,25,29
31845,2019-02-28,304,Baden neu,Frauen,35 bis 39 Jahre,B9999,unbestimmt (nur Pst),1,35,39
31865,2019-02-28,304,Baden neu,Frauen,40 bis 44 Jahre,B9999,unbestimmt (nur Pst),1,40,44
31887,2019-02-28,304,Baden neu,Frauen,45 bis 49 Jahre,B9999,unbestimmt (nur Pst),1,45,49
31907,2019-02-28,304,Baden neu,Frauen,50 bis 54 Jahre,B9999,unbestimmt (nur Pst),1,50,54
31918,2019-02-28,304,Baden neu,Frauen,55 bis 59 Jahre,B9999,unbestimmt (nur Pst),1,55,59
31949,2019-02-28,304,Baden neu,Männer,bis 19 Jahre,B9999,unbestimmt (nur Pst),12,0,19
31997,2019-02-28,304,Baden neu,Männer,20 bis 24 Jahre,B9999,unbestimmt (nur Pst),5,20,24
32019,2019-02-28,304,Baden neu,Männer,25 bis 29 Jahre,B9999,unbestimmt (nur Pst),3,25,29
32057,2019-02-28,304,Baden neu,Männer,35 bis 39 Jahre,B9999,unbestimmt (nur Pst),1,35,39
32145,2019-02-28,306,Bruck/Leitha,Frauen,bis 19 Jahre,B9999,unbestimmt (nur Pst),4,0,19
32156,2019-02-28,306,Bruck/Leitha,Frauen,20 bis 24 Jahre,B9999,unbestimmt (nur Pst),3,20,24
32197,2019-02-28,306,Bruck/Leitha,Frauen,40 bis 44 Jahre,B9999,unbestimmt (nur Pst),1,40,44
32237,2019-02-28,306,Bruck/Leitha,Männer,bis 19 Jahre,B9999,unbestimmt (nur Pst),8,0,19
32280,2019-02-28,306,Bruck/Leitha,Männer,40 bis 44 Jahre,B9999,unbestimmt (nur Pst),1,40,44
32287,2019-02-28,306,Bruck/Leitha,Männer,45 bis 49 Jahre,B9999,unbestimmt (nur Pst),1,45,49
32329,2019-02-28,308,Gänserndorf,Frauen,bis 19 Jahre,B9999,unbestimmt (nur Pst),3,0,19
32361,2019-02-28,308,Gänserndorf,Frauen,20 bis 24 Jahre,B9999,unbestimmt (nur Pst),1,20,24
32403,2019-02-28,308,Gänserndorf,Frauen,30 bis 34 Jahre,B9999,unbestimmt (nur Pst),1,30,34
32546,2019-02-28,308,Gänserndorf,Männer,bis 19 Jahre,B9999,unbestimmt (nur Pst),3,0,19
32737,2019-02-28,311,Gmünd,Frauen,35 bis 39 Jahre,B9999,unbestimmt (nur Pst),1,35,39
32822,2019-02-28,311,Gmünd,Männer,40 bis 44 Jahre,B9999,unbestimmt (nur Pst),1,40,44
32856,2019-02-28,312,Hollabrunn,Frauen,bis 19 Jahre,B9999,unbestimmt (nur Pst),2,0,19
32870,2019-02-28,312,Hollabrunn,Frauen,20 bis 24 Jahre,B9999,unbestimmt (nur Pst),1,20,24
32954,2019-02-28,312,Hollabrunn,Männer,bis 19 Jahre,B9999,unbestimmt (nur Pst),2,0,19
33033,2019-02-28,313,Horn,Frauen,bis 19 Jahre,B9999,unbestimmt (nur Pst),2,0,19
33044,2019-02-28,313,Horn,Frauen,20 bis 24 Jahre,B9999,unbestimmt (nur Pst),3,20,24
33095,2019-02-28,313,Horn,Männer,bis 19 Jahre,B9999,unbestimmt (nur Pst),3,0,19
33103,2019-02-28,313,Horn,Männer,20 bis 24 Jahre,B9999,unbestimmt (nur Pst),4,20,24
33168,2019-02-28,314,Korneuburg,Frauen,20 bis 24 Jahre,B9999,unbestimmt (nur Pst),1,20,24
33184,2019-02-28,314,Korneuburg,Frauen,25 bis 29 Jahre,B9999,unbestimmt (nur Pst),1,25,29
33240,2019-02-28,314,Korneuburg,Frauen,40 bis 44 Jahre,B9999,unbestimmt (nur Pst),1,40,44
33311,2019-02-28,314,Korneuburg,Männer,bis 19 Jahre,B9999,unbestimmt (nur Pst),11,0,19
33444,2019-02-28,315,Krems,Frauen,bis 19 Jahre,B9999,unbestimmt (nur Pst),1,0,19
33600,2019-02-28,315,Krems,Männer,bis 19 Jahre,B9999,unbestimmt (nur Pst),1,0,19
33624,2019-02-28,315,Krems,Männer,20 bis 24 Jahre,B9999,unbestimmt (nur Pst),1,20,24
33717,2019-02-28,316,Lilienfeld,Frauen,bis 19 Jahre,B9999,unbestimmt (nur Pst),2,0,19
33729,2019-02-28,316,Lilienfeld,Frauen,20 bis 24 Jahre,B9999,unbestimmt (nur Pst),2,20,24
33740,2019-02-28,316,Lilienfeld,Frauen,25 bis 29 Jahre,B9999,unbestimmt (nur Pst),1,25,29
33747,2019-02-28,316,Lilienfeld,Frauen,30 bis 34 Jahre,B9999,unbestimmt (nur Pst),2,30,34
33761,2019-02-28,316,Lilienfeld,Frauen,40 bis 44 Jahre,B9999,unbestimmt (nur Pst),1,40,44
33794,2019-02-28,316,Lilienfeld,Männer,bis 19 Jahre,B9999,unbestimmt (nur Pst),1,0,19
33826,2019-02-28,316,Lilienfeld,Männer,30 bis 34 Jahre,B9999,unbestimmt (nur Pst),1,30,34
33980,2019-02-28,317,Melk,Männer,bis 19 Jahre,B9999,unbestimmt (nur Pst),1,0,19
34098,2019-02-28,319,Mistelbach,Frauen,bis 19 Jahre,B9999,unbestimmt (nur Pst),5,0,19
34118,2019-02-28,319,Mistelbach,Frauen,20 bis 24 Jahre,B9999,unbestimmt (nur Pst),1,20,24
34134,2019-02-28,319,Mistelbach,Frauen,25 bis 29 Jahre,B9999,unbestimmt (nur Pst),1,25,29
34183,2019-02-28,319,Mistelbach,Frauen,45 bis 49 Jahre,B9999,unbestimmt (nur Pst),1,45,49
34221,2019-02-28,319,Mistelbach,Männer,bis 19 Jahre,B9999,unbestimmt (nur Pst),3,0,19
34324,2019-02-28,321,Mödling,Frauen,bis 19 Jahre,B9999,unbestimmt (nur Pst),1,0,19
34345,2019-02-28,321,Mödling,Frauen,20 bis 24 Jahre,B9999,unbestimmt (nur Pst),1,20,24
34435,2019-02-28,321,Mödling,Frauen,40 bis 44 Jahre,B9999,unbestimmt (nur Pst),1,40,44
34496,2019-02-28,321,Mödling,Männer,bis 19 Jahre,B9999,unbestimmt (nur Pst),9,0,19
34534,2019-02-28,321,Mödling,Männer,20 bis 24 Jahre,B9999,unbestimmt (nur Pst),2,20,24
34551,2019-02-28,321,Mödling,Männer,25 bis 29 Jahre,B9999,unbestimmt (nur Pst),1,25,29
34656,2019-02-28,323,Neunkirchen,Frauen,bis 19 Jahre,B9999,unbestimmt (nur Pst),1,0,19
34687,2019-02-28,323,Neunkirchen,Frauen,20 bis 24 Jahre,B9999,unbestimmt (nur Pst),1,20,24
34961,2019-02-28,326,St. Pölten,Frauen,bis 19 Jahre,B9999,unbestimmt (nur Pst),5,0,19
34997,2019-02-28,326,St. Pölten,Frauen,20 bis 24 Jahre,B9999,unbestimmt (nur Pst),1,20,24
35020,2019-02-28,326,St. Pölten,Frauen,25 bis 29 Jahre,B9999,unbestimmt (nur Pst),1,25,29
35050,2019-02-28,326,St. Pölten,Frauen,30 bis 34 Jahre,B9999,unbestimmt (nur Pst),2,30,34
35211,2019-02-28,326,St. Pölten,Männer,bis 19 Jahre,B9999,unbestimmt (nur Pst),3,0,19
35252,2019-02-28,326,St. Pölten,Männer,20 bis 24 Jahre,B9999,unbestimmt (nur Pst),2,20,24
35453,2019-02-28,328,Scheibbs,Frauen,bis 19 Jahre,B9999,unbestimmt (nur Pst),4,0,19
35485,2019-02-28,328,Scheibbs,Frauen,35 bis 39 Jahre,B9999,unbestimmt (nur Pst),1,35,39
35514,2019-02-28,328,Scheibbs,Männer,bis 19 Jahre,B9999,unbestimmt (nur Pst),2,0,19
35569,2019-02-28,329,Schwechat,Frauen,bis 19 Jahre,B9999,unbestimmt (nur Pst),2,0,19
35706,2019-02-28,329,Schwechat,Männer,bis 19 Jahre,B9999,unbestimmt (nur Pst),1,0,19
35838,2019-02-28,331,Tulln,Frauen,bis 19 Jahre,B9999,unbestimmt (nur Pst),6,0,19
35863,2019-02-28,331,Tulln,Frauen,20 bis 24 Jahre,B9999,unbestimmt (nur Pst),1,20,24
35879,2019-02-28,331,Tulln,Frauen,25 bis 29 Jahre,B9999,unbestimmt (nur Pst),3,25,29
35913,2019-02-28,331,Tulln,Frauen,35 bis 39 Jahre,B9999,unbestimmt (nur Pst),1,35,39
35928,2019-02-28,331,Tulln,Frauen,40 bis 44 Jahre,B9999,unbestimmt (nur Pst),1,40,44
35955,2019-02-28,331,Tulln,Frauen,50 bis 54 Jahre,B9999,unbestimmt (nur Pst),1,50,54
35978,2019-02-28,331,Tulln,Männer,bis 19 Jahre,B9999,unbestimmt (nur Pst),8,0,19
36000,2019-02-28,331,Tulln,Männer,20 bis 24 Jahre,B9999,unbestimmt (nur Pst),2,20,24
36018,2019-02-28,331,Tulln,Männer,25 bis 29 Jahre,B9999,unbestimmt (nur Pst),1,25,29
36077,2019-02-28,331,Tulln,Männer,50 bis 54 Jahre,B9999,unbestimmt (nur Pst),1,50,54
36099,2019-02-28,332,Waidhofen/Thaya,Frauen,bis 19 Jahre,B9999,unbestimmt (nur Pst),1,0,19
36151,2019-02-28,332,Waidhofen/Thaya,Männer,bis 19 Jahre,B9999,unbestimmt (nur Pst),1,0,19
36246,2019-02-28,333,Waidhofen/Ybbs,Männer,bis 19 Jahre,B9999,unbestimmt (nur Pst),1,0,19
36299,2019-02-28,334,Wr. Neustadt,Frauen,bis 19 Jahre,B9999,unbestimmt (nur Pst),5,0,19
36329,2019-02-28,334,Wr. Neustadt,Frauen,20 bis 24 Jahre,B9999,unbestimmt (nur Pst),1,20,24
36463,2019-02-28,334,Wr. Neustadt,Frauen,50 bis 54 Jahre,B9999,unbestimmt (nur Pst),1,50,54
36506,2019-02-28,334,Wr. Neustadt,Männer,bis 19 Jahre,B9999,unbestimmt (nur Pst),3,0,19
36545,2019-02-28,334,Wr. Neustadt,Männer,20 bis 24 Jahre,B9999,unbestimmt (nur Pst),2,20,24
36756,2019-02-28,335,Zwettl,Männer,bis 19 Jahre,B9999,unbestimmt (nur Pst),1,0,19
36819,2019-02-28,401,Braunau,Frauen,bis 19 Jahre,B9999,unbestimmt (nur Pst),8,0,19
36870,2019-02-28,401,Braunau,Frauen,25 bis 29 Jahre,B9999,unbestimmt (nur Pst),2,25,29
36885,2019-02-28,401,Braunau,Frauen,30 bis 34 Jahre,B9999,unbestimmt (nur Pst),2,30,34
36937,2019-02-28,401,Braunau,Frauen,45 bis 49 Jahre,B9999,unbestimmt (nur Pst),1,45,49
36952,2019-02-28,401,Braunau,Frauen,50 bis 54 Jahre,B9999,unbestimmt (nur Pst),1,50,54
36980,2019-02-28,401,Braunau,Männer,bis 19 Jahre,B9999,unbestimmt (nur Pst),11,0,19
37013,2019-02-28,401,Braunau,Männer,20 bis 24 Jahre,B9999,unbestimmt (nur Pst),2,20,24
37036,2019-02-28,401,Braunau,Männer,25 bis 29 Jahre,B9999,unbestimmt (nur Pst),2,25,29
37127,2019-02-28,402,Eferding,Frauen,20 bis 24 Jahre,B9999,unbestimmt (nur Pst),1,20,24
37205,2019-02-28,402,Eferding,Männer,30 bis 34 Jahre,B9999,unbestimmt (nur Pst),1,30,34
37474,2019-02-28,404,Gmunden,Frauen,bis 19 Jahre,B9999,unbestimmt (nur Pst),1,0,19
37538,2019-02-28,404,Gmunden,Frauen,30 bis 34 Jahre,B9999,unbestimmt (nur Pst),1,30,34
37648,2019-02-28,404,Gmunden,Männer,bis 19 Jahre,B9999,unbestimmt (nur Pst),3,0,19
37696,2019-02-28,404,Gmunden,Männer,25 bis 29 Jahre,B9999,unbestimmt (nur Pst),1,25,29
37872,2019-02-28,406,Grieskirchen,Frauen,40 bis 44 Jahre,B9999,unbestimmt (nur Pst),1,40,44
37937,2019-02-28,406,Grieskirchen,Männer,20 bis 24 Jahre,B9999,unbestimmt (nur Pst),2,20,24
38009,2019-02-28,407,Kirchdorf/Krems,Frauen,bis 19 Jahre,B9999,unbestimmt (nur Pst),3,0,19
38040,2019-02-28,407,Kirchdorf/Krems,Frauen,25 bis 29 Jahre,B9999,unbestimmt (nur Pst),1,25,29
38115,2019-02-28,407,Kirchdorf/Krems,Männer,bis 19 Jahre,B9999,unbestimmt (nur Pst),2,0,19
38228,2019-02-28,409,Linz neu,Frauen,bis 19 Jahre,B9999,unbestimmt (nur Pst),20,0,19
38275,2019-02-28,409,Linz neu,Frauen,20 bis 24 Jahre,B9999,unbestimmt (nur Pst),9,20,24
38319,2019-02-28,409,Linz neu,Frauen,25 bis 29 Jahre,B9999,unbestimmt (nur Pst),7,25,29
38361,2019-02-28,409,Linz neu,Frauen,30 bis 34 Jahre,B9999,unbestimmt (nur Pst),2,30,34
38409,2019-02-28,409,Linz neu,Frauen,35 bis 39 Jahre,B9999,unbestimmt (nur Pst),4,35,39
38456,2019-02-28,409,Linz neu,Frauen,40 bis 44 Jahre,B9999,unbestimmt (nur Pst),2,40,44
38493,2019-02-28,409,Linz neu,Frauen,45 bis 49 Jahre,B9999,unbestimmt (nur Pst),1,45,49
38541,2019-02-28,409,Linz neu,Frauen,55 bis 59 Jahre,B9999,unbestimmt (nur Pst),1,55,59
38583,2019-02-28,409,Linz neu,Männer,bis 19 Jahre,B9999,unbestimmt (nur Pst),27,0,19
38655,2019-02-28,409,Linz neu,Männer,20 bis 24 Jahre,B9999,unbestimmt (nur Pst),3,20,24
38716,2019-02-28,409,Linz neu,Männer,25 bis 29 Jahre,B9999,unbestimmt (nur Pst),1,25,29
38765,2019-02-28,409,Linz neu,Männer,30 bis 34 Jahre,B9999,unbestimmt (nur Pst),2,30,34
38814,2019-02-28,409,Linz neu,Männer,35 bis 39 Jahre,B9999,unbestimmt (nur Pst),3,35,39
38857,2019-02-28,409,Linz neu,Männer,40 bis 44 Jahre,B9999,unbestimmt (nur Pst),1,40,44
38931,2019-02-28,409,Linz neu,Männer,50 bis 54 Jahre,B9999,unbestimmt (nur Pst),3,50,54
38970,2019-02-28,411,Perg,Frauen,bis 19 Jahre,B9999,unbestimmt (nur Pst),1,0,19
39048,2019-02-28,411,Perg,Frauen,40 bis 44 Jahre,B9999,unbestimmt (nur Pst),2,40,44
39097,2019-02-28,411,Perg,Männer,bis 19 Jahre,B9999,unbestimmt (nur Pst),1,0,19
39221,2019-02-28,412,Ried im Innkreis,Frauen,bis 19 Jahre,B9999,unbestimmt (nur Pst),3,0,19
39275,2019-02-28,412,Ried im Innkreis,Frauen,30 bis 34 Jahre,B9999,unbestimmt (nur Pst),3,30,34
39288,2019-02-28,412,Ried im Innkreis,Frauen,35 bis 39 Jahre,B9999,unbestimmt (nur Pst),1,35,39
39350,2019-02-28,412,Ried im Innkreis,Männer,bis 19 Jahre,B9999,unbestimmt (nur Pst),3,0,19
39367,2019-02-28,412,Ried im Innkreis,Männer,20 bis 24 Jahre,B9999,unbestimmt (nur Pst),1,20,24
39393,2019-02-28,412,Ried im Innkreis,Männer,30 bis 34 Jahre,B9999,unbestimmt (nur Pst),1,30,34
39443,2019-02-28,412,Ried im Innkreis,Männer,55 bis 59 Jahre,B9999,unbestimmt (nur Pst),1,55,59
39454,2019-02-28,413,Rohrbach,Frauen,bis 19 Jahre,B9999,unbestimmt (nur Pst),3,0,19
39588,2019-02-28,413,Rohrbach,Männer,35 bis 39 Jahre,B9999,unbestimmt (nur Pst),1,35,39
39806,2019-02-28,415,Steyr,Frauen,bis 19 Jahre,B9999,unbestimmt (nur Pst),12,0,19
39838,2019-02-28,415,Steyr,Frauen,20 bis 24 Jahre,B9999,unbestimmt (nur Pst),5,20,24
39863,2019-02-28,415,Steyr,Frauen,25 bis 29 Jahre,B9999,unbestimmt (nur Pst),1,25,29
40017,2019-02-28,415,Steyr,Männer,bis 19 Jahre,B9999,unbestimmt (nur Pst),15,0,19
40059,2019-02-28,415,Steyr,Männer,20 bis 24 Jahre,B9999,unbestimmt (nur Pst),3,20,24
40104,2019-02-28,415,Steyr,Männer,30 bis 34 Jahre,B9999,unbestimmt (nur Pst),1,30,34
40140,2019-02-28,415,Steyr,Männer,40 bis 44 Jahre,B9999,unbestimmt (nur Pst),1,40,44
40199,2019-02-28,418,Vöcklabruck,Frauen,bis 19 Jahre,B9999,unbestimmt (nur Pst),7,0,19
40221,2019-02-28,418,Vöcklabruck,Frauen,20 bis 24 Jahre,B9999,unbestimmt (nur Pst),1,20,24
40302,2019-02-28,418,Vöcklabruck,Frauen,40 bis 44 Jahre,B9999,unbestimmt (nur Pst),1,40,44
40383,2019-02-28,418,Vöcklabruck,Männer,bis 19 Jahre,B9999,unbestimmt (nur Pst),6,0,19
40453,2019-02-28,418,Vöcklabruck,Männer,30 bis 34 Jahre,B9999,unbestimmt (nur Pst),1,30,34
40650,2019-02-28,419,Wels,Frauen,35 bis 39 Jahre,B9999,unbestimmt (nur Pst),3,35,39
40697,2019-02-28,419,Wels,Frauen,45 bis 49 Jahre,B9999,unbestimmt (nur Pst),1,45,49
40890,2019-02-28,419,Wels,Männer,50 bis 54 Jahre,B9999,unbestimmt (nur Pst),1,50,54
40935,2019-02-28,421,Traun,Frauen,bis 19 Jahre,B9999,unbestimmt (nur Pst),4,0,19
40960,2019-02-28,421,Traun,Frauen,20 bis 24 Jahre,B9999,unbestimmt (nur Pst),3,20,24
41012,2019-02-28,421,Traun,Frauen,30 bis 34 Jahre,B9999,unbestimmt (nur Pst),1,30,34
41168,2019-02-28,421,Traun,Männer,bis 19 Jahre,B9999,unbestimmt (nur Pst),5,0,19
41204,2019-02-28,421,Traun,Männer,20 bis 24 Jahre,B9999,unbestimmt (nur Pst),1,20,24
41287,2019-02-28,421,Traun,Männer,35 bis 39 Jahre,B9999,unbestimmt (nur Pst),1,35,39
41367,2019-02-28,421,Traun,Männer,55 bis 59 Jahre,B9999,unbestimmt (nur Pst),1,55,59
41390,2019-02-28,501,Bischofshofen,Frauen,bis 19 Jahre,B9999,unbestimmt (nur Pst),4,0,19
41410,2019-02-28,501,Bischofshofen,Frauen,20 bis 24 Jahre,B9999,unbestimmt (nur Pst),1,20,24
41439,2019-02-28,501,Bischofshofen,Frauen,30 bis 34 Jahre,B9999,unbestimmt (nur Pst),1,30,34
41462,2019-02-28,501,Bischofshofen,Frauen,35 bis 39 Jahre,B9999,unbestimmt (nur Pst),2,35,39
41476,2019-02-28,501,Bischofshofen,Frauen,40 bis 44 Jahre,B9999,unbestimmt (nur Pst),1,40,44
41585,2019-02-28,501,Bischofshofen,Männer,40 bis 44 Jahre,B9999,unbestimmt (nur Pst),1,40,44
41594,2019-02-28,501,Bischofshofen,Männer,45 bis 49 Jahre,B9999,unbestimmt (nur Pst),1,45,49
41612,2019-02-28,503,Hallein,Frauen,bis 19 Jahre,B9999,unbestimmt (nur Pst),4,0,19
41934,2019-02-28,504,Salzburg,Frauen,35 bis 39 Jahre,B9999,unbestimmt (nur Pst),1,35,39
41966,2019-02-28,504,Salzburg,Frauen,40 bis 44 Jahre,B9999,unbestimmt (nur Pst),1,40,44
42000,2019-02-28,504,Salzburg,Frauen,45 bis 49 Jahre,B9999,unbestimmt (nur Pst),1,45,49
42021,2019-02-28,504,Salzburg,Frauen,50 bis 54 Jahre,B9999,unbestimmt (nur Pst),1,50,54
42131,2019-02-28,504,Salzburg,Männer,20 bis 24 Jahre,B9999,unbestimmt (nur Pst),1,20,24
42288,2019-02-28,504,Salzburg,Männer,40 bis 44 Jahre,B9999,unbestimmt (nur Pst),1,40,44
42331,2019-02-28,504,Salzburg,Männer,50 bis 54 Jahre,B9999,unbestimmt (nur Pst),2,50,54
42349,2019-02-28,504,Salzburg,Männer,55 bis 59 Jahre,B9999,unbestimmt (nur Pst),1,55,59
42413,2019-02-28,506,Zell am See,Frauen,bis 19 Jahre,B9999,unbestimmt (nur Pst),3,0,19
42426,2019-02-28,506,Zell am See,Frauen,20 bis 24 Jahre,B9999,unbestimmt (nur Pst),1,20,24
42439,2019-02-28,506,Zell am See,Frauen,25 bis 29 Jahre,B9999,unbestimmt (nur Pst),1,25,29
42454,2019-02-28,506,Zell am See,Frauen,30 bis 34 Jahre,B9999,unbestimmt (nur Pst),1,30,34
42488,2019-02-28,506,Zell am See,Frauen,45 bis 49 Jahre,B9999,unbestimmt (nur Pst),2,45,49
42513,2019-02-28,506,Zell am See,Männer,bis 19 Jahre,B9999,unbestimmt (nur Pst),6,0,19
42591,2019-02-28,601,Bruck/Mur,Frauen,bis 19 Jahre,B9999,unbestimmt (nur Pst),5,0,19
42616,2019-02-28,601,Bruck/Mur,Frauen,20 bis 24 Jahre,B9999,unbestimmt (nur Pst),5,20,24
42674,2019-02-28,601,Bruck/Mur,Frauen,40 bis 44 Jahre,B9999,unbestimmt (nur Pst),1,40,44
42694,2019-02-28,601,Bruck/Mur,Frauen,50 bis 54 Jahre,B9999,unbestimmt (nur Pst),1,50,54
42716,2019-02-28,601,Bruck/Mur,Männer,bis 19 Jahre,B9999,unbestimmt (nur Pst),5,0,19
42760,2019-02-28,601,Bruck/Mur,Männer,25 bis 29 Jahre,B9999,unbestimmt (nur Pst),2,25,29
42922,2019-02-28,603,Deutschlandsberg,Frauen,45 bis 49 Jahre,B9999,unbestimmt (nur Pst),1,45,49
43059,2019-02-28,604,Feldbach,Frauen,bis 19 Jahre,B9999,unbestimmt (nur Pst),4,0,19
43219,2019-02-28,604,Feldbach,Männer,bis 19 Jahre,B9999,unbestimmt (nur Pst),2,0,19
43358,2019-02-28,606,Gleisdorf,Frauen,20 bis 24 Jahre,B9999,unbestimmt (nur Pst),1,20,24
43439,2019-02-28,606,Gleisdorf,Männer,bis 19 Jahre,B9999,unbestimmt (nur Pst),2,0,19
43507,2019-02-28,609,Hartberg,Frauen,bis 19 Jahre,B9999,unbestimmt (nur Pst),5,0,19
43642,2019-02-28,609,Hartberg,Frauen,45 bis 49 Jahre,B9999,unbestimmt (nur Pst),1,45,49
43665,2019-02-28,609,Hartberg,Frauen,55 bis 59 Jahre,B9999,unbestimmt (nur Pst),1,55,59
43688,2019-02-28,609,Hartberg,Männer,bis 19 Jahre,B9999,unbestimmt (nur Pst),2,0,19
43722,2019-02-28,609,Hartberg,Männer,20 bis 24 Jahre,B9999,unbestimmt (nur Pst),2,20,24
43826,2019-02-28,610,Judenburg,Frauen,bis 19 Jahre,B9999,unbestimmt (nur Pst),1,0,19
43843,2019-02-28,610,Judenburg,Frauen,20 bis 24 Jahre,B9999,unbestimmt (nur Pst),2,20,24
43854,2019-02-28,610,Judenburg,Frauen,25 bis 29 Jahre,B9999,unbestimmt (nur Pst),2,25,29
43865,2019-02-28,610,Judenburg,Frauen,30 bis 34 Jahre,B9999,unbestimmt (nur Pst),1,30,34
43877,2019-02-28,610,Judenburg,Frauen,35 bis 39 Jahre,B9999,unbestimmt (nur Pst),1,35,39
43918,2019-02-28,610,Judenburg,Männer,bis 19 Jahre,B9999,unbestimmt (nur Pst),7,0,19
43940,2019-02-28,610,Judenburg,Männer,20 bis 24 Jahre,B9999,unbestimmt (nur Pst),2,20,24
43953,2019-02-28,610,Judenburg,Männer,25 bis 29 Jahre,B9999,unbestimmt (nur Pst),1,25,29
43991,2019-02-28,611,Murau,Frauen,bis 19 Jahre,B9999,unbestimmt (nur Pst),3,0,19
43999,2019-02-28,611,Murau,Frauen,20 bis 24 Jahre,B9999,unbestimmt (nur Pst),3,20,24
44039,2019-02-28,611,Murau,Männer,bis 19 Jahre,B9999,unbestimmt (nur Pst),1,0,19
44073,2019-02-28,611,Murau,Männer,35 bis 39 Jahre,B9999,unbestimmt (nur Pst),1,35,39
44099,2019-02-28,613,Knittelfeld,Frauen,bis 19 Jahre,B9999,unbestimmt (nur Pst),2,0,19
44234,2019-02-28,614,Leibnitz,Frauen,bis 19 Jahre,B9999,unbestimmt (nur Pst),1,0,19
44256,2019-02-28,614,Leibnitz,Frauen,20 bis 24 Jahre,B9999,unbestimmt (nur Pst),2,20,24
44292,2019-02-28,614,Leibnitz,Frauen,30 bis 34 Jahre,B9999,unbestimmt (nur Pst),2,30,34
44372,2019-02-28,614,Leibnitz,Männer,bis 19 Jahre,B9999,unbestimmt (nur Pst),4,0,19
44405,2019-02-28,614,Leibnitz,Männer,20 bis 24 Jahre,B9999,unbestimmt (nur Pst),2,20,24
44492,2019-02-28,616,Leoben,Frauen,bis 19 Jahre,B9999,unbestimmt (nur Pst),2,0,19
44517,2019-02-28,616,Leoben,Frauen,20 bis 24 Jahre,B9999,unbestimmt (nur Pst),2,20,24
44542,2019-02-28,616,Leoben,Frauen,25 bis 29 Jahre,B9999,unbestimmt (nur Pst),1,25,29
44638,2019-02-28,616,Leoben,Männer,bis 19 Jahre,B9999,unbestimmt (nur Pst),3,0,19
44668,2019-02-28,616,Leoben,Männer,20 bis 24 Jahre,B9999,unbestimmt (nur Pst),3,20,24
44686,2019-02-28,616,Leoben,Männer,25 bis 29 Jahre,B9999,unbestimmt (nur Pst),1,25,29
44745,2019-02-28,618,Liezen,Frauen,bis 19 Jahre,B9999,unbestimmt (nur Pst),3,0,19
44854,2019-02-28,618,Liezen,Männer,bis 19 Jahre,B9999,unbestimmt (nur Pst),2,0,19
44959,2019-02-28,621,Mürzzuschlag,Frauen,bis 19 Jahre,B9999,unbestimmt (nur Pst),3,0,19
44975,2019-02-28,621,Mürzzuschlag,Frauen,20 bis 24 Jahre,B9999,unbestimmt (nur Pst),3,20,24
44985,2019-02-28,621,Mürzzuschlag,Frauen,25 bis 29 Jahre,B9999,unbestimmt (nur Pst),1,25,29
45011,2019-02-28,621,Mürzzuschlag,Frauen,40 bis 44 Jahre,B9999,unbestimmt (nur Pst),1,40,44
45044,2019-02-28,621,Mürzzuschlag,Männer,bis 19 Jahre,B9999,unbestimmt (nur Pst),1,0,19
45059,2019-02-28,621,Mürzzuschlag,Männer,20 bis 24 Jahre,B9999,unbestimmt (nur Pst),1,20,24
45137,2019-02-28,622,Voitsberg,Frauen,bis 19 Jahre,B9999,unbestimmt (nur Pst),3,0,19
45163,2019-02-28,622,Voitsberg,Frauen,20 bis 24 Jahre,B9999,unbestimmt (nur Pst),1,20,24
45250,2019-02-28,622,Voitsberg,Männer,bis 19 Jahre,B9999,unbestimmt (nur Pst),2,0,19
45350,2019-02-28,623,Weiz,Frauen,bis 19 Jahre,B9999,unbestimmt (nur Pst),1,0,19
45403,2019-02-28,623,Weiz,Frauen,40 bis 44 Jahre,B9999,unbestimmt (nur Pst),1,40,44
45414,2019-02-28,623,Weiz,Frauen,45 bis 49 Jahre,B9999,unbestimmt (nur Pst),1,45,49
45457,2019-02-28,623,Weiz,Männer,20 bis 24 Jahre,B9999,unbestimmt (nur Pst),2,20,24
45483,2019-02-28,623,Weiz,Männer,45 bis 49 Jahre,B9999,unbestimmt (nur Pst),1,45,49
45544,2019-02-28,630,Graz-West und Umgebung,Frauen,bis 19 Jahre,B9999,unbestimmt (nur Pst),8,0,19
45598,2019-02-28,630,Graz-West und Umgebung,Frauen,20 bis 24 Jahre,B9999,unbestimmt (nur Pst),5,20,24
45647,2019-02-28,630,Graz-West und Umgebung,Frauen,25 bis 29 Jahre,B9999,unbestimmt (nur Pst),1,25,29
45782,2019-02-28,630,Graz-West und Umgebung,Frauen,40 bis 44 Jahre,B9999,unbestimmt (nur Pst),1,40,44
45903,2019-02-28,630,Graz-West und Umgebung,Männer,bis 19 Jahre,B9999,unbestimmt (nur Pst),7,0,19
45978,2019-02-28,630,Graz-West und Umgebung,Männer,20 bis 24 Jahre,B9999,unbestimmt (nur Pst),6,20,24
46041,2019-02-28,630,Graz-West und Umgebung,Männer,25 bis 29 Jahre,B9999,unbestimmt (nur Pst),1,25,29
46302,2019-02-28,631,Graz-Ost,Frauen,bis 19 Jahre,B9999,unbestimmt (nur Pst),3,0,19
46337,2019-02-28,631,Graz-Ost,Frauen,20 bis 24 Jahre,B9999,unbestimmt (nur Pst),2,20,24
46429,2019-02-28,631,Graz-Ost,Frauen,30 bis 34 Jahre,B9999,unbestimmt (nur Pst),2,30,34
46467,2019-02-28,631,Graz-Ost,Frauen,35 bis 39 Jahre,B9999,unbestimmt (nur Pst),1,35,39
46554,2019-02-28,631,Graz-Ost,Frauen,55 bis 59 Jahre,B9999,unbestimmt (nur Pst),1,55,59
46590,2019-02-28,631,Graz-Ost,Männer,bis 19 Jahre,B9999,unbestimmt (nur Pst),5,0,19
46632,2019-02-28,631,Graz-Ost,Männer,20 bis 24 Jahre,B9999,unbestimmt (nur Pst),1,20,24
46682,2019-02-28,631,Graz-Ost,Männer,25 bis 29 Jahre,B9999,unbestimmt (nur Pst),1,25,29
46801,2019-02-28,631,Graz-Ost,Männer,60 bis 64 Jahre,B9999,unbestimmt (nur Pst),1,60,64
46807,2019-02-28,701,Imst,Frauen,bis 19 Jahre,B9999,unbestimmt (nur Pst),3,0,19
46852,2019-02-28,701,Imst,Männer,bis 19 Jahre,B9999,unbestimmt (nur Pst),4,0,19
46865,2019-02-28,701,Imst,Männer,25 bis 29 Jahre,B9999,unbestimmt (nur Pst),1,25,29
46905,2019-02-28,702,Innsbruck,Frauen,bis 19 Jahre,B9999,unbestimmt (nur Pst),1,0,19
46927,2019-02-28,702,Innsbruck,Frauen,20 bis 24 Jahre,B9999,unbestimmt (nur Pst),2,20,24
46959,2019-02-28,702,Innsbruck,Frauen,25 bis 29 Jahre,B9999,unbestimmt (nur Pst),4,25,29
46984,2019-02-28,702,Innsbruck,Frauen,30 bis 34 Jahre,B9999,unbestimmt (nur Pst),1,30,34
47009,2019-02-28,702,Innsbruck,Frauen,35 bis 39 Jahre,B9999,unbestimmt (nur Pst),3,35,39
47033,2019-02-28,702,Innsbruck,Frauen,40 bis 44 Jahre,B9999,unbestimmt (nur Pst),1,40,44
47055,2019-02-28,702,Innsbruck,Frauen,45 bis 49 Jahre,B9999,unbestimmt (nur Pst),4,45,49
47077,2019-02-28,702,Innsbruck,Frauen,50 bis 54 Jahre,B9999,unbestimmt (nur Pst),3,50,54
47124,2019-02-28,702,Innsbruck,Männer,bis 19 Jahre,B9999,unbestimmt (nur Pst),1,0,19
47164,2019-02-28,702,Innsbruck,Männer,20 bis 24 Jahre,B9999,unbestimmt (nur Pst),3,20,24
47205,2019-02-28,702,Innsbruck,Männer,25 bis 29 Jahre,B9999,unbestimmt (nur Pst),4,25,29
47276,2019-02-28,702,Innsbruck,Männer,35 bis 39 Jahre,B9999,unbestimmt (nur Pst),10,35,39
47314,2019-02-28,702,Innsbruck,Männer,40 bis 44 Jahre,B9999,unbestimmt (nur Pst),3,40,44
47358,2019-02-28,702,Innsbruck,Männer,50 bis 54 Jahre,B9999,unbestimmt (nur Pst),1,50,54
47371,2019-02-28,702,Innsbruck,Männer,60 bis 64 Jahre,B9999,unbestimmt (nur Pst),1,60,64
47441,2019-02-28,705,Kufstein,Frauen,bis 19 Jahre,B9999,unbestimmt (nur Pst),5,0,19
47456,2019-02-28,705,Kufstein,Frauen,20 bis 24 Jahre,B9999,unbestimmt (nur Pst),1,20,24
47472,2019-02-28,705,Kufstein,Frauen,25 bis 29 Jahre,B9999,unbestimmt (nur Pst),1,25,29
47562,2019-02-28,705,Kufstein,Männer,bis 19 Jahre,B9999,unbestimmt (nur Pst),5,0,19
47580,2019-02-28,705,Kufstein,Männer,20 bis 24 Jahre,B9999,unbestimmt (nur Pst),1,20,24
47589,2019-02-28,705,Kufstein,Männer,25 bis 29 Jahre,B9999,unbestimmt (nur Pst),1,25,29
47647,2019-02-28,706,Landeck,Frauen,bis 19 Jahre,B9999,unbestimmt (nur Pst),1,0,19
47688,2019-02-28,706,Landeck,Männer,bis 19 Jahre,B9999,unbestimmt (nur Pst),2,0,19
47695,2019-02-28,706,Landeck,Männer,20 bis 24 Jahre,B9999,unbestimmt (nur Pst),1,20,24
47716,2019-02-28,707,Lienz,Frauen,bis 19 Jahre,B9999,unbestimmt (nur Pst),1,0,19
47782,2019-02-28,707,Lienz,Männer,25 bis 29 Jahre,B9999,unbestimmt (nur Pst),1,25,29
47867,2019-02-28,709,Schwaz,Frauen,bis 19 Jahre,B9999,unbestimmt (nur Pst),1,0,19
47944,2019-02-28,709,Schwaz,Männer,bis 19 Jahre,B9999,unbestimmt (nur Pst),5,0,19
47975,2019-02-28,709,Schwaz,Männer,35 bis 39 Jahre,B9999,unbestimmt (nur Pst),1,35,39
48109,2019-02-28,801,Bludenz,Männer,bis 19 Jahre,B9999,unbestimmt (nur Pst),1,0,19
48242,2019-02-28,802,Bregenz,Frauen,20 bis 24 Jahre,B9999,unbestimmt (nur Pst),2,20,24
48399,2019-02-28,802,Bregenz,Männer,bis 19 Jahre,B9999,unbestimmt (nur Pst),2,0,19
48442,2019-02-28,802,Bregenz,Männer,20 bis 24 Jahre,B9999,unbestimmt (nur Pst),3,20,24
48479,2019-02-28,802,Bregenz,Männer,25 bis 29 Jahre,B9999,unbestimmt (nur Pst),1,25,29
48582,2019-02-28,804,Dornbirn,Frauen,bis 19 Jahre,B9999,unbestimmt (nur Pst),1,0,19
48689,2019-02-28,804,Dornbirn,Frauen,40 bis 44 Jahre,B9999,unbestimmt (nur Pst),1,40,44
48746,2019-02-28,804,Dornbirn,Männer,bis 19 Jahre,B9999,unbestimmt (nur Pst),1,0,19
48778,2019-02-28,804,Dornbirn,Männer,20 bis 24 Jahre,B9999,unbestimmt (nur Pst),2,20,24
48880,2019-02-28,805,Feldkirch,Frauen,bis 19 Jahre,B9999,unbestimmt (nur Pst),4,0,19
48911,2019-02-28,805,Feldkirch,Frauen,20 bis 24 Jahre,B9999,unbestimmt (nur Pst),1,20,24
49039,2019-02-28,805,Feldkirch,Frauen,55 bis 59 Jahre,B9999,unbestimmt (nur Pst),1,55,59
49066,2019-02-28,805,Feldkirch,Männer,bis 19 Jahre,B9999,unbestimmt (nur Pst),3,0,19
49108,2019-02-28,805,Feldkirch,Männer,20 bis 24 Jahre,B9999,unbestimmt (nur Pst),2,20,24
49133,2019-02-28,805,Feldkirch,Männer,25 bis 29 Jahre,B9999,unbestimmt (nur Pst),1,25,29
49163,2019-02-28,805,Feldkirch,Männer,35 bis 39 Jahre,B9999,unbestimmt (nur Pst),1,35,39
49488,2019-02-28,958,Wien Johnstraße,Männer,20 bis 24 Jahre,B9999,unbestimmt (nur Pst),1,20,24
49911,2019-02-28,959,Wien Hauffgasse,Frauen,40 bis 44 Jahre,B9999,unbestimmt (nur Pst),1,40,44
50029,2019-02-28,959,Wien Hauffgasse,Männer,20 bis 24 Jahre,B9999,unbestimmt (nur Pst),1,20,24
50567,2019-02-28,960,Wien Esteplatz,Männer,20 bis 24 Jahre,B9999,unbestimmt (nur Pst),1,20,24
51599,2019-02-28,961,Wien Dresdner Straße,Männer,55 bis 59 Jahre,B9999,unbestimmt (nur Pst),1,55,59
51691,2019-02-28,962,Wien Redergasse,Frauen,25 bis 29 Jahre,B9999,unbestimmt (nur Pst),1,25,29
52935,2019-02-28,964,Wien Favoritenstraße,Frauen,25 bis 29 Jahre,B9999,unbestimmt (nur Pst),1,25,29
52990,2019-02-28,964,Wien Favoritenstraße,Frauen,30 bis 34 Jahre,B9999,unbestimmt (nur Pst),1,30,34
53040,2019-02-28,964,Wien Favoritenstraße,Frauen,35 bis 39 Jahre,B9999,unbestimmt (nur Pst),1,35,39
53133,2019-02-28,964,Wien Favoritenstraße,Frauen,45 bis 49 Jahre,B9999,unbestimmt (nur Pst),1,45,49
54056,2019-02-28,965,Wien Schönbrunner Straße,Männer,20 bis 24 Jahre,B9999,unbestimmt (nur Pst),1,20,24
54230,2019-02-28,965,Wien Schönbrunner Straße,Männer,35 bis 39 Jahre,B9999,unbestimmt (nur Pst),1,35,39
54736,2019-02-28,966,Wien Hietzinger Kai,Männer,20 bis 24 Jahre,B9999,unbestimmt (nur Pst),1,20,24
54781,2019-02-28,966,Wien Hietzinger Kai,Männer,25 bis 29 Jahre,B9999,unbestimmt (nur Pst),1,25,29
54905,2019-02-28,966,Wien Hietzinger Kai,Männer,40 bis 44 Jahre,B9999,unbestimmt (nur Pst),1,40,44
55093,2019-02-28,967,Wien Huttengasse,Frauen,25 bis 29 Jahre,B9999,unbestimmt (nur Pst),1,25,29
55203,2019-02-28,967,Wien Huttengasse,Frauen,35 bis 39 Jahre,B9999,unbestimmt (nur Pst),1,35,39
55417,2019-02-28,967,Wien Huttengasse,Männer,20 bis 24 Jahre,B9999,unbestimmt (nur Pst),1,20,24
55648,2019-02-28,967,Wien Huttengasse,Männer,35 bis 39 Jahre,B9999,unbestimmt (nur Pst),1,35,39
56204,2019-02-28,968,Wien Schloßhofer Straße,Männer,20 bis 24 Jahre,B9999,unbestimmt (nur Pst),1,20,24
57226,2019-02-28,970,Wien Jugendliche,Frauen,bis 19 Jahre,B9999,unbestimmt (nur Pst),49,0,19
57302,2019-02-28,970,Wien Jugendliche,Frauen,20 bis 24 Jahre,B9999,unbestimmt (nur Pst),6,20,24
57406,2019-02-28,970,Wien Jugendliche,Männer,bis 19 Jahre,B9999,unbestimmt (nur Pst),42,0,19
57503,2019-02-28,970,Wien Jugendliche,Männer,20 bis 24 Jahre,B9999,unbestimmt (nur Pst),7,20,24
57519,2019-03-31,101,Eisenstadt,Frauen,bis 19 Jahre,B9999,unbestimmt (nur Pst),1,0,19
57786,2019-03-31,102,Mattersburg,Männer,bis 19 Jahre,B9999,unbestimmt (nur Pst),2,0,19
57939,2019-03-31,103,Neusiedl am See,Männer,30 bis 34 Jahre,B9999,unbestimmt (nur Pst),1,30,34
58219,2019-03-31,105,Oberwart,Frauen,40 bis 44 Jahre,B9999,unbestimmt (nur Pst),1,40,44
58786,2019-03-31,203,Klagenfurt,Frauen,bis 19 Jahre,B9999,unbestimmt (nur Pst),2,0,19
58815,2019-03-31,203,Klagenfurt,Frauen,20 bis 24 Jahre,B9999,unbestimmt (nur Pst),4,20,24
58842,2019-03-31,203,Klagenfurt,Frauen,25 bis 29 Jahre,B9999,unbestimmt (nur Pst),1,25,29
58916,2019-03-31,203,Klagenfurt,Frauen,40 bis 44 Jahre,B9999,unbestimmt (nur Pst),1,40,44
58955,2019-03-31,203,Klagenfurt,Frauen,50 bis 54 Jahre,B9999,unbestimmt (nur Pst),1,50,54
58970,2019-03-31,203,Klagenfurt,Frauen,55 bis 59 Jahre,B9999,unbestimmt (nur Pst),1,55,59
59049,2019-03-31,203,Klagenfurt,Männer,20 bis 24 Jahre,B9999,unbestimmt (nur Pst),3,20,24
59097,2019-03-31,203,Klagenfurt,Männer,30 bis 34 Jahre,B9999,unbestimmt (nur Pst),1,30,34
59136,2019-03-31,203,Klagenfurt,Männer,40 bis 44 Jahre,B9999,unbestimmt (nur Pst),1,40,44
59171,2019-03-31,203,Klagenfurt,Männer,50 bis 54 Jahre,B9999,unbestimmt (nur Pst),1,50,54
59195,2019-03-31,204,Spittal/Drau,Frauen,bis 19 Jahre,B9999,unbestimmt (nur Pst),1,0,19
60126,2019-03-31,208,Wolfsberg,Frauen,20 bis 24 Jahre,B9999,unbestimmt (nur Pst),1,20,24
60293,2019-03-31,301,Amstetten,Frauen,bis 19 Jahre,B9999,unbestimmt (nur Pst),5,0,19
60314,2019-03-31,301,Amstetten,Frauen,20 bis 24 Jahre,B9999,unbestimmt (nur Pst),1,20,24
60373,2019-03-31,301,Amstetten,Frauen,35 bis 39 Jahre,B9999,unbestimmt (nur Pst),1,35,39
60443,2019-03-31,301,Amstetten,Männer,bis 19 Jahre,B9999,unbestimmt (nur Pst),6,0,19
60584,2019-03-31,304,Baden neu,Frauen,bis 19 Jahre,B9999,unbestimmt (nur Pst),8,0,19
60622,2019-03-31,304,Baden neu,Frauen,20 bis 24 Jahre,B9999,unbestimmt (nur Pst),6,20,24
60648,2019-03-31,304,Baden neu,Frauen,25 bis 29 Jahre,B9999,unbestimmt (nur Pst),2,25,29
60692,2019-03-31,304,Baden neu,Frauen,35 bis 39 Jahre,B9999,unbestimmt (nur Pst),1,35,39
60749,2019-03-31,304,Baden neu,Frauen,50 bis 54 Jahre,B9999,unbestimmt (nur Pst),1,50,54
60759,2019-03-31,304,Baden neu,Frauen,55 bis 59 Jahre,B9999,unbestimmt (nur Pst),1,55,59
60790,2019-03-31,304,Baden neu,Männer,bis 19 Jahre,B9999,unbestimmt (nur Pst),13,0,19
60843,2019-03-31,304,Baden neu,Männer,20 bis 24 Jahre,B9999,unbestimmt (nur Pst),5,20,24
60860,2019-03-31,304,Baden neu,Männer,25 bis 29 Jahre,B9999,unbestimmt (nur Pst),3,25,29
60890,2019-03-31,304,Baden neu,Männer,35 bis 39 Jahre,B9999,unbestimmt (nur Pst),1,35,39
60964,2019-03-31,306,Bruck/Leitha,Frauen,bis 19 Jahre,B9999,unbestimmt (nur Pst),5,0,19
60977,2019-03-31,306,Bruck/Leitha,Frauen,20 bis 24 Jahre,B9999,unbestimmt (nur Pst),2,20,24
61017,2019-03-31,306,Bruck/Leitha,Frauen,40 bis 44 Jahre,B9999,unbestimmt (nur Pst),1,40,44
61055,2019-03-31,306,Bruck/Leitha,Männer,bis 19 Jahre,B9999,unbestimmt (nur Pst),7,0,19
61100,2019-03-31,306,Bruck/Leitha,Männer,40 bis 44 Jahre,B9999,unbestimmt (nur Pst),1,40,44
61143,2019-03-31,308,Gänserndorf,Frauen,bis 19 Jahre,B9999,unbestimmt (nur Pst),3,0,19
61176,2019-03-31,308,Gänserndorf,Frauen,20 bis 24 Jahre,B9999,unbestimmt (nur Pst),2,20,24
61221,2019-03-31,308,Gänserndorf,Frauen,30 bis 34 Jahre,B9999,unbestimmt (nur Pst),1,30,34
61370,2019-03-31,308,Gänserndorf,Männer,bis 19 Jahre,B9999,unbestimmt (nur Pst),6,0,19
61566,2019-03-31,311,Gmünd,Frauen,35 bis 39 Jahre,B9999,unbestimmt (nur Pst),1,35,39
61648,2019-03-31,311,Gmünd,Männer,40 bis 44 Jahre,B9999,unbestimmt (nur Pst),1,40,44
61680,2019-03-31,312,Hollabrunn,Frauen,bis 19 Jahre,B9999,unbestimmt (nur Pst),2,0,19
61693,2019-03-31,312,Hollabrunn,Frauen,20 bis 24 Jahre,B9999,unbestimmt (nur Pst),1,20,24
61786,2019-03-31,312,Hollabrunn,Männer,bis 19 Jahre,B9999,unbestimmt (nur Pst),3,0,19
61865,2019-03-31,313,Horn,Frauen,bis 19 Jahre,B9999,unbestimmt (nur Pst),1,0,19
61878,2019-03-31,313,Horn,Frauen,20 bis 24 Jahre,B9999,unbestimmt (nur Pst),3,20,24
61933,2019-03-31,313,Horn,Männer,bis 19 Jahre,B9999,unbestimmt (nur Pst),4,0,19
61943,2019-03-31,313,Horn,Männer,20 bis 24 Jahre,B9999,unbestimmt (nur Pst),4,20,24
62012,2019-03-31,314,Korneuburg,Frauen,20 bis 24 Jahre,B9999,unbestimmt (nur Pst),1,20,24
62031,2019-03-31,314,Korneuburg,Frauen,25 bis 29 Jahre,B9999,unbestimmt (nur Pst),1,25,29
62082,2019-03-31,314,Korneuburg,Frauen,40 bis 44 Jahre,B9999,unbestimmt (nur Pst),1,40,44
62117,2019-03-31,314,Korneuburg,Frauen,50 bis 54 Jahre,B9999,unbestimmt (nur Pst),1,50,54
62150,2019-03-31,314,Korneuburg,Männer,bis 19 Jahre,B9999,unbestimmt (nur Pst),7,0,19
62417,2019-03-31,315,Krems,Männer,bis 19 Jahre,B9999,unbestimmt (nur Pst),1,0,19
62523,2019-03-31,316,Lilienfeld,Frauen,bis 19 Jahre,B9999,unbestimmt (nur Pst),1,0,19
62542,2019-03-31,316,Lilienfeld,Frauen,25 bis 29 Jahre,B9999,unbestimmt (nur Pst),1,25,29
62550,2019-03-31,316,Lilienfeld,Frauen,30 bis 34 Jahre,B9999,unbestimmt (nur Pst),3,30,34
62557,2019-03-31,316,Lilienfeld,Frauen,35 bis 39 Jahre,B9999,unbestimmt (nur Pst),1,35,39
62564,2019-03-31,316,Lilienfeld,Frauen,40 bis 44 Jahre,B9999,unbestimmt (nur Pst),1,40,44
62594,2019-03-31,316,Lilienfeld,Männer,bis 19 Jahre,B9999,unbestimmt (nur Pst),1,0,19
62623,2019-03-31,316,Lilienfeld,Männer,30 bis 34 Jahre,B9999,unbestimmt (nur Pst),1,30,34
62770,2019-03-31,317,Melk,Männer,bis 19 Jahre,B9999,unbestimmt (nur Pst),1,0,19
62866,2019-03-31,319,Mistelbach,Frauen,bis 19 Jahre,B9999,unbestimmt (nur Pst),5,0,19
62885,2019-03-31,319,Mistelbach,Frauen,20 bis 24 Jahre,B9999,unbestimmt (nur Pst),1,20,24
62897,2019-03-31,319,Mistelbach,Frauen,25 bis 29 Jahre,B9999,unbestimmt (nur Pst),1,25,29
62948,2019-03-31,319,Mistelbach,Frauen,45 bis 49 Jahre,B9999,unbestimmt (nur Pst),1,45,49
62983,2019-03-31,319,Mistelbach,Männer,bis 19 Jahre,B9999,unbestimmt (nur Pst),3,0,19
63081,2019-03-31,321,Mödling,Frauen,bis 19 Jahre,B9999,unbestimmt (nur Pst),1,0,19
63102,2019-03-31,321,Mödling,Frauen,20 bis 24 Jahre,B9999,unbestimmt (nur Pst),3,20,24
63139,2019-03-31,321,Mödling,Frauen,30 bis 34 Jahre,B9999,unbestimmt (nur Pst),1,30,34
63244,2019-03-31,321,Mödling,Männer,bis 19 Jahre,B9999,unbestimmt (nur Pst),9,0,19
63281,2019-03-31,321,Mödling,Männer,20 bis 24 Jahre,B9999,unbestimmt (nur Pst),2,20,24
63294,2019-03-31,321,Mödling,Männer,25 bis 29 Jahre,B9999,unbestimmt (nur Pst),1,25,29
63397,2019-03-31,323,Neunkirchen,Frauen,bis 19 Jahre,B9999,unbestimmt (nur Pst),1,0,19
63422,2019-03-31,323,Neunkirchen,Frauen,20 bis 24 Jahre,B9999,unbestimmt (nur Pst),1,20,24
63668,2019-03-31,326,St. Pölten,Frauen,bis 19 Jahre,B9999,unbestimmt (nur Pst),7,0,19
63705,2019-03-31,326,St. Pölten,Frauen,20 bis 24 Jahre,B9999,unbestimmt (nur Pst),2,20,24
63752,2019-03-31,326,St. Pölten,Frauen,30 bis 34 Jahre,B9999,unbestimmt (nur Pst),1,30,34
63906,2019-03-31,326,St. Pölten,Männer,bis 19 Jahre,B9999,unbestimmt (nur Pst),3,0,19
63951,2019-03-31,326,St. Pölten,Männer,20 bis 24 Jahre,B9999,unbestimmt (nur Pst),2,20,24
63986,2019-03-31,326,St. Pölten,Männer,25 bis 29 Jahre,B9999,unbestimmt (nur Pst),1,25,29
64147,2019-03-31,328,Scheibbs,Frauen,bis 19 Jahre,B9999,unbestimmt (nur Pst),4,0,19
64158,2019-03-31,328,Scheibbs,Frauen,20 bis 24 Jahre,B9999,unbestimmt (nur Pst),1,20,24
64213,2019-03-31,328,Scheibbs,Männer,bis 19 Jahre,B9999,unbestimmt (nur Pst),2,0,19
64267,2019-03-31,329,Schwechat,Frauen,bis 19 Jahre,B9999,unbestimmt (nur Pst),1,0,19
64400,2019-03-31,329,Schwechat,Männer,bis 19 Jahre,B9999,unbestimmt (nur Pst),2,0,19
64514,2019-03-31,331,Tulln,Frauen,bis 19 Jahre,B9999,unbestimmt (nur Pst),6,0,19
64536,2019-03-31,331,Tulln,Frauen,20 bis 24 Jahre,B9999,unbestimmt (nur Pst),3,20,24
64553,2019-03-31,331,Tulln,Frauen,25 bis 29 Jahre,B9999,unbestimmt (nur Pst),3,25,29
64587,2019-03-31,331,Tulln,Frauen,35 bis 39 Jahre,B9999,unbestimmt (nur Pst),1,35,39
64601,2019-03-31,331,Tulln,Frauen,40 bis 44 Jahre,B9999,unbestimmt (nur Pst),1,40,44
64636,2019-03-31,331,Tulln,Frauen,50 bis 54 Jahre,B9999,unbestimmt (nur Pst),1,50,54
64658,2019-03-31,331,Tulln,Männer,bis 19 Jahre,B9999,unbestimmt (nur Pst),8,0,19
64689,2019-03-31,331,Tulln,Männer,20 bis 24 Jahre,B9999,unbestimmt (nur Pst),3,20,24
64706,2019-03-31,331,Tulln,Männer,25 bis 29 Jahre,B9999,unbestimmt (nur Pst),1,25,29
64764,2019-03-31,331,Tulln,Männer,50 bis 54 Jahre,B9999,unbestimmt (nur Pst),1,50,54
64787,2019-03-31,332,Waidhofen/Thaya,Frauen,bis 19 Jahre,B9999,unbestimmt (nur Pst),1,0,19
64796,2019-03-31,332,Waidhofen/Thaya,Frauen,20 bis 24 Jahre,B9999,unbestimmt (nur Pst),1,20,24
64842,2019-03-31,332,Waidhofen/Thaya,Männer,bis 19 Jahre,B9999,unbestimmt (nur Pst),1,0,19
64929,2019-03-31,333,Waidhofen/Ybbs,Männer,bis 19 Jahre,B9999,unbestimmt (nur Pst),1,0,19
64980,2019-03-31,334,Wr. Neustadt,Frauen,bis 19 Jahre,B9999,unbestimmt (nur Pst),5,0,19
65007,2019-03-31,334,Wr. Neustadt,Frauen,20 bis 24 Jahre,B9999,unbestimmt (nur Pst),1,20,24
65133,2019-03-31,334,Wr. Neustadt,Frauen,50 bis 54 Jahre,B9999,unbestimmt (nur Pst),1,50,54
65175,2019-03-31,334,Wr. Neustadt,Männer,bis 19 Jahre,B9999,unbestimmt (nur Pst),3,0,19
65216,2019-03-31,334,Wr. Neustadt,Männer,20 bis 24 Jahre,B9999,unbestimmt (nur Pst),3,20,24
65467,2019-03-31,401,Braunau,Frauen,bis 19 Jahre,B9999,unbestimmt (nur Pst),8,0,19
65518,2019-03-31,401,Braunau,Frauen,25 bis 29 Jahre,B9999,unbestimmt (nur Pst),3,25,29
65532,2019-03-31,401,Braunau,Frauen,30 bis 34 Jahre,B9999,unbestimmt (nur Pst),1,30,34
65555,2019-03-31,401,Braunau,Frauen,35 bis 39 Jahre,B9999,unbestimmt (nur Pst),1,35,39
65623,2019-03-31,401,Braunau,Männer,bis 19 Jahre,B9999,unbestimmt (nur Pst),10,0,19
65652,2019-03-31,401,Braunau,Männer,20 bis 24 Jahre,B9999,unbestimmt (nur Pst),2,20,24
65672,2019-03-31,401,Braunau,Männer,25 bis 29 Jahre,B9999,unbestimmt (nur Pst),2,25,29
65766,2019-03-31,402,Eferding,Frauen,20 bis 24 Jahre,B9999,unbestimmt (nur Pst),1,20,24
65845,2019-03-31,402,Eferding,Männer,30 bis 34 Jahre,B9999,unbestimmt (nur Pst),1,30,34
66096,2019-03-31,404,Gmunden,Frauen,bis 19 Jahre,B9999,unbestimmt (nur Pst),2,0,19
66147,2019-03-31,404,Gmunden,Frauen,30 bis 34 Jahre,B9999,unbestimmt (nur Pst),1,30,34
66248,2019-03-31,404,Gmunden,Männer,bis 19 Jahre,B9999,unbestimmt (nur Pst),3,0,19
66293,2019-03-31,404,Gmunden,Männer,25 bis 29 Jahre,B9999,unbestimmt (nur Pst),1,25,29
66462,2019-03-31,406,Grieskirchen,Frauen,40 bis 44 Jahre,B9999,unbestimmt (nur Pst),1,40,44
66526,2019-03-31,406,Grieskirchen,Männer,20 bis 24 Jahre,B9999,unbestimmt (nur Pst),1,20,24
66589,2019-03-31,407,Kirchdorf/Krems,Frauen,bis 19 Jahre,B9999,unbestimmt (nur Pst),3,0,19
66621,2019-03-31,407,Kirchdorf/Krems,Frauen,25 bis 29 Jahre,B9999,unbestimmt (nur Pst),1,25,29
66689,2019-03-31,407,Kirchdorf/Krems,Männer,bis 19 Jahre,B9999,unbestimmt (nur Pst),2,0,19
66801,2019-03-31,409,Linz neu,Frauen,bis 19 Jahre,B9999,unbestimmt (nur Pst),17,0,19
66851,2019-03-31,409,Linz neu,Frauen,20 bis 24 Jahre,B9999,unbestimmt (nur Pst),10,20,24
66892,2019-03-31,409,Linz neu,Frauen,25 bis 29 Jahre,B9999,unbestimmt (nur Pst),6,25,29
66934,2019-03-31,409,Linz neu,Frauen,30 bis 34 Jahre,B9999,unbestimmt (nur Pst),1,30,34
66977,2019-03-31,409,Linz neu,Frauen,35 bis 39 Jahre,B9999,unbestimmt (nur Pst),4,35,39
67020,2019-03-31,409,Linz neu,Frauen,40 bis 44 Jahre,B9999,unbestimmt (nur Pst),3,40,44
67057,2019-03-31,409,Linz neu,Frauen,45 bis 49 Jahre,B9999,unbestimmt (nur Pst),1,45,49
67101,2019-03-31,409,Linz neu,Frauen,55 bis 59 Jahre,B9999,unbestimmt (nur Pst),1,55,59
67140,2019-03-31,409,Linz neu,Männer,bis 19 Jahre,B9999,unbestimmt (nur Pst),26,0,19
67216,2019-03-31,409,Linz neu,Männer,20 bis 24 Jahre,B9999,unbestimmt (nur Pst),5,20,24
67278,2019-03-31,409,Linz neu,Männer,25 bis 29 Jahre,B9999,unbestimmt (nur Pst),1,25,29
67329,2019-03-31,409,Linz neu,Männer,30 bis 34 Jahre,B9999,unbestimmt (nur Pst),3,30,34
67378,2019-03-31,409,Linz neu,Männer,35 bis 39 Jahre,B9999,unbestimmt (nur Pst),3,35,39
67421,2019-03-31,409,Linz neu,Männer,40 bis 44 Jahre,B9999,unbestimmt (nur Pst),1,40,44
67493,2019-03-31,409,Linz neu,Männer,50 bis 54 Jahre,B9999,unbestimmt (nur Pst),2,50,54
67531,2019-03-31,411,Perg,Frauen,bis 19 Jahre,B9999,unbestimmt (nur Pst),1,0,19
67544,2019-03-31,411,Perg,Frauen,20 bis 24 Jahre,B9999,unbestimmt (nur Pst),1,20,24
67594,2019-03-31,411,Perg,Frauen,40 bis 44 Jahre,B9999,unbestimmt (nur Pst),2,40,44
67641,2019-03-31,411,Perg,Männer,bis 19 Jahre,B9999,unbestimmt (nur Pst),1,0,19
67761,2019-03-31,412,Ried im Innkreis,Frauen,bis 19 Jahre,B9999,unbestimmt (nur Pst),3,0,19
67810,2019-03-31,412,Ried im Innkreis,Frauen,30 bis 34 Jahre,B9999,unbestimmt (nur Pst),1,30,34
67821,2019-03-31,412,Ried im Innkreis,Frauen,35 bis 39 Jahre,B9999,unbestimmt (nur Pst),1,35,39
67881,2019-03-31,412,Ried im Innkreis,Männer,bis 19 Jahre,B9999,unbestimmt (nur Pst),5,0,19
67899,2019-03-31,412,Ried im Innkreis,Männer,20 bis 24 Jahre,B9999,unbestimmt (nur Pst),2,20,24
67921,2019-03-31,412,Ried im Innkreis,Männer,30 bis 34 Jahre,B9999,unbestimmt (nur Pst),1,30,34
67970,2019-03-31,412,Ried im Innkreis,Männer,55 bis 59 Jahre,B9999,unbestimmt (nur Pst),1,55,59
67981,2019-03-31,413,Rohrbach,Frauen,bis 19 Jahre,B9999,unbestimmt (nur Pst),3,0,19
68011,2019-03-31,413,Rohrbach,Frauen,30 bis 34 Jahre,B9999,unbestimmt (nur Pst),1,30,34
68099,2019-03-31,413,Rohrbach,Männer,35 bis 39 Jahre,B9999,unbestimmt (nur Pst),1,35,39
68309,2019-03-31,415,Steyr,Frauen,bis 19 Jahre,B9999,unbestimmt (nur Pst),12,0,19
68337,2019-03-31,415,Steyr,Frauen,20 bis 24 Jahre,B9999,unbestimmt (nur Pst),5,20,24
68365,2019-03-31,415,Steyr,Frauen,25 bis 29 Jahre,B9999,unbestimmt (nur Pst),2,25,29
68520,2019-03-31,415,Steyr,Männer,bis 19 Jahre,B9999,unbestimmt (nur Pst),14,0,19
68560,2019-03-31,415,Steyr,Männer,20 bis 24 Jahre,B9999,unbestimmt (nur Pst),2,20,24
68605,2019-03-31,415,Steyr,Männer,30 bis 34 Jahre,B9999,unbestimmt (nur Pst),1,30,34
68692,2019-03-31,418,Vöcklabruck,Frauen,bis 19 Jahre,B9999,unbestimmt (nur Pst),7,0,19
68713,2019-03-31,418,Vöcklabruck,Frauen,20 bis 24 Jahre,B9999,unbestimmt (nur Pst),1,20,24
68872,2019-03-31,418,Vöcklabruck,Männer,bis 19 Jahre,B9999,unbestimmt (nur Pst),5,0,19
68938,2019-03-31,418,Vöcklabruck,Männer,30 bis 34 Jahre,B9999,unbestimmt (nur Pst),1,30,34
69113,2019-03-31,419,Wels,Frauen,35 bis 39 Jahre,B9999,unbestimmt (nur Pst),2,35,39
69157,2019-03-31,419,Wels,Frauen,45 bis 49 Jahre,B9999,unbestimmt (nur Pst),1,45,49
69345,2019-03-31,419,Wels,Männer,50 bis 54 Jahre,B9999,unbestimmt (nur Pst),1,50,54
69393,2019-03-31,421,Traun,Frauen,bis 19 Jahre,B9999,unbestimmt (nur Pst),4,0,19
69499,2019-03-31,421,Traun,Frauen,35 bis 39 Jahre,B9999,unbestimmt (nur Pst),1,35,39
69620,2019-03-31,421,Traun,Männer,bis 19 Jahre,B9999,unbestimmt (nur Pst),6,0,19
69657,2019-03-31,421,Traun,Männer,20 bis 24 Jahre,B9999,unbestimmt (nur Pst),2,20,24
69732,2019-03-31,421,Traun,Männer,35 bis 39 Jahre,B9999,unbestimmt (nur Pst),1,35,39
69796,2019-03-31,421,Traun,Männer,55 bis 59 Jahre,B9999,unbestimmt (nur Pst),1,55,59
69814,2019-03-31,501,Bischofshofen,Frauen,bis 19 Jahre,B9999,unbestimmt (nur Pst),4,0,19
69834,2019-03-31,501,Bischofshofen,Frauen,20 bis 24 Jahre,B9999,unbestimmt (nur Pst),1,20,24
69864,2019-03-31,501,Bischofshofen,Frauen,30 bis 34 Jahre,B9999,unbestimmt (nur Pst),1,30,34
69890,2019-03-31,501,Bischofshofen,Frauen,35 bis 39 Jahre,B9999,unbestimmt (nur Pst),2,35,39
69904,2019-03-31,501,Bischofshofen,Frauen,40 bis 44 Jahre,B9999,unbestimmt (nur Pst),1,40,44
69952,2019-03-31,501,Bischofshofen,Männer,bis 19 Jahre,B9999,unbestimmt (nur Pst),1,0,19
70005,2019-03-31,501,Bischofshofen,Männer,40 bis 44 Jahre,B9999,unbestimmt (nur Pst),1,40,44
70015,2019-03-31,501,Bischofshofen,Männer,45 bis 49 Jahre,B9999,unbestimmt (nur Pst),1,45,49
70021,2019-03-31,501,Bischofshofen,Männer,60 bis 64 Jahre,B9999,unbestimmt (nur Pst),1,60,64
70033,2019-03-31,503,Hallein,Frauen,bis 19 Jahre,B9999,unbestimmt (nur Pst),4,0,19
70350,2019-03-31,504,Salzburg,Frauen,35 bis 39 Jahre,B9999,unbestimmt (nur Pst),2,35,39
70380,2019-03-31,504,Salzburg,Frauen,40 bis 44 Jahre,B9999,unbestimmt (nur Pst),1,40,44
70436,2019-03-31,504,Salzburg,Frauen,50 bis 54 Jahre,B9999,unbestimmt (nur Pst),2,50,54
70711,2019-03-31,504,Salzburg,Männer,40 bis 44 Jahre,B9999,unbestimmt (nur Pst),1,40,44
70757,2019-03-31,504,Salzburg,Männer,50 bis 54 Jahre,B9999,unbestimmt (nur Pst),1,50,54
70841,2019-03-31,506,Zell am See,Frauen,bis 19 Jahre,B9999,unbestimmt (nur Pst),2,0,19
70851,2019-03-31,506,Zell am See,Frauen,20 bis 24 Jahre,B9999,unbestimmt (nur Pst),1,20,24
70865,2019-03-31,506,Zell am See,Frauen,25 bis 29 Jahre,B9999,unbestimmt (nur Pst),1,25,29
70905,2019-03-31,506,Zell am See,Frauen,45 bis 49 Jahre,B9999,unbestimmt (nur Pst),1,45,49
70933,2019-03-31,506,Zell am See,Männer,bis 19 Jahre,B9999,unbestimmt (nur Pst),5,0,19
71009,2019-03-31,601,Bruck/Mur,Frauen,bis 19 Jahre,B9999,unbestimmt (nur Pst),5,0,19
71035,2019-03-31,601,Bruck/Mur,Frauen,20 bis 24 Jahre,B9999,unbestimmt (nur Pst),4,20,24
71109,2019-03-31,601,Bruck/Mur,Frauen,50 bis 54 Jahre,B9999,unbestimmt (nur Pst),2,50,54
71132,2019-03-31,601,Bruck/Mur,Männer,bis 19 Jahre,B9999,unbestimmt (nur Pst),5,0,19
71162,2019-03-31,601,Bruck/Mur,Männer,20 bis 24 Jahre,B9999,unbestimmt (nur Pst),1,20,24
71178,2019-03-31,601,Bruck/Mur,Männer,25 bis 29 Jahre,B9999,unbestimmt (nur Pst),2,25,29
71340,2019-03-31,603,Deutschlandsberg,Frauen,45 bis 49 Jahre,B9999,unbestimmt (nur Pst),1,45,49
71467,2019-03-31,604,Feldbach,Frauen,bis 19 Jahre,B9999,unbestimmt (nur Pst),2,0,19
71620,2019-03-31,604,Feldbach,Männer,bis 19 Jahre,B9999,unbestimmt (nur Pst),2,0,19
71759,2019-03-31,606,Gleisdorf,Frauen,20 bis 24 Jahre,B9999,unbestimmt (nur Pst),1,20,24
71836,2019-03-31,606,Gleisdorf,Männer,bis 19 Jahre,B9999,unbestimmt (nur Pst),2,0,19
71912,2019-03-31,609,Hartberg,Frauen,bis 19 Jahre,B9999,unbestimmt (nur Pst),5,0,19
72035,2019-03-31,609,Hartberg,Frauen,45 bis 49 Jahre,B9999,unbestimmt (nur Pst),1,45,49
72055,2019-03-31,609,Hartberg,Frauen,55 bis 59 Jahre,B9999,unbestimmt (nur Pst),1,55,59
72073,2019-03-31,609,Hartberg,Männer,bis 19 Jahre,B9999,unbestimmt (nur Pst),2,0,19
72108,2019-03-31,609,Hartberg,Männer,20 bis 24 Jahre,B9999,unbestimmt (nur Pst),2,20,24
72211,2019-03-31,610,Judenburg,Frauen,bis 19 Jahre,B9999,unbestimmt (nur Pst),1,0,19
72229,2019-03-31,610,Judenburg,Frauen,20 bis 24 Jahre,B9999,unbestimmt (nur Pst),2,20,24
72243,2019-03-31,610,Judenburg,Frauen,25 bis 29 Jahre,B9999,unbestimmt (nur Pst),2,25,29
72253,2019-03-31,610,Judenburg,Frauen,30 bis 34 Jahre,B9999,unbestimmt (nur Pst),1,30,34
72266,2019-03-31,610,Judenburg,Frauen,35 bis 39 Jahre,B9999,unbestimmt (nur Pst),1,35,39
72306,2019-03-31,610,Judenburg,Männer,bis 19 Jahre,B9999,unbestimmt (nur Pst),7,0,19
72327,2019-03-31,610,Judenburg,Männer,20 bis 24 Jahre,B9999,unbestimmt (nur Pst),2,20,24
72341,2019-03-31,610,Judenburg,Männer,25 bis 29 Jahre,B9999,unbestimmt (nur Pst),1,25,29
72372,2019-03-31,610,Judenburg,Männer,50 bis 54 Jahre,B9999,unbestimmt (nur Pst),1,50,54
72386,2019-03-31,611,Murau,Frauen,bis 19 Jahre,B9999,unbestimmt (nur Pst),1,0,19
72391,2019-03-31,611,Murau,Frauen,20 bis 24 Jahre,B9999,unbestimmt (nur Pst),3,20,24
72436,2019-03-31,611,Murau,Männer,bis 19 Jahre,B9999,unbestimmt (nur Pst),1,0,19
72467,2019-03-31,611,Murau,Männer,35 bis 39 Jahre,B9999,unbestimmt (nur Pst),1,35,39
72490,2019-03-31,613,Knittelfeld,Frauen,bis 19 Jahre,B9999,unbestimmt (nur Pst),2,0,19
72622,2019-03-31,614,Leibnitz,Frauen,bis 19 Jahre,B9999,unbestimmt (nur Pst),2,0,19
72643,2019-03-31,614,Leibnitz,Frauen,20 bis 24 Jahre,B9999,unbestimmt (nur Pst),1,20,24
72680,2019-03-31,614,Leibnitz,Frauen,30 bis 34 Jahre,B9999,unbestimmt (nur Pst),2,30,34
72732,2019-03-31,614,Leibnitz,Frauen,45 bis 49 Jahre,B9999,unbestimmt (nur Pst),1,45,49
72774,2019-03-31,614,Leibnitz,Männer,bis 19 Jahre,B9999,unbestimmt (nur Pst),3,0,19
72804,2019-03-31,614,Leibnitz,Männer,20 bis 24 Jahre,B9999,unbestimmt (nur Pst),2,20,24
72916,2019-03-31,616,Leoben,Frauen,bis 19 Jahre,B9999,unbestimmt (nur Pst),2,0,19
72938,2019-03-31,616,Leoben,Frauen,20 bis 24 Jahre,B9999,unbestimmt (nur Pst),1,20,24
72962,2019-03-31,616,Leoben,Frauen,25 bis 29 Jahre,B9999,unbestimmt (nur Pst),1,25,29
73054,2019-03-31,616,Leoben,Männer,bis 19 Jahre,B9999,unbestimmt (nur Pst),5,0,19
73076,2019-03-31,616,Leoben,Männer,20 bis 24 Jahre,B9999,unbestimmt (nur Pst),3,20,24
73141,2019-03-31,618,Liezen,Frauen,bis 19 Jahre,B9999,unbestimmt (nur Pst),3,0,19
73348,2019-03-31,621,Mürzzuschlag,Frauen,bis 19 Jahre,B9999,unbestimmt (nur Pst),3,0,19
73362,2019-03-31,621,Mürzzuschlag,Frauen,20 bis 24 Jahre,B9999,unbestimmt (nur Pst),2,20,24
73394,2019-03-31,621,Mürzzuschlag,Frauen,40 bis 44 Jahre,B9999,unbestimmt (nur Pst),1,40,44
73431,2019-03-31,621,Mürzzuschlag,Männer,bis 19 Jahre,B9999,unbestimmt (nur Pst),1,0,19
73445,2019-03-31,621,Mürzzuschlag,Männer,20 bis 24 Jahre,B9999,unbestimmt (nur Pst),1,20,24
73514,2019-03-31,622,Voitsberg,Frauen,bis 19 Jahre,B9999,unbestimmt (nur Pst),2,0,19
73538,2019-03-31,622,Voitsberg,Frauen,20 bis 24 Jahre,B9999,unbestimmt (nur Pst),1,20,24
73715,2019-03-31,623,Weiz,Frauen,bis 19 Jahre,B9999,unbestimmt (nur Pst),1,0,19
73771,2019-03-31,623,Weiz,Frauen,45 bis 49 Jahre,B9999,unbestimmt (nur Pst),1,45,49
73779,2019-03-31,623,Weiz,Frauen,50 bis 54 Jahre,B9999,unbestimmt (nur Pst),1,50,54
73814,2019-03-31,623,Weiz,Männer,20 bis 24 Jahre,B9999,unbestimmt (nur Pst),2,20,24
73839,2019-03-31,623,Weiz,Männer,45 bis 49 Jahre,B9999,unbestimmt (nur Pst),1,45,49
73897,2019-03-31,630,Graz-West und Umgebung,Frauen,bis 19 Jahre,B9999,unbestimmt (nur Pst),7,0,19
73954,2019-03-31,630,Graz-West und Umgebung,Frauen,20 bis 24 Jahre,B9999,unbestimmt (nur Pst),4,20,24
74001,2019-03-31,630,Graz-West und Umgebung,Frauen,25 bis 29 Jahre,B9999,unbestimmt (nur Pst),1,25,29
74136,2019-03-31,630,Graz-West und Umgebung,Frauen,40 bis 44 Jahre,B9999,unbestimmt (nur Pst),2,40,44
74250,2019-03-31,630,Graz-West und Umgebung,Männer,bis 19 Jahre,B9999,unbestimmt (nur Pst),9,0,19
74332,2019-03-31,630,Graz-West und Umgebung,Männer,20 bis 24 Jahre,B9999,unbestimmt (nur Pst),6,20,24
74394,2019-03-31,630,Graz-West und Umgebung,Männer,25 bis 29 Jahre,B9999,unbestimmt (nur Pst),1,25,29
74652,2019-03-31,631,Graz-Ost,Frauen,bis 19 Jahre,B9999,unbestimmt (nur Pst),4,0,19
74687,2019-03-31,631,Graz-Ost,Frauen,20 bis 24 Jahre,B9999,unbestimmt (nur Pst),2,20,24
74778,2019-03-31,631,Graz-Ost,Frauen,30 bis 34 Jahre,B9999,unbestimmt (nur Pst),1,30,34
74814,2019-03-31,631,Graz-Ost,Frauen,35 bis 39 Jahre,B9999,unbestimmt (nur Pst),1,35,39
74924,2019-03-31,631,Graz-Ost,Männer,bis 19 Jahre,B9999,unbestimmt (nur Pst),6,0,19
74967,2019-03-31,631,Graz-Ost,Männer,20 bis 24 Jahre,B9999,unbestimmt (nur Pst),2,20,24
75148,2019-03-31,631,Graz-Ost,Männer,60 bis 64 Jahre,B9999,unbestimmt (nur Pst),1,60,64
75154,2019-03-31,701,Imst,Frauen,bis 19 Jahre,B9999,unbestimmt (nur Pst),3,0,19
75198,2019-03-31,701,Imst,Männer,bis 19 Jahre,B9999,unbestimmt (nur Pst),3,0,19
75247,2019-03-31,702,Innsbruck,Frauen,bis 19 Jahre,B9999,unbestimmt (nur Pst),1,0,19
75271,2019-03-31,702,Innsbruck,Frauen,20 bis 24 Jahre,B9999,unbestimmt (nur Pst),1,20,24
75302,2019-03-31,702,Innsbruck,Frauen,25 bis 29 Jahre,B9999,unbestimmt (nur Pst),4,25,29
75330,2019-03-31,702,Innsbruck,Frauen,30 bis 34 Jahre,B9999,unbestimmt (nur Pst),1,30,34
75356,2019-03-31,702,Innsbruck,Frauen,35 bis 39 Jahre,B9999,unbestimmt (nur Pst),3,35,39
75380,2019-03-31,702,Innsbruck,Frauen,40 bis 44 Jahre,B9999,unbestimmt (nur Pst),2,40,44
75402,2019-03-31,702,Innsbruck,Frauen,45 bis 49 Jahre,B9999,unbestimmt (nur Pst),5,45,49
75422,2019-03-31,702,Innsbruck,Frauen,50 bis 54 Jahre,B9999,unbestimmt (nur Pst),2,50,54
75467,2019-03-31,702,Innsbruck,Männer,bis 19 Jahre,B9999,unbestimmt (nur Pst),1,0,19
75510,2019-03-31,702,Innsbruck,Männer,20 bis 24 Jahre,B9999,unbestimmt (nur Pst),3,20,24
75549,2019-03-31,702,Innsbruck,Männer,25 bis 29 Jahre,B9999,unbestimmt (nur Pst),3,25,29
75586,2019-03-31,702,Innsbruck,Männer,30 bis 34 Jahre,B9999,unbestimmt (nur Pst),1,30,34
75619,2019-03-31,702,Innsbruck,Männer,35 bis 39 Jahre,B9999,unbestimmt (nur Pst),6,35,39
75646,2019-03-31,702,Innsbruck,Männer,40 bis 44 Jahre,B9999,unbestimmt (nur Pst),2,40,44
75674,2019-03-31,702,Innsbruck,Männer,45 bis 49 Jahre,B9999,unbestimmt (nur Pst),1,45,49
75694,2019-03-31,702,Innsbruck,Männer,50 bis 54 Jahre,B9999,unbestimmt (nur Pst),1,50,54
75712,2019-03-31,702,Innsbruck,Männer,60 bis 64 Jahre,B9999,unbestimmt (nur Pst),1,60,64
75777,2019-03-31,705,Kufstein,Frauen,bis 19 Jahre,B9999,unbestimmt (nur Pst),5,0,19
75792,2019-03-31,705,Kufstein,Frauen,20 bis 24 Jahre,B9999,unbestimmt (nur Pst),1,20,24
75810,2019-03-31,705,Kufstein,Frauen,25 bis 29 Jahre,B9999,unbestimmt (nur Pst),1,25,29
75903,2019-03-31,705,Kufstein,Männer,bis 19 Jahre,B9999,unbestimmt (nur Pst),5,0,19
75924,2019-03-31,705,Kufstein,Männer,20 bis 24 Jahre,B9999,unbestimmt (nur Pst),1,20,24
75935,2019-03-31,705,Kufstein,Männer,25 bis 29 Jahre,B9999,unbestimmt (nur Pst),1,25,29
75987,2019-03-31,706,Landeck,Frauen,bis 19 Jahre,B9999,unbestimmt (nur Pst),1,0,19
76025,2019-03-31,706,Landeck,Männer,bis 19 Jahre,B9999,unbestimmt (nur Pst),1,0,19
76031,2019-03-31,706,Landeck,Männer,20 bis 24 Jahre,B9999,unbestimmt (nur Pst),1,20,24
76059,2019-03-31,707,Lienz,Frauen,bis 19 Jahre,B9999,unbestimmt (nur Pst),1,0,19
76126,2019-03-31,707,Lienz,Männer,25 bis 29 Jahre,B9999,unbestimmt (nur Pst),1,25,29
76206,2019-03-31,709,Schwaz,Frauen,bis 19 Jahre,B9999,unbestimmt (nur Pst),2,0,19
76263,2019-03-31,709,Schwaz,Frauen,45 bis 49 Jahre,B9999,unbestimmt (nur Pst),1,45,49
76284,2019-03-31,709,Schwaz,Männer,bis 19 Jahre,B9999,unbestimmt (nur Pst),5,0,19
76314,2019-03-31,709,Schwaz,Männer,35 bis 39 Jahre,B9999,unbestimmt (nur Pst),1,35,39
76441,2019-03-31,801,Bludenz,Männer,bis 19 Jahre,B9999,unbestimmt (nur Pst),1,0,19
76574,2019-03-31,802,Bregenz,Frauen,20 bis 24 Jahre,B9999,unbestimmt (nur Pst),1,20,24
76636,2019-03-31,802,Bregenz,Frauen,35 bis 39 Jahre,B9999,unbestimmt (nur Pst),1,35,39
76739,2019-03-31,802,Bregenz,Männer,bis 19 Jahre,B9999,unbestimmt (nur Pst),2,0,19
76779,2019-03-31,802,Bregenz,Männer,20 bis 24 Jahre,B9999,unbestimmt (nur Pst),1,20,24
76920,2019-03-31,804,Dornbirn,Frauen,bis 19 Jahre,B9999,unbestimmt (nur Pst),1,0,19
77025,2019-03-31,804,Dornbirn,Frauen,40 bis 44 Jahre,B9999,unbestimmt (nur Pst),1,40,44
77054,2019-03-31,804,Dornbirn,Frauen,50 bis 54 Jahre,B9999,unbestimmt (nur Pst),1,50,54
77091,2019-03-31,804,Dornbirn,Männer,bis 19 Jahre,B9999,unbestimmt (nur Pst),1,0,19
77127,2019-03-31,804,Dornbirn,Männer,20 bis 24 Jahre,B9999,unbestimmt (nur Pst),2,20,24
77220,2019-03-31,804,Dornbirn,Männer,55 bis 59 Jahre,B9999,unbestimmt (nur Pst),2,55,59
77239,2019-03-31,805,Feldkirch,Frauen,bis 19 Jahre,B9999,unbestimmt (nur Pst),4,0,19
77293,2019-03-31,805,Feldkirch,Frauen,25 bis 29 Jahre,B9999,unbestimmt (nur Pst),1,25,29
77420,2019-03-31,805,Feldkirch,Männer,bis 19 Jahre,B9999,unbestimmt (nur Pst),2,0,19
77482,2019-03-31,805,Feldkirch,Männer,25 bis 29 Jahre,B9999,unbestimmt (nur Pst),1,25,29
77513,2019-03-31,805,Feldkirch,Männer,35 bis 39 Jahre,B9999,unbestimmt (nur Pst),2,35,39
77834,2019-03-31,958,Wien Johnstraße,Männer,20 bis 24 Jahre,B9999,unbestimmt (nur Pst),1,20,24
78298,2019-03-31,959,Wien Hauffgasse,Frauen,45 bis 49 Jahre,B9999,unbestimmt (nur Pst),1,45,49
78380,2019-03-31,959,Wien Hauffgasse,Männer,20 bis 24 Jahre,B9999,unbestimmt (nur Pst),1,20,24
78898,2019-03-31,960,Wien Esteplatz,Männer,20 bis 24 Jahre,B9999,unbestimmt (nur Pst),1,20,24
79221,2019-03-31,962,Wien Redergasse,Frauen,25 bis 29 Jahre,B9999,unbestimmt (nur Pst),1,25,29
80422,2019-03-31,964,Wien Favoritenstraße,Frauen,25 bis 29 Jahre,B9999,unbestimmt (nur Pst),1,25,29
80484,2019-03-31,964,Wien Favoritenstraße,Frauen,30 bis 34 Jahre,B9999,unbestimmt (nur Pst),1,30,34
80532,2019-03-31,964,Wien Favoritenstraße,Frauen,35 bis 39 Jahre,B9999,unbestimmt (nur Pst),1,35,39
80623,2019-03-31,964,Wien Favoritenstraße,Frauen,45 bis 49 Jahre,B9999,unbestimmt (nur Pst),1,45,49
81486,2019-03-31,965,Wien Schönbrunner Straße,Männer,20 bis 24 Jahre,B9999,unbestimmt (nur Pst),1,20,24
81660,2019-03-31,965,Wien Schönbrunner Straße,Männer,35 bis 39 Jahre,B9999,unbestimmt (nur Pst),1,35,39
81837,2019-03-31,965,Wien Schönbrunner Straße,Männer,55 bis 59 Jahre,B9999,unbestimmt (nur Pst),1,55,59
82138,2019-03-31,966,Wien Hietzinger Kai,Männer,20 bis 24 Jahre,B9999,unbestimmt (nur Pst),1,20,24
82178,2019-03-31,966,Wien Hietzinger Kai,Männer,25 bis 29 Jahre,B9999,unbestimmt (nur Pst),1,25,29
82290,2019-03-31,966,Wien Hietzinger Kai,Männer,40 bis 44 Jahre,B9999,unbestimmt (nur Pst),1,40,44
82372,2019-03-31,966,Wien Hietzinger Kai,Männer,60 bis 64 Jahre,B9999,unbestimmt (nur Pst),1,60,64
82458,2019-03-31,967,Wien Huttengasse,Frauen,25 bis 29 Jahre,B9999,unbestimmt (nur Pst),1,25,29
82770,2019-03-31,967,Wien Huttengasse,Männer,20 bis 24 Jahre,B9999,unbestimmt (nur Pst),1,20,24
83533,2019-03-31,968,Wien Schloßhofer Straße,Männer,20 bis 24 Jahre,B9999,unbestimmt (nur Pst),2,20,24
84519,2019-03-31,970,Wien Jugendliche,Frauen,bis 19 Jahre,B9999,unbestimmt (nur Pst),41,0,19
84592,2019-03-31,970,Wien Jugendliche,Frauen,20 bis 24 Jahre,B9999,unbestimmt (nur Pst),5,20,24
84691,2019-03-31,970,Wien Jugendliche,Männer,bis 19 Jahre,B9999,unbestimmt (nur Pst),28,0,19
84785,2019-03-31,970,Wien Jugendliche,Männer,20 bis 24 Jahre,B9999,unbestimmt (nur Pst),7,20,24
85797,2019-04-30,101,Eisenstadt,Frauen,bis 19 Jahre,B9999,unbestimmt (nur Pst),1,0,19
86057,2019-04-30,102,Mattersburg,Männer,bis 19 Jahre,B9999,unbestimmt (nur Pst),1,0,19
86498,2019-04-30,105,Oberwart,Frauen,40 bis 44 Jahre,B9999,unbestimmt (nur Pst),1,40,44
87004,2019-04-30,202,Hermagor,Frauen,20 bis 24 Jahre,B9999,unbestimmt (nur Pst),1,20,24
87013,2019-04-30,202,Hermagor,Frauen,40 bis 44 Jahre,B9999,unbestimmt (nur Pst),1,40,44
87064,2019-04-30,203,Klagenfurt,Frauen,bis 19 Jahre,B9999,unbestimmt (nur Pst),3,0,19
87091,2019-04-30,203,Klagenfurt,Frauen,20 bis 24 Jahre,B9999,unbestimmt (nur Pst),3,20,24
87118,2019-04-30,203,Klagenfurt,Frauen,25 bis 29 Jahre,B9999,unbestimmt (nur Pst),1,25,29
87196,2019-04-30,203,Klagenfurt,Frauen,40 bis 44 Jahre,B9999,unbestimmt (nur Pst),1,40,44
87236,2019-04-30,203,Klagenfurt,Frauen,50 bis 54 Jahre,B9999,unbestimmt (nur Pst),1,50,54
87323,2019-04-30,203,Klagenfurt,Männer,20 bis 24 Jahre,B9999,unbestimmt (nur Pst),2,20,24
87367,2019-04-30,203,Klagenfurt,Männer,30 bis 34 Jahre,B9999,unbestimmt (nur Pst),1,30,34
87407,2019-04-30,203,Klagenfurt,Männer,40 bis 44 Jahre,B9999,unbestimmt (nur Pst),1,40,44
87470,2019-04-30,204,Spittal/Drau,Frauen,bis 19 Jahre,B9999,unbestimmt (nur Pst),1,0,19
87598,2019-04-30,204,Spittal/Drau,Männer,20 bis 24 Jahre,B9999,unbestimmt (nur Pst),1,20,24
87835,2019-04-30,206,Villach,Frauen,bis 19 Jahre,B9999,unbestimmt (nur Pst),1,0,19
88338,2019-04-30,208,Wolfsberg,Frauen,20 bis 24 Jahre,B9999,unbestimmt (nur Pst),1,20,24
88490,2019-04-30,301,Amstetten,Frauen,bis 19 Jahre,B9999,unbestimmt (nur Pst),5,0,19
88513,2019-04-30,301,Amstetten,Frauen,20 bis 24 Jahre,B9999,unbestimmt (nur Pst),2,20,24
88575,2019-04-30,301,Amstetten,Frauen,35 bis 39 Jahre,B9999,unbestimmt (nur Pst),1,35,39
88648,2019-04-30,301,Amstetten,Männer,bis 19 Jahre,B9999,unbestimmt (nur Pst),5,0,19
88726,2019-04-30,301,Amstetten,Männer,35 bis 39 Jahre,B9999,unbestimmt (nur Pst),1,35,39
88788,2019-04-30,304,Baden neu,Frauen,bis 19 Jahre,B9999,unbestimmt (nur Pst),9,0,19
88824,2019-04-30,304,Baden neu,Frauen,20 bis 24 Jahre,B9999,unbestimmt (nur Pst),3,20,24
88850,2019-04-30,304,Baden neu,Frauen,25 bis 29 Jahre,B9999,unbestimmt (nur Pst),3,25,29
88897,2019-04-30,304,Baden neu,Frauen,35 bis 39 Jahre,B9999,unbestimmt (nur Pst),1,35,39
88923,2019-04-30,304,Baden neu,Frauen,40 bis 44 Jahre,B9999,unbestimmt (nur Pst),1,40,44
89000,2019-04-30,304,Baden neu,Männer,bis 19 Jahre,B9999,unbestimmt (nur Pst),17,0,19
89049,2019-04-30,304,Baden neu,Männer,20 bis 24 Jahre,B9999,unbestimmt (nur Pst),3,20,24
89071,2019-04-30,304,Baden neu,Männer,25 bis 29 Jahre,B9999,unbestimmt (nur Pst),2,25,29
89193,2019-04-30,306,Bruck/Leitha,Frauen,bis 19 Jahre,B9999,unbestimmt (nur Pst),4,0,19
89205,2019-04-30,306,Bruck/Leitha,Frauen,20 bis 24 Jahre,B9999,unbestimmt (nur Pst),2,20,24
89285,2019-04-30,306,Bruck/Leitha,Männer,bis 19 Jahre,B9999,unbestimmt (nur Pst),7,0,19
89380,2019-04-30,308,Gänserndorf,Frauen,bis 19 Jahre,B9999,unbestimmt (nur Pst),2,0,19
89414,2019-04-30,308,Gänserndorf,Frauen,20 bis 24 Jahre,B9999,unbestimmt (nur Pst),1,20,24
89589,2019-04-30,308,Gänserndorf,Männer,bis 19 Jahre,B9999,unbestimmt (nur Pst),7,0,19
89635,2019-04-30,308,Gänserndorf,Männer,20 bis 24 Jahre,B9999,unbestimmt (nur Pst),1,20,24
89749,2019-04-30,311,Gmünd,Frauen,bis 19 Jahre,B9999,unbestimmt (nur Pst),1,0,19
89788,2019-04-30,311,Gmünd,Frauen,35 bis 39 Jahre,B9999,unbestimmt (nur Pst),1,35,39
89875,2019-04-30,311,Gmünd,Männer,40 bis 44 Jahre,B9999,unbestimmt (nur Pst),1,40,44
89910,2019-04-30,312,Hollabrunn,Frauen,bis 19 Jahre,B9999,unbestimmt (nur Pst),3,0,19
89924,2019-04-30,312,Hollabrunn,Frauen,20 bis 24 Jahre,B9999,unbestimmt (nur Pst),1,20,24
90018,2019-04-30,312,Hollabrunn,Männer,bis 19 Jahre,B9999,unbestimmt (nur Pst),2,0,19
90107,2019-04-30,313,Horn,Frauen,20 bis 24 Jahre,B9999,unbestimmt (nur Pst),3,20,24
90155,2019-04-30,313,Horn,Männer,bis 19 Jahre,B9999,unbestimmt (nur Pst),2,0,19
90165,2019-04-30,313,Horn,Männer,20 bis 24 Jahre,B9999,unbestimmt (nur Pst),3,20,24
90230,2019-04-30,314,Korneuburg,Frauen,20 bis 24 Jahre,B9999,unbestimmt (nur Pst),2,20,24
90292,2019-04-30,314,Korneuburg,Frauen,40 bis 44 Jahre,B9999,unbestimmt (nur Pst),1,40,44
90357,2019-04-30,314,Korneuburg,Männer,bis 19 Jahre,B9999,unbestimmt (nur Pst),7,0,19
90623,2019-04-30,315,Krems,Männer,bis 19 Jahre,B9999,unbestimmt (nur Pst),1,0,19
90646,2019-04-30,315,Krems,Männer,20 bis 24 Jahre,B9999,unbestimmt (nur Pst),1,20,24
90731,2019-04-30,316,Lilienfeld,Frauen,bis 19 Jahre,B9999,unbestimmt (nur Pst),1,0,19
90750,2019-04-30,316,Lilienfeld,Frauen,25 bis 29 Jahre,B9999,unbestimmt (nur Pst),1,25,29
90757,2019-04-30,316,Lilienfeld,Frauen,30 bis 34 Jahre,B9999,unbestimmt (nur Pst),3,30,34
90764,2019-04-30,316,Lilienfeld,Frauen,35 bis 39 Jahre,B9999,unbestimmt (nur Pst),1,35,39
90771,2019-04-30,316,Lilienfeld,Frauen,40 bis 44 Jahre,B9999,unbestimmt (nur Pst),1,40,44
90829,2019-04-30,316,Lilienfeld,Männer,30 bis 34 Jahre,B9999,unbestimmt (nur Pst),1,30,34
91073,2019-04-30,319,Mistelbach,Frauen,bis 19 Jahre,B9999,unbestimmt (nur Pst),6,0,19
91109,2019-04-30,319,Mistelbach,Frauen,25 bis 29 Jahre,B9999,unbestimmt (nur Pst),1,25,29
91161,2019-04-30,319,Mistelbach,Frauen,45 bis 49 Jahre,B9999,unbestimmt (nur Pst),1,45,49
91189,2019-04-30,319,Mistelbach,Männer,bis 19 Jahre,B9999,unbestimmt (nur Pst),3,0,19
91289,2019-04-30,321,Mödling,Frauen,bis 19 Jahre,B9999,unbestimmt (nur Pst),1,0,19
91313,2019-04-30,321,Mödling,Frauen,20 bis 24 Jahre,B9999,unbestimmt (nur Pst),3,20,24
91354,2019-04-30,321,Mödling,Frauen,30 bis 34 Jahre,B9999,unbestimmt (nur Pst),1,30,34
91467,2019-04-30,321,Mödling,Männer,bis 19 Jahre,B9999,unbestimmt (nur Pst),10,0,19
91505,2019-04-30,321,Mödling,Männer,20 bis 24 Jahre,B9999,unbestimmt (nur Pst),2,20,24
91518,2019-04-30,321,Mödling,Männer,25 bis 29 Jahre,B9999,unbestimmt (nur Pst),2,25,29
91624,2019-04-30,323,Neunkirchen,Frauen,bis 19 Jahre,B9999,unbestimmt (nur Pst),1,0,19
91653,2019-04-30,323,Neunkirchen,Frauen,20 bis 24 Jahre,B9999,unbestimmt (nur Pst),1,20,24
91919,2019-04-30,326,St. Pölten,Frauen,bis 19 Jahre,B9999,unbestimmt (nur Pst),9,0,19
91959,2019-04-30,326,St. Pölten,Frauen,20 bis 24 Jahre,B9999,unbestimmt (nur Pst),3,20,24
92009,2019-04-30,326,St. Pölten,Frauen,30 bis 34 Jahre,B9999,unbestimmt (nur Pst),1,30,34
92162,2019-04-30,326,St. Pölten,Männer,bis 19 Jahre,B9999,unbestimmt (nur Pst),3,0,19
92214,2019-04-30,326,St. Pölten,Männer,20 bis 24 Jahre,B9999,unbestimmt (nur Pst),2,20,24
92408,2019-04-30,328,Scheibbs,Frauen,bis 19 Jahre,B9999,unbestimmt (nur Pst),4,0,19
92419,2019-04-30,328,Scheibbs,Frauen,20 bis 24 Jahre,B9999,unbestimmt (nur Pst),1,20,24
92469,2019-04-30,328,Scheibbs,Männer,bis 19 Jahre,B9999,unbestimmt (nur Pst),2,0,19
92513,2019-04-30,329,Schwechat,Frauen,bis 19 Jahre,B9999,unbestimmt (nur Pst),1,0,19
92636,2019-04-30,329,Schwechat,Männer,bis 19 Jahre,B9999,unbestimmt (nur Pst),2,0,19
92733,2019-04-30,329,Schwechat,Männer,65 Jahre und älter,B9999,unbestimmt (nur Pst),1,65,99
92750,2019-04-30,331,Tulln,Frauen,bis 19 Jahre,B9999,unbestimmt (nur Pst),4,0,19
92774,2019-04-30,331,Tulln,Frauen,20 bis 24 Jahre,B9999,unbestimmt (nur Pst),3,20,24
92795,2019-04-30,331,Tulln,Frauen,25 bis 29 Jahre,B9999,unbestimmt (nur Pst),2,25,29
92833,2019-04-30,331,Tulln,Frauen,35 bis 39 Jahre,B9999,unbestimmt (nur Pst),2,35,39
92846,2019-04-30,331,Tulln,Frauen,40 bis 44 Jahre,B9999,unbestimmt (nur Pst),1,40,44
92909,2019-04-30,331,Tulln,Männer,bis 19 Jahre,B9999,unbestimmt (nur Pst),12,0,19
92934,2019-04-30,331,Tulln,Männer,20 bis 24 Jahre,B9999,unbestimmt (nur Pst),3,20,24
92950,2019-04-30,331,Tulln,Männer,25 bis 29 Jahre,B9999,unbestimmt (nur Pst),1,25,29
93008,2019-04-30,331,Tulln,Männer,50 bis 54 Jahre,B9999,unbestimmt (nur Pst),1,50,54
93027,2019-04-30,332,Waidhofen/Thaya,Frauen,bis 19 Jahre,B9999,unbestimmt (nur Pst),1,0,19
93037,2019-04-30,332,Waidhofen/Thaya,Frauen,20 bis 24 Jahre,B9999,unbestimmt (nur Pst),1,20,24
93086,2019-04-30,332,Waidhofen/Thaya,Männer,bis 19 Jahre,B9999,unbestimmt (nur Pst),1,0,19
93180,2019-04-30,333,Waidhofen/Ybbs,Männer,bis 19 Jahre,B9999,unbestimmt (nur Pst),1,0,19
93239,2019-04-30,334,Wr. Neustadt,Frauen,bis 19 Jahre,B9999,unbestimmt (nur Pst),6,0,19
93268,2019-04-30,334,Wr. Neustadt,Frauen,20 bis 24 Jahre,B9999,unbestimmt (nur Pst),1,20,24
93438,2019-04-30,334,Wr. Neustadt,Männer,bis 19 Jahre,B9999,unbestimmt (nur Pst),2,0,19
93477,2019-04-30,334,Wr. Neustadt,Männer,20 bis 24 Jahre,B9999,unbestimmt (nur Pst),3,20,24
93604,2019-04-30,335,Zwettl,Frauen,bis 19 Jahre,B9999,unbestimmt (nur Pst),1,0,19
93729,2019-04-30,401,Braunau,Frauen,bis 19 Jahre,B9999,unbestimmt (nur Pst),7,0,19
93780,2019-04-30,401,Braunau,Frauen,25 bis 29 Jahre,B9999,unbestimmt (nur Pst),4,25,29
93794,2019-04-30,401,Braunau,Frauen,30 bis 34 Jahre,B9999,unbestimmt (nur Pst),1,30,34
93814,2019-04-30,401,Braunau,Frauen,35 bis 39 Jahre,B9999,unbestimmt (nur Pst),1,35,39
93854,2019-04-30,401,Braunau,Frauen,55 bis 59 Jahre,B9999,unbestimmt (nur Pst),1,55,59
93876,2019-04-30,401,Braunau,Männer,bis 19 Jahre,B9999,unbestimmt (nur Pst),13,0,19
93901,2019-04-30,401,Braunau,Männer,20 bis 24 Jahre,B9999,unbestimmt (nur Pst),2,20,24
93921,2019-04-30,401,Braunau,Männer,25 bis 29 Jahre,B9999,unbestimmt (nur Pst),2,25,29
94007,2019-04-30,402,Eferding,Frauen,20 bis 24 Jahre,B9999,unbestimmt (nur Pst),1,20,24
94078,2019-04-30,402,Eferding,Männer,30 bis 34 Jahre,B9999,unbestimmt (nur Pst),1,30,34
94328,2019-04-30,404,Gmunden,Frauen,bis 19 Jahre,B9999,unbestimmt (nur Pst),2,0,19
94478,2019-04-30,404,Gmunden,Männer,bis 19 Jahre,B9999,unbestimmt (nur Pst),3,0,19
94521,2019-04-30,404,Gmunden,Männer,25 bis 29 Jahre,B9999,unbestimmt (nur Pst),1,25,29
94699,2019-04-30,406,Grieskirchen,Frauen,40 bis 44 Jahre,B9999,unbestimmt (nur Pst),1,40,44
94758,2019-04-30,406,Grieskirchen,Männer,20 bis 24 Jahre,B9999,unbestimmt (nur Pst),2,20,24
94824,2019-04-30,407,Kirchdorf/Krems,Frauen,bis 19 Jahre,B9999,unbestimmt (nur Pst),3,0,19
94858,2019-04-30,407,Kirchdorf/Krems,Frauen,25 bis 29 Jahre,B9999,unbestimmt (nur Pst),1,25,29
94935,2019-04-30,407,Kirchdorf/Krems,Männer,bis 19 Jahre,B9999,unbestimmt (nur Pst),2,0,19
95052,2019-04-30,409,Linz neu,Frauen,bis 19 Jahre,B9999,unbestimmt (nur Pst),17,0,19
95100,2019-04-30,409,Linz neu,Frauen,20 bis 24 Jahre,B9999,unbestimmt (nur Pst),7,20,24
95140,2019-04-30,409,Linz neu,Frauen,25 bis 29 Jahre,B9999,unbestimmt (nur Pst),5,25,29
95182,2019-04-30,409,Linz neu,Frauen,30 bis 34 Jahre,B9999,unbestimmt (nur Pst),1,30,34
95220,2019-04-30,409,Linz neu,Frauen,35 bis 39 Jahre,B9999,unbestimmt (nur Pst),5,35,39
95264,2019-04-30,409,Linz neu,Frauen,40 bis 44 Jahre,B9999,unbestimmt (nur Pst),5,40,44
95297,2019-04-30,409,Linz neu,Frauen,45 bis 49 Jahre,B9999,unbestimmt (nur Pst),1,45,49
95342,2019-04-30,409,Linz neu,Frauen,55 bis 59 Jahre,B9999,unbestimmt (nur Pst),2,55,59
95382,2019-04-30,409,Linz neu,Männer,bis 19 Jahre,B9999,unbestimmt (nur Pst),27,0,19
95456,2019-04-30,409,Linz neu,Männer,20 bis 24 Jahre,B9999,unbestimmt (nur Pst),8,20,24
95513,2019-04-30,409,Linz neu,Männer,25 bis 29 Jahre,B9999,unbestimmt (nur Pst),2,25,29
95561,2019-04-30,409,Linz neu,Männer,30 bis 34 Jahre,B9999,unbestimmt (nur Pst),2,30,34
95608,2019-04-30,409,Linz neu,Männer,35 bis 39 Jahre,B9999,unbestimmt (nur Pst),3,35,39
95646,2019-04-30,409,Linz neu,Männer,40 bis 44 Jahre,B9999,unbestimmt (nur Pst),1,40,44
95712,2019-04-30,409,Linz neu,Männer,50 bis 54 Jahre,B9999,unbestimmt (nur Pst),2,50,54
95751,2019-04-30,411,Perg,Frauen,bis 19 Jahre,B9999,unbestimmt (nur Pst),1,0,19
95762,2019-04-30,411,Perg,Frauen,20 bis 24 Jahre,B9999,unbestimmt (nur Pst),1,20,24
95818,2019-04-30,411,Perg,Frauen,40 bis 44 Jahre,B9999,unbestimmt (nur Pst),1,40,44
95864,2019-04-30,411,Perg,Männer,bis 19 Jahre,B9999,unbestimmt (nur Pst),1,0,19
95988,2019-04-30,412,Ried im Innkreis,Frauen,bis 19 Jahre,B9999,unbestimmt (nur Pst),3,0,19
96039,2019-04-30,412,Ried im Innkreis,Frauen,30 bis 34 Jahre,B9999,unbestimmt (nur Pst),2,30,34
96051,2019-04-30,412,Ried im Innkreis,Frauen,35 bis 39 Jahre,B9999,unbestimmt (nur Pst),1,35,39
96106,2019-04-30,412,Ried im Innkreis,Männer,bis 19 Jahre,B9999,unbestimmt (nur Pst),4,0,19
96124,2019-04-30,412,Ried im Innkreis,Männer,20 bis 24 Jahre,B9999,unbestimmt (nur Pst),2,20,24
96146,2019-04-30,412,Ried im Innkreis,Männer,30 bis 34 Jahre,B9999,unbestimmt (nur Pst),1,30,34
96195,2019-04-30,412,Ried im Innkreis,Männer,55 bis 59 Jahre,B9999,unbestimmt (nur Pst),1,55,59
96205,2019-04-30,413,Rohrbach,Frauen,bis 19 Jahre,B9999,unbestimmt (nur Pst),2,0,19
96240,2019-04-30,413,Rohrbach,Frauen,30 bis 34 Jahre,B9999,unbestimmt (nur Pst),1,30,34
96331,2019-04-30,413,Rohrbach,Männer,40 bis 44 Jahre,B9999,unbestimmt (nur Pst),1,40,44
96360,2019-04-30,414,Schärding,Frauen,bis 19 Jahre,B9999,unbestimmt (nur Pst),1,0,19
96540,2019-04-30,415,Steyr,Frauen,bis 19 Jahre,B9999,unbestimmt (nur Pst),9,0,19
96571,2019-04-30,415,Steyr,Frauen,20 bis 24 Jahre,B9999,unbestimmt (nur Pst),5,20,24
96595,2019-04-30,415,Steyr,Frauen,25 bis 29 Jahre,B9999,unbestimmt (nur Pst),2,25,29
96739,2019-04-30,415,Steyr,Männer,bis 19 Jahre,B9999,unbestimmt (nur Pst),14,0,19
96779,2019-04-30,415,Steyr,Männer,20 bis 24 Jahre,B9999,unbestimmt (nur Pst),2,20,24
96820,2019-04-30,415,Steyr,Männer,30 bis 34 Jahre,B9999,unbestimmt (nur Pst),1,30,34
96902,2019-04-30,418,Vöcklabruck,Frauen,bis 19 Jahre,B9999,unbestimmt (nur Pst),6,0,19
96923,2019-04-30,418,Vöcklabruck,Frauen,20 bis 24 Jahre,B9999,unbestimmt (nur Pst),1,20,24
97092,2019-04-30,418,Vöcklabruck,Männer,bis 19 Jahre,B9999,unbestimmt (nur Pst),3,0,19
97160,2019-04-30,418,Vöcklabruck,Männer,30 bis 34 Jahre,B9999,unbestimmt (nur Pst),1,30,34
97353,2019-04-30,419,Wels,Frauen,35 bis 39 Jahre,B9999,unbestimmt (nur Pst),3,35,39
97397,2019-04-30,419,Wels,Frauen,45 bis 49 Jahre,B9999,unbestimmt (nur Pst),1,45,49
97553,2019-04-30,419,Wels,Männer,35 bis 39 Jahre,B9999,unbestimmt (nur Pst),1,35,39
97603,2019-04-30,419,Wels,Männer,50 bis 54 Jahre,B9999,unbestimmt (nur Pst),1,50,54
97651,2019-04-30,421,Traun,Frauen,bis 19 Jahre,B9999,unbestimmt (nur Pst),3,0,19
97679,2019-04-30,421,Traun,Frauen,20 bis 24 Jahre,B9999,unbestimmt (nur Pst),1,20,24
97752,2019-04-30,421,Traun,Frauen,35 bis 39 Jahre,B9999,unbestimmt (nur Pst),1,35,39
97809,2019-04-30,421,Traun,Frauen,45 bis 49 Jahre,B9999,unbestimmt (nur Pst),1,45,49
97877,2019-04-30,421,Traun,Männer,bis 19 Jahre,B9999,unbestimmt (nur Pst),6,0,19
97913,2019-04-30,421,Traun,Männer,20 bis 24 Jahre,B9999,unbestimmt (nur Pst),2,20,24
97943,2019-04-30,421,Traun,Männer,25 bis 29 Jahre,B9999,unbestimmt (nur Pst),1,25,29
97980,2019-04-30,421,Traun,Männer,35 bis 39 Jahre,B9999,unbestimmt (nur Pst),1,35,39
98065,2019-04-30,501,Bischofshofen,Frauen,bis 19 Jahre,B9999,unbestimmt (nur Pst),4,0,19
98086,2019-04-30,501,Bischofshofen,Frauen,20 bis 24 Jahre,B9999,unbestimmt (nur Pst),1,20,24
98118,2019-04-30,501,Bischofshofen,Frauen,30 bis 34 Jahre,B9999,unbestimmt (nur Pst),1,30,34
98138,2019-04-30,501,Bischofshofen,Frauen,35 bis 39 Jahre,B9999,unbestimmt (nur Pst),1,35,39
98151,2019-04-30,501,Bischofshofen,Frauen,40 bis 44 Jahre,B9999,unbestimmt (nur Pst),2,40,44
98203,2019-04-30,501,Bischofshofen,Männer,bis 19 Jahre,B9999,unbestimmt (nur Pst),2,0,19
98258,2019-04-30,501,Bischofshofen,Männer,40 bis 44 Jahre,B9999,unbestimmt (nur Pst),1,40,44
98268,2019-04-30,501,Bischofshofen,Männer,45 bis 49 Jahre,B9999,unbestimmt (nur Pst),1,45,49
98278,2019-04-30,501,Bischofshofen,Männer,60 bis 64 Jahre,B9999,unbestimmt (nur Pst),1,60,64
98289,2019-04-30,503,Hallein,Frauen,bis 19 Jahre,B9999,unbestimmt (nur Pst),3,0,19
98632,2019-04-30,504,Salzburg,Frauen,35 bis 39 Jahre,B9999,unbestimmt (nur Pst),3,35,39
98664,2019-04-30,504,Salzburg,Frauen,40 bis 44 Jahre,B9999,unbestimmt (nur Pst),1,40,44
98718,2019-04-30,504,Salzburg,Frauen,50 bis 54 Jahre,B9999,unbestimmt (nur Pst),2,50,54
98979,2019-04-30,504,Salzburg,Männer,40 bis 44 Jahre,B9999,unbestimmt (nur Pst),1,40,44
99030,2019-04-30,504,Salzburg,Männer,50 bis 54 Jahre,B9999,unbestimmt (nur Pst),1,50,54
99098,2019-04-30,506,Zell am See,Frauen,bis 19 Jahre,B9999,unbestimmt (nur Pst),2,0,19
99121,2019-04-30,506,Zell am See,Frauen,25 bis 29 Jahre,B9999,unbestimmt (nur Pst),1,25,29
99165,2019-04-30,506,Zell am See,Frauen,45 bis 49 Jahre,B9999,unbestimmt (nur Pst),1,45,49
99195,2019-04-30,506,Zell am See,Männer,bis 19 Jahre,B9999,unbestimmt (nur Pst),3,0,19
99259,2019-04-30,601,Bruck/Mur,Frauen,bis 19 Jahre,B9999,unbestimmt (nur Pst),7,0,19
99282,2019-04-30,601,Bruck/Mur,Frauen,20 bis 24 Jahre,B9999,unbestimmt (nur Pst),4,20,24
99357,2019-04-30,601,Bruck/Mur,Frauen,50 bis 54 Jahre,B9999,unbestimmt (nur Pst),2,50,54
99382,2019-04-30,601,Bruck/Mur,Männer,bis 19 Jahre,B9999,unbestimmt (nur Pst),4,0,19
99410,2019-04-30,601,Bruck/Mur,Männer,20 bis 24 Jahre,B9999,unbestimmt (nur Pst),1,20,24
99429,2019-04-30,601,Bruck/Mur,Männer,25 bis 29 Jahre,B9999,unbestimmt (nur Pst),1,25,29
99444,2019-04-30,601,Bruck/Mur,Männer,30 bis 34 Jahre,B9999,unbestimmt (nur Pst),1,30,34
99594,2019-04-30,603,Deutschlandsberg,Frauen,45 bis 49 Jahre,B9999,unbestimmt (nur Pst),1,45,49
99725,2019-04-30,604,Feldbach,Frauen,bis 19 Jahre,B9999,unbestimmt (nur Pst),2,0,19
99881,2019-04-30,604,Feldbach,Männer,bis 19 Jahre,B9999,unbestimmt (nur Pst),2,0,19
100007,2019-04-30,606,Gleisdorf,Frauen,20 bis 24 Jahre,B9999,unbestimmt (nur Pst),1,20,24
100088,2019-04-30,606,Gleisdorf,Männer,bis 19 Jahre,B9999,unbestimmt (nur Pst),2,0,19
100164,2019-04-30,609,Hartberg,Frauen,bis 19 Jahre,B9999,unbestimmt (nur Pst),4,0,19
100308,2019-04-30,609,Hartberg,Frauen,45 bis 49 Jahre,B9999,unbestimmt (nur Pst),1,45,49
100330,2019-04-30,609,Hartberg,Frauen,55 bis 59 Jahre,B9999,unbestimmt (nur Pst),1,55,59
100350,2019-04-30,609,Hartberg,Männer,bis 19 Jahre,B9999,unbestimmt (nur Pst),2,0,19
100381,2019-04-30,609,Hartberg,Männer,20 bis 24 Jahre,B9999,unbestimmt (nur Pst),3,20,24
100492,2019-04-30,610,Judenburg,Frauen,bis 19 Jahre,B9999,unbestimmt (nur Pst),1,0,19
100509,2019-04-30,610,Judenburg,Frauen,20 bis 24 Jahre,B9999,unbestimmt (nur Pst),4,20,24
100522,2019-04-30,610,Judenburg,Frauen,25 bis 29 Jahre,B9999,unbestimmt (nur Pst),2,25,29
100532,2019-04-30,610,Judenburg,Frauen,30 bis 34 Jahre,B9999,unbestimmt (nur Pst),1,30,34
100589,2019-04-30,610,Judenburg,Männer,bis 19 Jahre,B9999,unbestimmt (nur Pst),6,0,19
100611,2019-04-30,610,Judenburg,Männer,20 bis 24 Jahre,B9999,unbestimmt (nur Pst),3,20,24
100624,2019-04-30,610,Judenburg,Männer,25 bis 29 Jahre,B9999,unbestimmt (nur Pst),1,25,29
100678,2019-04-30,611,Murau,Frauen,bis 19 Jahre,B9999,unbestimmt (nur Pst),1,0,19
100683,2019-04-30,611,Murau,Frauen,20 bis 24 Jahre,B9999,unbestimmt (nur Pst),3,20,24
100749,2019-04-30,611,Murau,Männer,35 bis 39 Jahre,B9999,unbestimmt (nur Pst),1,35,39
100771,2019-04-30,613,Knittelfeld,Frauen,bis 19 Jahre,B9999,unbestimmt (nur Pst),3,0,19
100893,2019-04-30,614,Leibnitz,Frauen,bis 19 Jahre,B9999,unbestimmt (nur Pst),2,0,19
100916,2019-04-30,614,Leibnitz,Frauen,20 bis 24 Jahre,B9999,unbestimmt (nur Pst),1,20,24
100949,2019-04-30,614,Leibnitz,Frauen,30 bis 34 Jahre,B9999,unbestimmt (nur Pst),1,30,34
100999,2019-04-30,614,Leibnitz,Frauen,45 bis 49 Jahre,B9999,unbestimmt (nur Pst),1,45,49
101042,2019-04-30,614,Leibnitz,Männer,bis 19 Jahre,B9999,unbestimmt (nur Pst),3,0,19
101067,2019-04-30,614,Leibnitz,Männer,20 bis 24 Jahre,B9999,unbestimmt (nur Pst),2,20,24
101161,2019-04-30,616,Leoben,Frauen,bis 19 Jahre,B9999,unbestimmt (nur Pst),1,0,19
101182,2019-04-30,616,Leoben,Frauen,20 bis 24 Jahre,B9999,unbestimmt (nur Pst),1,20,24
101207,2019-04-30,616,Leoben,Frauen,25 bis 29 Jahre,B9999,unbestimmt (nur Pst),1,25,29
101294,2019-04-30,616,Leoben,Männer,bis 19 Jahre,B9999,unbestimmt (nur Pst),4,0,19
101317,2019-04-30,616,Leoben,Männer,20 bis 24 Jahre,B9999,unbestimmt (nur Pst),3,20,24
101330,2019-04-30,616,Leoben,Männer,25 bis 29 Jahre,B9999,unbestimmt (nur Pst),1,25,29
101402,2019-04-30,618,Liezen,Frauen,bis 19 Jahre,B9999,unbestimmt (nur Pst),3,0,19
101619,2019-04-30,621,Mürzzuschlag,Frauen,bis 19 Jahre,B9999,unbestimmt (nur Pst),3,0,19
101634,2019-04-30,621,Mürzzuschlag,Frauen,20 bis 24 Jahre,B9999,unbestimmt (nur Pst),2,20,24
101668,2019-04-30,621,Mürzzuschlag,Frauen,40 bis 44 Jahre,B9999,unbestimmt (nur Pst),1,40,44
101705,2019-04-30,621,Mürzzuschlag,Männer,bis 19 Jahre,B9999,unbestimmt (nur Pst),1,0,19
101721,2019-04-30,621,Mürzzuschlag,Männer,20 bis 24 Jahre,B9999,unbestimmt (nur Pst),1,20,24
101790,2019-04-30,622,Voitsberg,Frauen,bis 19 Jahre,B9999,unbestimmt (nur Pst),2,0,19
101810,2019-04-30,622,Voitsberg,Frauen,20 bis 24 Jahre,B9999,unbestimmt (nur Pst),1,20,24
101980,2019-04-30,623,Weiz,Frauen,bis 19 Jahre,B9999,unbestimmt (nur Pst),1,0,19
102038,2019-04-30,623,Weiz,Frauen,45 bis 49 Jahre,B9999,unbestimmt (nur Pst),1,45,49
102046,2019-04-30,623,Weiz,Frauen,50 bis 54 Jahre,B9999,unbestimmt (nur Pst),1,50,54
102080,2019-04-30,623,Weiz,Männer,20 bis 24 Jahre,B9999,unbestimmt (nur Pst),2,20,24
102106,2019-04-30,623,Weiz,Männer,45 bis 49 Jahre,B9999,unbestimmt (nur Pst),1,45,49
102168,2019-04-30,630,Graz-West und Umgebung,Frauen,bis 19 Jahre,B9999,unbestimmt (nur Pst),8,0,19
102230,2019-04-30,630,Graz-West und Umgebung,Frauen,20 bis 24 Jahre,B9999,unbestimmt (nur Pst),4,20,24
102275,2019-04-30,630,Graz-West und Umgebung,Frauen,25 bis 29 Jahre,B9999,unbestimmt (nur Pst),1,25,29
102397,2019-04-30,630,Graz-West und Umgebung,Frauen,40 bis 44 Jahre,B9999,unbestimmt (nur Pst),1,40,44
102523,2019-04-30,630,Graz-West und Umgebung,Männer,bis 19 Jahre,B9999,unbestimmt (nur Pst),8,0,19
102604,2019-04-30,630,Graz-West und Umgebung,Männer,20 bis 24 Jahre,B9999,unbestimmt (nur Pst),6,20,24
102659,2019-04-30,630,Graz-West und Umgebung,Männer,25 bis 29 Jahre,B9999,unbestimmt (nur Pst),1,25,29
102927,2019-04-30,631,Graz-Ost,Frauen,bis 19 Jahre,B9999,unbestimmt (nur Pst),7,0,19
102962,2019-04-30,631,Graz-Ost,Frauen,20 bis 24 Jahre,B9999,unbestimmt (nur Pst),2,20,24
103055,2019-04-30,631,Graz-Ost,Frauen,30 bis 34 Jahre,B9999,unbestimmt (nur Pst),2,30,34
103093,2019-04-30,631,Graz-Ost,Frauen,35 bis 39 Jahre,B9999,unbestimmt (nur Pst),1,35,39
103215,2019-04-30,631,Graz-Ost,Männer,bis 19 Jahre,B9999,unbestimmt (nur Pst),6,0,19
103261,2019-04-30,631,Graz-Ost,Männer,20 bis 24 Jahre,B9999,unbestimmt (nur Pst),1,20,24
103451,2019-04-30,631,Graz-Ost,Männer,60 bis 64 Jahre,B9999,unbestimmt (nur Pst),1,60,64
103458,2019-04-30,701,Imst,Frauen,bis 19 Jahre,B9999,unbestimmt (nur Pst),2,0,19
103498,2019-04-30,701,Imst,Frauen,50 bis 54 Jahre,B9999,unbestimmt (nur Pst),1,50,54
103507,2019-04-30,701,Imst,Männer,bis 19 Jahre,B9999,unbestimmt (nur Pst),3,0,19
103557,2019-04-30,702,Innsbruck,Frauen,bis 19 Jahre,B9999,unbestimmt (nur Pst),1,0,19
103583,2019-04-30,702,Innsbruck,Frauen,20 bis 24 Jahre,B9999,unbestimmt (nur Pst),1,20,24
103613,2019-04-30,702,Innsbruck,Frauen,25 bis 29 Jahre,B9999,unbestimmt (nur Pst),7,25,29
103672,2019-04-30,702,Innsbruck,Frauen,35 bis 39 Jahre,B9999,unbestimmt (nur Pst),2,35,39
103695,2019-04-30,702,Innsbruck,Frauen,40 bis 44 Jahre,B9999,unbestimmt (nur Pst),1,40,44
103714,2019-04-30,702,Innsbruck,Frauen,45 bis 49 Jahre,B9999,unbestimmt (nur Pst),4,45,49
103736,2019-04-30,702,Innsbruck,Frauen,50 bis 54 Jahre,B9999,unbestimmt (nur Pst),2,50,54
103781,2019-04-30,702,Innsbruck,Männer,bis 19 Jahre,B9999,unbestimmt (nur Pst),1,0,19
103816,2019-04-30,702,Innsbruck,Männer,20 bis 24 Jahre,B9999,unbestimmt (nur Pst),3,20,24
103861,2019-04-30,702,Innsbruck,Männer,25 bis 29 Jahre,B9999,unbestimmt (nur Pst),2,25,29
103899,2019-04-30,702,Innsbruck,Männer,30 bis 34 Jahre,B9999,unbestimmt (nur Pst),2,30,34
103933,2019-04-30,702,Innsbruck,Männer,35 bis 39 Jahre,B9999,unbestimmt (nur Pst),5,35,39
103958,2019-04-30,702,Innsbruck,Männer,40 bis 44 Jahre,B9999,unbestimmt (nur Pst),1,40,44
104006,2019-04-30,702,Innsbruck,Männer,50 bis 54 Jahre,B9999,unbestimmt (nur Pst),1,50,54
104023,2019-04-30,702,Innsbruck,Männer,60 bis 64 Jahre,B9999,unbestimmt (nur Pst),1,60,64
104030,2019-04-30,704,Kitzbühel,Frauen,20 bis 24 Jahre,B9999,unbestimmt (nur Pst),1,20,24
104124,2019-04-30,705,Kufstein,Frauen,bis 19 Jahre,B9999,unbestimmt (nur Pst),5,0,19
104137,2019-04-30,705,Kufstein,Frauen,20 bis 24 Jahre,B9999,unbestimmt (nur Pst),1,20,24
104153,2019-04-30,705,Kufstein,Frauen,25 bis 29 Jahre,B9999,unbestimmt (nur Pst),1,25,29
104241,2019-04-30,705,Kufstein,Männer,bis 19 Jahre,B9999,unbestimmt (nur Pst),5,0,19
104262,2019-04-30,705,Kufstein,Männer,20 bis 24 Jahre,B9999,unbestimmt (nur Pst),1,20,24
104275,2019-04-30,705,Kufstein,Männer,25 bis 29 Jahre,B9999,unbestimmt (nur Pst),1,25,29
104325,2019-04-30,706,Landeck,Frauen,bis 19 Jahre,B9999,unbestimmt (nur Pst),2,0,19
104370,2019-04-30,706,Landeck,Männer,bis 19 Jahre,B9999,unbestimmt (nur Pst),4,0,19
104379,2019-04-30,706,Landeck,Männer,20 bis 24 Jahre,B9999,unbestimmt (nur Pst),1,20,24
104414,2019-04-30,707,Lienz,Frauen,bis 19 Jahre,B9999,unbestimmt (nur Pst),1,0,19
104474,2019-04-30,707,Lienz,Männer,25 bis 29 Jahre,B9999,unbestimmt (nur Pst),1,25,29
104556,2019-04-30,709,Schwaz,Frauen,bis 19 Jahre,B9999,unbestimmt (nur Pst),3,0,19
104610,2019-04-30,709,Schwaz,Frauen,45 bis 49 Jahre,B9999,unbestimmt (nur Pst),2,45,49
104630,2019-04-30,709,Schwaz,Männer,bis 19 Jahre,B9999,unbestimmt (nur Pst),5,0,19
104646,2019-04-30,709,Schwaz,Männer,25 bis 29 Jahre,B9999,unbestimmt (nur Pst),1,25,29
104657,2019-04-30,709,Schwaz,Männer,35 bis 39 Jahre,B9999,unbestimmt (nur Pst),1,35,39
104664,2019-04-30,709,Schwaz,Männer,45 bis 49 Jahre,B9999,unbestimmt (nur Pst),1,45,49
104718,2019-04-30,801,Bludenz,Frauen,25 bis 29 Jahre,B9999,unbestimmt (nur Pst),1,25,29
104790,2019-04-30,801,Bludenz,Männer,bis 19 Jahre,B9999,unbestimmt (nur Pst),1,0,19
104811,2019-04-30,801,Bludenz,Männer,20 bis 24 Jahre,B9999,unbestimmt (nur Pst),1,20,24
104829,2019-04-30,801,Bludenz,Männer,25 bis 29 Jahre,B9999,unbestimmt (nur Pst),1,25,29
104920,2019-04-30,802,Bregenz,Frauen,20 bis 24 Jahre,B9999,unbestimmt (nur Pst),1,20,24
104987,2019-04-30,802,Bregenz,Frauen,35 bis 39 Jahre,B9999,unbestimmt (nur Pst),1,35,39
105085,2019-04-30,802,Bregenz,Männer,bis 19 Jahre,B9999,unbestimmt (nur Pst),2,0,19
105127,2019-04-30,802,Bregenz,Männer,20 bis 24 Jahre,B9999,unbestimmt (nur Pst),1,20,24
105265,2019-04-30,804,Dornbirn,Frauen,bis 19 Jahre,B9999,unbestimmt (nur Pst),1,0,19
105371,2019-04-30,804,Dornbirn,Frauen,40 bis 44 Jahre,B9999,unbestimmt (nur Pst),1,40,44
105398,2019-04-30,804,Dornbirn,Frauen,50 bis 54 Jahre,B9999,unbestimmt (nur Pst),1,50,54
105435,2019-04-30,804,Dornbirn,Männer,bis 19 Jahre,B9999,unbestimmt (nur Pst),1,0,19
105468,2019-04-30,804,Dornbirn,Männer,20 bis 24 Jahre,B9999,unbestimmt (nur Pst),1,20,24
105567,2019-04-30,804,Dornbirn,Männer,55 bis 59 Jahre,B9999,unbestimmt (nur Pst),2,55,59
105588,2019-04-30,805,Feldkirch,Frauen,bis 19 Jahre,B9999,unbestimmt (nur Pst),5,0,19
105640,2019-04-30,805,Feldkirch,Frauen,25 bis 29 Jahre,B9999,unbestimmt (nur Pst),1,25,29
105673,2019-04-30,805,Feldkirch,Frauen,35 bis 39 Jahre,B9999,unbestimmt (nur Pst),2,35,39
105756,2019-04-30,805,Feldkirch,Männer,bis 19 Jahre,B9999,unbestimmt (nur Pst),3,0,19
105820,2019-04-30,805,Feldkirch,Männer,25 bis 29 Jahre,B9999,unbestimmt (nur Pst),1,25,29
105851,2019-04-30,805,Feldkirch,Männer,35 bis 39 Jahre,B9999,unbestimmt (nur Pst),1,35,39
105875,2019-04-30,805,Feldkirch,Männer,45 bis 49 Jahre,B9999,unbestimmt (nur Pst),1,45,49
106164,2019-04-30,958,Wien Johnstraße,Männer,20 bis 24 Jahre,B9999,unbestimmt (nur Pst),1,20,24
106609,2019-04-30,959,Wien Hauffgasse,Frauen,45 bis 49 Jahre,B9999,unbestimmt (nur Pst),1,45,49
106702,2019-04-30,959,Wien Hauffgasse,Männer,20 bis 24 Jahre,B9999,unbestimmt (nur Pst),1,20,24
106974,2019-04-30,960,Wien Esteplatz,Frauen,20 bis 24 Jahre,B9999,unbestimmt (nur Pst),1,20,24
107566,2019-04-30,962,Wien Redergasse,Frauen,25 bis 29 Jahre,B9999,unbestimmt (nur Pst),1,25,29
108763,2019-04-30,964,Wien Favoritenstraße,Frauen,25 bis 29 Jahre,B9999,unbestimmt (nur Pst),1,25,29
108953,2019-04-30,964,Wien Favoritenstraße,Frauen,45 bis 49 Jahre,B9999,unbestimmt (nur Pst),1,45,49
109145,2019-04-30,964,Wien Favoritenstraße,Männer,25 bis 29 Jahre,B9999,unbestimmt (nur Pst),1,25,29
109752,2019-04-30,965,Wien Schönbrunner Straße,Frauen,50 bis 54 Jahre,B9999,unbestimmt (nur Pst),1,50,54
109840,2019-04-30,965,Wien Schönbrunner Straße,Männer,20 bis 24 Jahre,B9999,unbestimmt (nur Pst),2,20,24
110021,2019-04-30,965,Wien Schönbrunner Straße,Männer,35 bis 39 Jahre,B9999,unbestimmt (nur Pst),1,35,39
110506,2019-04-30,966,Wien Hietzinger Kai,Männer,20 bis 24 Jahre,B9999,unbestimmt (nur Pst),1,20,24
110548,2019-04-30,966,Wien Hietzinger Kai,Männer,25 bis 29 Jahre,B9999,unbestimmt (nur Pst),1,25,29
110662,2019-04-30,966,Wien Hietzinger Kai,Männer,40 bis 44 Jahre,B9999,unbestimmt (nur Pst),2,40,44
110764,2019-04-30,966,Wien Hietzinger Kai,Männer,60 bis 64 Jahre,B9999,unbestimmt (nur Pst),1,60,64
110852,2019-04-30,967,Wien Huttengasse,Frauen,25 bis 29 Jahre,B9999,unbestimmt (nur Pst),1,25,29
111506,2019-04-30,967,Wien Huttengasse,Männer,50 bis 54 Jahre,B9999,unbestimmt (nur Pst),1,50,54
111894,2019-04-30,968,Wien Schloßhofer Straße,Männer,20 bis 24 Jahre,B9999,unbestimmt (nur Pst),2,20,24
112232,2019-04-30,969,Wien-Wagramer Straße,Frauen,25 bis 29 Jahre,B9999,unbestimmt (nur Pst),1,25,29
112880,2019-04-30,970,Wien Jugendliche,Frauen,bis 19 Jahre,B9999,unbestimmt (nur Pst),39,0,19
112957,2019-04-30,970,Wien Jugendliche,Frauen,20 bis 24 Jahre,B9999,unbestimmt (nur Pst),9,20,24
113060,2019-04-30,970,Wien Jugendliche,Männer,bis 19 Jahre,B9999,unbestimmt (nur Pst),28,0,19
113153,2019-04-30,970,Wien Jugendliche,Männer,20 bis 24 Jahre,B9999,unbestimmt (nur Pst),6,20,24
113624,2019-04-30,974,Wien Austria Campus,Männer,50 bis 54 Jahre,B9999,unbestimmt (nur Pst),1,50,54
114136,2019-05-31,101,Eisenstadt,Frauen,bis 19 Jahre,B9999,unbestimmt (nur Pst),1,0,19
114396,2019-05-31,102,Mattersburg,Männer,bis 19 Jahre,B9999,unbestimmt (nur Pst),1,0,19
114796,2019-05-31,105,Oberwart,Frauen,40 bis 44 Jahre,B9999,unbestimmt (nur Pst),1,40,44
115282,2019-05-31,202,Hermagor,Frauen,20 bis 24 Jahre,B9999,unbestimmt (nur Pst),1,20,24
115291,2019-05-31,202,Hermagor,Frauen,40 bis 44 Jahre,B9999,unbestimmt (nur Pst),1,40,44
115339,2019-05-31,203,Klagenfurt,Frauen,bis 19 Jahre,B9999,unbestimmt (nur Pst),4,0,19
115366,2019-05-31,203,Klagenfurt,Frauen,20 bis 24 Jahre,B9999,unbestimmt (nur Pst),2,20,24
115395,2019-05-31,203,Klagenfurt,Frauen,25 bis 29 Jahre,B9999,unbestimmt (nur Pst),1,25,29
115471,2019-05-31,203,Klagenfurt,Frauen,40 bis 44 Jahre,B9999,unbestimmt (nur Pst),2,40,44
115510,2019-05-31,203,Klagenfurt,Frauen,50 bis 54 Jahre,B9999,unbestimmt (nur Pst),1,50,54
115595,2019-05-31,203,Klagenfurt,Männer,20 bis 24 Jahre,B9999,unbestimmt (nur Pst),2,20,24
115635,2019-05-31,203,Klagenfurt,Männer,30 bis 34 Jahre,B9999,unbestimmt (nur Pst),1,30,34
115672,2019-05-31,203,Klagenfurt,Männer,40 bis 44 Jahre,B9999,unbestimmt (nur Pst),1,40,44
115730,2019-05-31,204,Spittal/Drau,Frauen,bis 19 Jahre,B9999,unbestimmt (nur Pst),1,0,19
115838,2019-05-31,204,Spittal/Drau,Männer,20 bis 24 Jahre,B9999,unbestimmt (nur Pst),1,20,24
116069,2019-05-31,206,Villach,Frauen,bis 19 Jahre,B9999,unbestimmt (nur Pst),1,0,19
116488,2019-05-31,207,Völkermarkt,Männer,20 bis 24 Jahre,B9999,unbestimmt (nur Pst),1,20,24
116548,2019-05-31,208,Wolfsberg,Frauen,20 bis 24 Jahre,B9999,unbestimmt (nur Pst),1,20,24
116680,2019-05-31,301,Amstetten,Frauen,bis 19 Jahre,B9999,unbestimmt (nur Pst),5,0,19
116704,2019-05-31,301,Amstetten,Frauen,20 bis 24 Jahre,B9999,unbestimmt (nur Pst),1,20,24
116731,2019-05-31,301,Amstetten,Frauen,25 bis 29 Jahre,B9999,unbestimmt (nur Pst),1,25,29
116838,2019-05-31,301,Amstetten,Männer,bis 19 Jahre,B9999,unbestimmt (nur Pst),6,0,19
116911,2019-05-31,301,Amstetten,Männer,35 bis 39 Jahre,B9999,unbestimmt (nur Pst),1,35,39
116977,2019-05-31,304,Baden neu,Frauen,bis 19 Jahre,B9999,unbestimmt (nur Pst),8,0,19
117010,2019-05-31,304,Baden neu,Frauen,20 bis 24 Jahre,B9999,unbestimmt (nur Pst),4,20,24
117034,2019-05-31,304,Baden neu,Frauen,25 bis 29 Jahre,B9999,unbestimmt (nur Pst),2,25,29
117085,2019-05-31,304,Baden neu,Frauen,35 bis 39 Jahre,B9999,unbestimmt (nur Pst),1,35,39
117109,2019-05-31,304,Baden neu,Frauen,40 bis 44 Jahre,B9999,unbestimmt (nur Pst),1,40,44
117161,2019-05-31,304,Baden neu,Frauen,55 bis 59 Jahre,B9999,unbestimmt (nur Pst),1,55,59
117193,2019-05-31,304,Baden neu,Männer,bis 19 Jahre,B9999,unbestimmt (nur Pst),14,0,19
117241,2019-05-31,304,Baden neu,Männer,20 bis 24 Jahre,B9999,unbestimmt (nur Pst),4,20,24
117262,2019-05-31,304,Baden neu,Männer,25 bis 29 Jahre,B9999,unbestimmt (nur Pst),3,25,29
117297,2019-05-31,304,Baden neu,Männer,35 bis 39 Jahre,B9999,unbestimmt (nur Pst),1,35,39
117383,2019-05-31,306,Bruck/Leitha,Frauen,bis 19 Jahre,B9999,unbestimmt (nur Pst),4,0,19
117397,2019-05-31,306,Bruck/Leitha,Frauen,20 bis 24 Jahre,B9999,unbestimmt (nur Pst),2,20,24
117478,2019-05-31,306,Bruck/Leitha,Männer,bis 19 Jahre,B9999,unbestimmt (nur Pst),7,0,19
117568,2019-05-31,308,Gänserndorf,Frauen,bis 19 Jahre,B9999,unbestimmt (nur Pst),2,0,19
117604,2019-05-31,308,Gänserndorf,Frauen,20 bis 24 Jahre,B9999,unbestimmt (nur Pst),1,20,24
117793,2019-05-31,308,Gänserndorf,Männer,bis 19 Jahre,B9999,unbestimmt (nur Pst),7,0,19
117834,2019-05-31,308,Gänserndorf,Männer,20 bis 24 Jahre,B9999,unbestimmt (nur Pst),1,20,24
117950,2019-05-31,311,Gmünd,Frauen,bis 19 Jahre,B9999,unbestimmt (nur Pst),1,0,19
118089,2019-05-31,312,Hollabrunn,Frauen,bis 19 Jahre,B9999,unbestimmt (nur Pst),2,0,19
118104,2019-05-31,312,Hollabrunn,Frauen,20 bis 24 Jahre,B9999,unbestimmt (nur Pst),2,20,24
118186,2019-05-31,312,Hollabrunn,Männer,bis 19 Jahre,B9999,unbestimmt (nur Pst),2,0,19
118266,2019-05-31,313,Horn,Frauen,20 bis 24 Jahre,B9999,unbestimmt (nur Pst),2,20,24
118313,2019-05-31,313,Horn,Männer,bis 19 Jahre,B9999,unbestimmt (nur Pst),3,0,19
118324,2019-05-31,313,Horn,Männer,20 bis 24 Jahre,B9999,unbestimmt (nur Pst),3,20,24
118390,2019-05-31,314,Korneuburg,Frauen,20 bis 24 Jahre,B9999,unbestimmt (nur Pst),2,20,24
118421,2019-05-31,314,Korneuburg,Frauen,30 bis 34 Jahre,B9999,unbestimmt (nur Pst),1,30,34
118465,2019-05-31,314,Korneuburg,Frauen,40 bis 44 Jahre,B9999,unbestimmt (nur Pst),1,40,44
118500,2019-05-31,314,Korneuburg,Frauen,50 bis 54 Jahre,B9999,unbestimmt (nur Pst),1,50,54
118540,2019-05-31,314,Korneuburg,Männer,bis 19 Jahre,B9999,unbestimmt (nur Pst),7,0,19
118692,2019-05-31,315,Krems,Frauen,20 bis 24 Jahre,B9999,unbestimmt (nur Pst),2,20,24
118735,2019-05-31,315,Krems,Frauen,35 bis 39 Jahre,B9999,unbestimmt (nur Pst),1,35,39
118924,2019-05-31,316,Lilienfeld,Frauen,bis 19 Jahre,B9999,unbestimmt (nur Pst),1,0,19
118943,2019-05-31,316,Lilienfeld,Frauen,25 bis 29 Jahre,B9999,unbestimmt (nur Pst),1,25,29
119010,2019-05-31,316,Lilienfeld,Männer,30 bis 34 Jahre,B9999,unbestimmt (nur Pst),1,30,34
119277,2019-05-31,319,Mistelbach,Frauen,bis 19 Jahre,B9999,unbestimmt (nur Pst),6,0,19
119310,2019-05-31,319,Mistelbach,Frauen,25 bis 29 Jahre,B9999,unbestimmt (nur Pst),1,25,29
119322,2019-05-31,319,Mistelbach,Frauen,30 bis 34 Jahre,B9999,unbestimmt (nur Pst),1,30,34
119393,2019-05-31,319,Mistelbach,Männer,bis 19 Jahre,B9999,unbestimmt (nur Pst),4,0,19
119491,2019-05-31,321,Mödling,Frauen,bis 19 Jahre,B9999,unbestimmt (nur Pst),1,0,19
119518,2019-05-31,321,Mödling,Frauen,20 bis 24 Jahre,B9999,unbestimmt (nur Pst),3,20,24
119567,2019-05-31,321,Mödling,Frauen,30 bis 34 Jahre,B9999,unbestimmt (nur Pst),1,30,34
119687,2019-05-31,321,Mödling,Männer,bis 19 Jahre,B9999,unbestimmt (nur Pst),8,0,19
119724,2019-05-31,321,Mödling,Männer,20 bis 24 Jahre,B9999,unbestimmt (nur Pst),2,20,24
119736,2019-05-31,321,Mödling,Männer,25 bis 29 Jahre,B9999,unbestimmt (nur Pst),2,25,29
119865,2019-05-31,323,Neunkirchen,Frauen,20 bis 24 Jahre,B9999,unbestimmt (nur Pst),1,20,24
120116,2019-05-31,326,St. Pölten,Frauen,bis 19 Jahre,B9999,unbestimmt (nur Pst),9,0,19
120154,2019-05-31,326,St. Pölten,Frauen,20 bis 24 Jahre,B9999,unbestimmt (nur Pst),3,20,24
120281,2019-05-31,326,St. Pölten,Frauen,45 bis 49 Jahre,B9999,unbestimmt (nur Pst),1,45,49
120348,2019-05-31,326,St. Pölten,Männer,bis 19 Jahre,B9999,unbestimmt (nur Pst),4,0,19
120404,2019-05-31,326,St. Pölten,Männer,20 bis 24 Jahre,B9999,unbestimmt (nur Pst),2,20,24
120581,2019-05-31,328,Scheibbs,Frauen,bis 19 Jahre,B9999,unbestimmt (nur Pst),4,0,19
120591,2019-05-31,328,Scheibbs,Frauen,20 bis 24 Jahre,B9999,unbestimmt (nur Pst),1,20,24
120619,2019-05-31,328,Scheibbs,Frauen,35 bis 39 Jahre,B9999,unbestimmt (nur Pst),1,35,39
120651,2019-05-31,328,Scheibbs,Männer,bis 19 Jahre,B9999,unbestimmt (nur Pst),2,0,19
120699,2019-05-31,329,Schwechat,Frauen,bis 19 Jahre,B9999,unbestimmt (nur Pst),1,0,19
120838,2019-05-31,329,Schwechat,Männer,bis 19 Jahre,B9999,unbestimmt (nur Pst),3,0,19
120940,2019-05-31,329,Schwechat,Männer,65 Jahre und älter,B9999,unbestimmt (nur Pst),1,65,99
120955,2019-05-31,331,Tulln,Frauen,bis 19 Jahre,B9999,unbestimmt (nur Pst),5,0,19
120973,2019-05-31,331,Tulln,Frauen,20 bis 24 Jahre,B9999,unbestimmt (nur Pst),2,20,24
120993,2019-05-31,331,Tulln,Frauen,25 bis 29 Jahre,B9999,unbestimmt (nur Pst),2,25,29
121027,2019-05-31,331,Tulln,Frauen,35 bis 39 Jahre,B9999,unbestimmt (nur Pst),1,35,39
121041,2019-05-31,331,Tulln,Frauen,40 bis 44 Jahre,B9999,unbestimmt (nur Pst),1,40,44
121106,2019-05-31,331,Tulln,Männer,bis 19 Jahre,B9999,unbestimmt (nur Pst),8,0,19
121133,2019-05-31,331,Tulln,Männer,20 bis 24 Jahre,B9999,unbestimmt (nur Pst),4,20,24
121149,2019-05-31,331,Tulln,Männer,25 bis 29 Jahre,B9999,unbestimmt (nur Pst),1,25,29
121207,2019-05-31,331,Tulln,Männer,50 bis 54 Jahre,B9999,unbestimmt (nur Pst),1,50,54
121228,2019-05-31,332,Waidhofen/Thaya,Frauen,bis 19 Jahre,B9999,unbestimmt (nur Pst),1,0,19
121239,2019-05-31,332,Waidhofen/Thaya,Frauen,20 bis 24 Jahre,B9999,unbestimmt (nur Pst),1,20,24
121254,2019-05-31,332,Waidhofen/Thaya,Frauen,30 bis 34 Jahre,B9999,unbestimmt (nur Pst),1,30,34
121286,2019-05-31,332,Waidhofen/Thaya,Männer,bis 19 Jahre,B9999,unbestimmt (nur Pst),1,0,19
121357,2019-05-31,333,Waidhofen/Ybbs,Frauen,40 bis 44 Jahre,B9999,unbestimmt (nur Pst),1,40,44
121372,2019-05-31,333,Waidhofen/Ybbs,Männer,bis 19 Jahre,B9999,unbestimmt (nur Pst),1,0,19
121427,2019-05-31,334,Wr. Neustadt,Frauen,bis 19 Jahre,B9999,unbestimmt (nur Pst),4,0,19
121637,2019-05-31,334,Wr. Neustadt,Männer,bis 19 Jahre,B9999,unbestimmt (nur Pst),1,0,19
121681,2019-05-31,334,Wr. Neustadt,Männer,20 bis 24 Jahre,B9999,unbestimmt (nur Pst),4,20,24
121925,2019-05-31,401,Braunau,Frauen,bis 19 Jahre,B9999,unbestimmt (nur Pst),8,0,19
121954,2019-05-31,401,Braunau,Frauen,20 bis 24 Jahre,B9999,unbestimmt (nur Pst),1,20,24
121978,2019-05-31,401,Braunau,Frauen,25 bis 29 Jahre,B9999,unbestimmt (nur Pst),4,25,29
122016,2019-05-31,401,Braunau,Frauen,35 bis 39 Jahre,B9999,unbestimmt (nur Pst),1,35,39
122062,2019-05-31,401,Braunau,Frauen,55 bis 59 Jahre,B9999,unbestimmt (nur Pst),1,55,59
122084,2019-05-31,401,Braunau,Männer,bis 19 Jahre,B9999,unbestimmt (nur Pst),11,0,19
122107,2019-05-31,401,Braunau,Männer,20 bis 24 Jahre,B9999,unbestimmt (nur Pst),3,20,24
122125,2019-05-31,401,Braunau,Männer,25 bis 29 Jahre,B9999,unbestimmt (nur Pst),2,25,29
122198,2019-05-31,402,Eferding,Frauen,bis 19 Jahre,B9999,unbestimmt (nur Pst),1,0,19
122210,2019-05-31,402,Eferding,Frauen,20 bis 24 Jahre,B9999,unbestimmt (nur Pst),1,20,24
122248,2019-05-31,402,Eferding,Männer,bis 19 Jahre,B9999,unbestimmt (nur Pst),2,0,19
122255,2019-05-31,402,Eferding,Männer,20 bis 24 Jahre,B9999,unbestimmt (nur Pst),1,20,24
122273,2019-05-31,402,Eferding,Männer,30 bis 34 Jahre,B9999,unbestimmt (nur Pst),1,30,34
122533,2019-05-31,404,Gmunden,Frauen,bis 19 Jahre,B9999,unbestimmt (nur Pst),2,0,19
122592,2019-05-31,404,Gmunden,Frauen,30 bis 34 Jahre,B9999,unbestimmt (nur Pst),1,30,34
122685,2019-05-31,404,Gmunden,Männer,bis 19 Jahre,B9999,unbestimmt (nur Pst),4,0,19
122961,2019-05-31,406,Grieskirchen,Männer,20 bis 24 Jahre,B9999,unbestimmt (nur Pst),2,20,24
123026,2019-05-31,407,Kirchdorf/Krems,Frauen,bis 19 Jahre,B9999,unbestimmt (nur Pst),3,0,19
123051,2019-05-31,407,Kirchdorf/Krems,Frauen,20 bis 24 Jahre,B9999,unbestimmt (nur Pst),1,20,24
123066,2019-05-31,407,Kirchdorf/Krems,Frauen,25 bis 29 Jahre,B9999,unbestimmt (nur Pst),1,25,29
123141,2019-05-31,407,Kirchdorf/Krems,Männer,bis 19 Jahre,B9999,unbestimmt (nur Pst),1,0,19
123251,2019-05-31,409,Linz neu,Frauen,bis 19 Jahre,B9999,unbestimmt (nur Pst),12,0,19
123300,2019-05-31,409,Linz neu,Frauen,20 bis 24 Jahre,B9999,unbestimmt (nur Pst),8,20,24
123340,2019-05-31,409,Linz neu,Frauen,25 bis 29 Jahre,B9999,unbestimmt (nur Pst),5,25,29
123382,2019-05-31,409,Linz neu,Frauen,30 bis 34 Jahre,B9999,unbestimmt (nur Pst),2,30,34
123419,2019-05-31,409,Linz neu,Frauen,35 bis 39 Jahre,B9999,unbestimmt (nur Pst),6,35,39
123463,2019-05-31,409,Linz neu,Frauen,40 bis 44 Jahre,B9999,unbestimmt (nur Pst),5,40,44
123493,2019-05-31,409,Linz neu,Frauen,45 bis 49 Jahre,B9999,unbestimmt (nur Pst),1,45,49
123535,2019-05-31,409,Linz neu,Frauen,55 bis 59 Jahre,B9999,unbestimmt (nur Pst),2,55,59
123578,2019-05-31,409,Linz neu,Männer,bis 19 Jahre,B9999,unbestimmt (nur Pst),19,0,19
123649,2019-05-31,409,Linz neu,Männer,20 bis 24 Jahre,B9999,unbestimmt (nur Pst),7,20,24
123704,2019-05-31,409,Linz neu,Männer,25 bis 29 Jahre,B9999,unbestimmt (nur Pst),1,25,29
123755,2019-05-31,409,Linz neu,Männer,30 bis 34 Jahre,B9999,unbestimmt (nur Pst),2,30,34
123801,2019-05-31,409,Linz neu,Männer,35 bis 39 Jahre,B9999,unbestimmt (nur Pst),3,35,39
123839,2019-05-31,409,Linz neu,Männer,40 bis 44 Jahre,B9999,unbestimmt (nur Pst),1,40,44
123904,2019-05-31,409,Linz neu,Männer,50 bis 54 Jahre,B9999,unbestimmt (nur Pst),2,50,54
123928,2019-05-31,409,Linz neu,Männer,55 bis 59 Jahre,B9999,unbestimmt (nur Pst),2,55,59
123940,2019-05-31,411,Perg,Frauen,bis 19 Jahre,B9999,unbestimmt (nur Pst),1,0,19
123953,2019-05-31,411,Perg,Frauen,20 bis 24 Jahre,B9999,unbestimmt (nur Pst),1,20,24
124005,2019-05-31,411,Perg,Frauen,40 bis 44 Jahre,B9999,unbestimmt (nur Pst),1,40,44
124149,2019-05-31,412,Ried im Innkreis,Frauen,bis 19 Jahre,B9999,unbestimmt (nur Pst),3,0,19
124197,2019-05-31,412,Ried im Innkreis,Frauen,30 bis 34 Jahre,B9999,unbestimmt (nur Pst),2,30,34
124261,2019-05-31,412,Ried im Innkreis,Männer,bis 19 Jahre,B9999,unbestimmt (nur Pst),4,0,19
124276,2019-05-31,412,Ried im Innkreis,Männer,20 bis 24 Jahre,B9999,unbestimmt (nur Pst),2,20,24
124296,2019-05-31,412,Ried im Innkreis,Männer,30 bis 34 Jahre,B9999,unbestimmt (nur Pst),1,30,34
124357,2019-05-31,413,Rohrbach,Frauen,bis 19 Jahre,B9999,unbestimmt (nur Pst),2,0,19
124370,2019-05-31,413,Rohrbach,Frauen,20 bis 24 Jahre,B9999,unbestimmt (nur Pst),1,20,24
124392,2019-05-31,413,Rohrbach,Frauen,30 bis 34 Jahre,B9999,unbestimmt (nur Pst),1,30,34
124481,2019-05-31,413,Rohrbach,Männer,40 bis 44 Jahre,B9999,unbestimmt (nur Pst),1,40,44
124508,2019-05-31,414,Schärding,Frauen,bis 19 Jahre,B9999,unbestimmt (nur Pst),1,0,19
124683,2019-05-31,415,Steyr,Frauen,bis 19 Jahre,B9999,unbestimmt (nur Pst),8,0,19
124715,2019-05-31,415,Steyr,Frauen,20 bis 24 Jahre,B9999,unbestimmt (nur Pst),4,20,24
124736,2019-05-31,415,Steyr,Frauen,25 bis 29 Jahre,B9999,unbestimmt (nur Pst),2,25,29
124831,2019-05-31,415,Steyr,Frauen,50 bis 54 Jahre,B9999,unbestimmt (nur Pst),1,50,54
124876,2019-05-31,415,Steyr,Männer,bis 19 Jahre,B9999,unbestimmt (nur Pst),12,0,19
124918,2019-05-31,415,Steyr,Männer,20 bis 24 Jahre,B9999,unbestimmt (nur Pst),3,20,24
124945,2019-05-31,415,Steyr,Männer,25 bis 29 Jahre,B9999,unbestimmt (nur Pst),1,25,29
124965,2019-05-31,415,Steyr,Männer,30 bis 34 Jahre,B9999,unbestimmt (nur Pst),1,30,34
125043,2019-05-31,418,Vöcklabruck,Frauen,bis 19 Jahre,B9999,unbestimmt (nur Pst),6,0,19
125064,2019-05-31,418,Vöcklabruck,Frauen,20 bis 24 Jahre,B9999,unbestimmt (nur Pst),2,20,24
125150,2019-05-31,418,Vöcklabruck,Frauen,40 bis 44 Jahre,B9999,unbestimmt (nur Pst),2,40,44
125228,2019-05-31,418,Vöcklabruck,Männer,bis 19 Jahre,B9999,unbestimmt (nur Pst),4,0,19
125297,2019-05-31,418,Vöcklabruck,Männer,30 bis 34 Jahre,B9999,unbestimmt (nur Pst),1,30,34
125485,2019-05-31,419,Wels,Frauen,35 bis 39 Jahre,B9999,unbestimmt (nur Pst),3,35,39
125531,2019-05-31,419,Wels,Frauen,45 bis 49 Jahre,B9999,unbestimmt (nur Pst),1,45,49
125678,2019-05-31,419,Wels,Männer,35 bis 39 Jahre,B9999,unbestimmt (nur Pst),1,35,39
125710,2019-05-31,419,Wels,Männer,45 bis 49 Jahre,B9999,unbestimmt (nur Pst),1,45,49
125724,2019-05-31,419,Wels,Männer,50 bis 54 Jahre,B9999,unbestimmt (nur Pst),1,50,54
125766,2019-05-31,421,Traun,Frauen,bis 19 Jahre,B9999,unbestimmt (nur Pst),3,0,19
125791,2019-05-31,421,Traun,Frauen,20 bis 24 Jahre,B9999,unbestimmt (nur Pst),1,20,24
125815,2019-05-31,421,Traun,Frauen,25 bis 29 Jahre,B9999,unbestimmt (nur Pst),2,25,29
125840,2019-05-31,421,Traun,Frauen,30 bis 34 Jahre,B9999,unbestimmt (nur Pst),1,30,34
125872,2019-05-31,421,Traun,Frauen,35 bis 39 Jahre,B9999,unbestimmt (nur Pst),1,35,39
125901,2019-05-31,421,Traun,Frauen,40 bis 44 Jahre,B9999,unbestimmt (nur Pst),1,40,44
125930,2019-05-31,421,Traun,Frauen,45 bis 49 Jahre,B9999,unbestimmt (nur Pst),1,45,49
125968,2019-05-31,421,Traun,Frauen,55 bis 59 Jahre,B9999,unbestimmt (nur Pst),1,55,59
126004,2019-05-31,421,Traun,Männer,bis 19 Jahre,B9999,unbestimmt (nur Pst),5,0,19
126040,2019-05-31,421,Traun,Männer,20 bis 24 Jahre,B9999,unbestimmt (nur Pst),2,20,24
126103,2019-05-31,421,Traun,Männer,35 bis 39 Jahre,B9999,unbestimmt (nur Pst),1,35,39
126195,2019-05-31,501,Bischofshofen,Frauen,bis 19 Jahre,B9999,unbestimmt (nur Pst),2,0,19
126217,2019-05-31,501,Bischofshofen,Frauen,20 bis 24 Jahre,B9999,unbestimmt (nur Pst),1,20,24
126250,2019-05-31,501,Bischofshofen,Frauen,30 bis 34 Jahre,B9999,unbestimmt (nur Pst),2,30,34
126280,2019-05-31,501,Bischofshofen,Frauen,40 bis 44 Jahre,B9999,unbestimmt (nur Pst),2,40,44
126332,2019-05-31,501,Bischofshofen,Männer,bis 19 Jahre,B9999,unbestimmt (nur Pst),1,0,19
126391,2019-05-31,501,Bischofshofen,Männer,40 bis 44 Jahre,B9999,unbestimmt (nur Pst),1,40,44
126400,2019-05-31,501,Bischofshofen,Männer,45 bis 49 Jahre,B9999,unbestimmt (nur Pst),1,45,49
126422,2019-05-31,503,Hallein,Frauen,bis 19 Jahre,B9999,unbestimmt (nur Pst),3,0,19
126499,2019-05-31,503,Hallein,Frauen,50 bis 54 Jahre,B9999,unbestimmt (nur Pst),1,50,54
126610,2019-05-31,504,Salzburg,Frauen,bis 19 Jahre,B9999,unbestimmt (nur Pst),3,0,19
126678,2019-05-31,504,Salzburg,Frauen,25 bis 29 Jahre,B9999,unbestimmt (nur Pst),1,25,29
126752,2019-05-31,504,Salzburg,Frauen,35 bis 39 Jahre,B9999,unbestimmt (nur Pst),2,35,39
126833,2019-05-31,504,Salzburg,Frauen,50 bis 54 Jahre,B9999,unbestimmt (nur Pst),3,50,54
127019,2019-05-31,504,Salzburg,Männer,30 bis 34 Jahre,B9999,unbestimmt (nur Pst),1,30,34
127096,2019-05-31,504,Salzburg,Männer,40 bis 44 Jahre,B9999,unbestimmt (nur Pst),1,40,44
127144,2019-05-31,504,Salzburg,Männer,50 bis 54 Jahre,B9999,unbestimmt (nur Pst),1,50,54
127225,2019-05-31,506,Zell am See,Frauen,bis 19 Jahre,B9999,unbestimmt (nur Pst),3,0,19
127237,2019-05-31,506,Zell am See,Frauen,20 bis 24 Jahre,B9999,unbestimmt (nur Pst),1,20,24
127252,2019-05-31,506,Zell am See,Frauen,25 bis 29 Jahre,B9999,unbestimmt (nur Pst),2,25,29
127268,2019-05-31,506,Zell am See,Frauen,30 bis 34 Jahre,B9999,unbestimmt (nur Pst),1,30,34
127295,2019-05-31,506,Zell am See,Frauen,40 bis 44 Jahre,B9999,unbestimmt (nur Pst),1,40,44
127307,2019-05-31,506,Zell am See,Frauen,45 bis 49 Jahre,B9999,unbestimmt (nur Pst),2,45,49
127337,2019-05-31,506,Zell am See,Männer,bis 19 Jahre,B9999,unbestimmt (nur Pst),4,0,19
127410,2019-05-31,601,Bruck/Mur,Frauen,bis 19 Jahre,B9999,unbestimmt (nur Pst),8,0,19
127430,2019-05-31,601,Bruck/Mur,Frauen,20 bis 24 Jahre,B9999,unbestimmt (nur Pst),3,20,24
127498,2019-05-31,601,Bruck/Mur,Frauen,50 bis 54 Jahre,B9999,unbestimmt (nur Pst),2,50,54
127523,2019-05-31,601,Bruck/Mur,Männer,bis 19 Jahre,B9999,unbestimmt (nur Pst),3,0,19
127552,2019-05-31,601,Bruck/Mur,Männer,20 bis 24 Jahre,B9999,unbestimmt (nur Pst),1,20,24
127583,2019-05-31,601,Bruck/Mur,Männer,30 bis 34 Jahre,B9999,unbestimmt (nur Pst),1,30,34
127732,2019-05-31,603,Deutschlandsberg,Frauen,45 bis 49 Jahre,B9999,unbestimmt (nur Pst),1,45,49
127855,2019-05-31,604,Feldbach,Frauen,bis 19 Jahre,B9999,unbestimmt (nur Pst),2,0,19
128017,2019-05-31,604,Feldbach,Männer,bis 19 Jahre,B9999,unbestimmt (nur Pst),1,0,19
128145,2019-05-31,606,Gleisdorf,Frauen,20 bis 24 Jahre,B9999,unbestimmt (nur Pst),1,20,24
128230,2019-05-31,606,Gleisdorf,Männer,bis 19 Jahre,B9999,unbestimmt (nur Pst),3,0,19
128298,2019-05-31,609,Hartberg,Frauen,bis 19 Jahre,B9999,unbestimmt (nur Pst),4,0,19
128431,2019-05-31,609,Hartberg,Frauen,45 bis 49 Jahre,B9999,unbestimmt (nur Pst),1,45,49
128456,2019-05-31,609,Hartberg,Frauen,55 bis 59 Jahre,B9999,unbestimmt (nur Pst),1,55,59
128474,2019-05-31,609,Hartberg,Männer,bis 19 Jahre,B9999,unbestimmt (nur Pst),2,0,19
128500,2019-05-31,609,Hartberg,Männer,20 bis 24 Jahre,B9999,unbestimmt (nur Pst),3,20,24
128610,2019-05-31,610,Judenburg,Frauen,bis 19 Jahre,B9999,unbestimmt (nur Pst),1,0,19
128626,2019-05-31,610,Judenburg,Frauen,20 bis 24 Jahre,B9999,unbestimmt (nur Pst),5,20,24
128639,2019-05-31,610,Judenburg,Frauen,25 bis 29 Jahre,B9999,unbestimmt (nur Pst),1,25,29
128649,2019-05-31,610,Judenburg,Frauen,30 bis 34 Jahre,B9999,unbestimmt (nur Pst),1,30,34
128664,2019-05-31,610,Judenburg,Frauen,35 bis 39 Jahre,B9999,unbestimmt (nur Pst),1,35,39
128688,2019-05-31,610,Judenburg,Frauen,55 bis 59 Jahre,B9999,unbestimmt (nur Pst),1,55,59
128702,2019-05-31,610,Judenburg,Männer,bis 19 Jahre,B9999,unbestimmt (nur Pst),5,0,19
128726,2019-05-31,610,Judenburg,Männer,20 bis 24 Jahre,B9999,unbestimmt (nur Pst),3,20,24
128740,2019-05-31,610,Judenburg,Männer,25 bis 29 Jahre,B9999,unbestimmt (nur Pst),1,25,29
128796,2019-05-31,611,Murau,Frauen,bis 19 Jahre,B9999,unbestimmt (nur Pst),1,0,19
128803,2019-05-31,611,Murau,Frauen,20 bis 24 Jahre,B9999,unbestimmt (nur Pst),3,20,24
128847,2019-05-31,611,Murau,Männer,bis 19 Jahre,B9999,unbestimmt (nur Pst),1,0,19
128872,2019-05-31,611,Murau,Männer,35 bis 39 Jahre,B9999,unbestimmt (nur Pst),1,35,39
128895,2019-05-31,613,Knittelfeld,Frauen,bis 19 Jahre,B9999,unbestimmt (nur Pst),2,0,19
129012,2019-05-31,614,Leibnitz,Frauen,bis 19 Jahre,B9999,unbestimmt (nur Pst),2,0,19
129035,2019-05-31,614,Leibnitz,Frauen,20 bis 24 Jahre,B9999,unbestimmt (nur Pst),2,20,24
129072,2019-05-31,614,Leibnitz,Frauen,30 bis 34 Jahre,B9999,unbestimmt (nur Pst),1,30,34
129119,2019-05-31,614,Leibnitz,Frauen,45 bis 49 Jahre,B9999,unbestimmt (nur Pst),1,45,49
129159,2019-05-31,614,Leibnitz,Männer,bis 19 Jahre,B9999,unbestimmt (nur Pst),2,0,19
129184,2019-05-31,614,Leibnitz,Männer,20 bis 24 Jahre,B9999,unbestimmt (nur Pst),2,20,24
129279,2019-05-31,616,Leoben,Frauen,bis 19 Jahre,B9999,unbestimmt (nur Pst),1,0,19
129325,2019-05-31,616,Leoben,Frauen,25 bis 29 Jahre,B9999,unbestimmt (nur Pst),1,25,29
129410,2019-05-31,616,Leoben,Männer,bis 19 Jahre,B9999,unbestimmt (nur Pst),3,0,19
129432,2019-05-31,616,Leoben,Männer,20 bis 24 Jahre,B9999,unbestimmt (nur Pst),4,20,24
129447,2019-05-31,616,Leoben,Männer,25 bis 29 Jahre,B9999,unbestimmt (nur Pst),1,25,29
129516,2019-05-31,618,Liezen,Frauen,bis 19 Jahre,B9999,unbestimmt (nur Pst),3,0,19
129739,2019-05-31,621,Mürzzuschlag,Frauen,bis 19 Jahre,B9999,unbestimmt (nur Pst),3,0,19
129756,2019-05-31,621,Mürzzuschlag,Frauen,20 bis 24 Jahre,B9999,unbestimmt (nur Pst),2,20,24
129792,2019-05-31,621,Mürzzuschlag,Frauen,40 bis 44 Jahre,B9999,unbestimmt (nur Pst),1,40,44
129830,2019-05-31,621,Mürzzuschlag,Männer,bis 19 Jahre,B9999,unbestimmt (nur Pst),1,0,19
129846,2019-05-31,621,Mürzzuschlag,Männer,20 bis 24 Jahre,B9999,unbestimmt (nur Pst),1,20,24
129913,2019-05-31,622,Voitsberg,Frauen,bis 19 Jahre,B9999,unbestimmt (nur Pst),3,0,19
129931,2019-05-31,622,Voitsberg,Frauen,20 bis 24 Jahre,B9999,unbestimmt (nur Pst),1,20,24
130100,2019-05-31,623,Weiz,Frauen,bis 19 Jahre,B9999,unbestimmt (nur Pst),1,0,19
130153,2019-05-31,623,Weiz,Frauen,45 bis 49 Jahre,B9999,unbestimmt (nur Pst),1,45,49
130188,2019-05-31,623,Weiz,Männer,20 bis 24 Jahre,B9999,unbestimmt (nur Pst),2,20,24
130215,2019-05-31,623,Weiz,Männer,45 bis 49 Jahre,B9999,unbestimmt (nur Pst),1,45,49
130271,2019-05-31,630,Graz-West und Umgebung,Frauen,bis 19 Jahre,B9999,unbestimmt (nur Pst),10,0,19
130333,2019-05-31,630,Graz-West und Umgebung,Frauen,20 bis 24 Jahre,B9999,unbestimmt (nur Pst),4,20,24
130375,2019-05-31,630,Graz-West und Umgebung,Frauen,25 bis 29 Jahre,B9999,unbestimmt (nur Pst),1,25,29
130501,2019-05-31,630,Graz-West und Umgebung,Frauen,40 bis 44 Jahre,B9999,unbestimmt (nur Pst),1,40,44
130631,2019-05-31,630,Graz-West und Umgebung,Männer,bis 19 Jahre,B9999,unbestimmt (nur Pst),8,0,19
130709,2019-05-31,630,Graz-West und Umgebung,Männer,20 bis 24 Jahre,B9999,unbestimmt (nur Pst),6,20,24
130760,2019-05-31,630,Graz-West und Umgebung,Männer,25 bis 29 Jahre,B9999,unbestimmt (nur Pst),1,25,29
131037,2019-05-31,631,Graz-Ost,Frauen,bis 19 Jahre,B9999,unbestimmt (nur Pst),7,0,19
131071,2019-05-31,631,Graz-Ost,Frauen,20 bis 24 Jahre,B9999,unbestimmt (nur Pst),2,20,24
131154,2019-05-31,631,Graz-Ost,Frauen,30 bis 34 Jahre,B9999,unbestimmt (nur Pst),1,30,34
131191,2019-05-31,631,Graz-Ost,Frauen,35 bis 39 Jahre,B9999,unbestimmt (nur Pst),1,35,39
131308,2019-05-31,631,Graz-Ost,Männer,bis 19 Jahre,B9999,unbestimmt (nur Pst),6,0,19
131358,2019-05-31,631,Graz-Ost,Männer,20 bis 24 Jahre,B9999,unbestimmt (nur Pst),1,20,24
131604,2019-05-31,701,Imst,Frauen,45 bis 49 Jahre,B9999,unbestimmt (nur Pst),1,45,49
131609,2019-05-31,701,Imst,Frauen,50 bis 54 Jahre,B9999,unbestimmt (nur Pst),1,50,54
131618,2019-05-31,701,Imst,Männer,bis 19 Jahre,B9999,unbestimmt (nur Pst),3,0,19
131670,2019-05-31,702,Innsbruck,Frauen,bis 19 Jahre,B9999,unbestimmt (nur Pst),2,0,19
131728,2019-05-31,702,Innsbruck,Frauen,25 bis 29 Jahre,B9999,unbestimmt (nur Pst),6,25,29
131810,2019-05-31,702,Innsbruck,Frauen,40 bis 44 Jahre,B9999,unbestimmt (nur Pst),1,40,44
131832,2019-05-31,702,Innsbruck,Frauen,45 bis 49 Jahre,B9999,unbestimmt (nur Pst),4,45,49
131854,2019-05-31,702,Innsbruck,Frauen,50 bis 54 Jahre,B9999,unbestimmt (nur Pst),2,50,54
131900,2019-05-31,702,Innsbruck,Männer,bis 19 Jahre,B9999,unbestimmt (nur Pst),2,0,19
131939,2019-05-31,702,Innsbruck,Männer,20 bis 24 Jahre,B9999,unbestimmt (nur Pst),2,20,24
131980,2019-05-31,702,Innsbruck,Männer,25 bis 29 Jahre,B9999,unbestimmt (nur Pst),1,25,29
132018,2019-05-31,702,Innsbruck,Männer,30 bis 34 Jahre,B9999,unbestimmt (nur Pst),2,30,34
132048,2019-05-31,702,Innsbruck,Männer,35 bis 39 Jahre,B9999,unbestimmt (nur Pst),5,35,39
132069,2019-05-31,702,Innsbruck,Männer,40 bis 44 Jahre,B9999,unbestimmt (nur Pst),1,40,44
132115,2019-05-31,702,Innsbruck,Männer,50 bis 54 Jahre,B9999,unbestimmt (nur Pst),1,50,54
132134,2019-05-31,702,Innsbruck,Männer,60 bis 64 Jahre,B9999,unbestimmt (nur Pst),1,60,64
132233,2019-05-31,705,Kufstein,Frauen,bis 19 Jahre,B9999,unbestimmt (nur Pst),5,0,19
132248,2019-05-31,705,Kufstein,Frauen,20 bis 24 Jahre,B9999,unbestimmt (nur Pst),1,20,24
132266,2019-05-31,705,Kufstein,Frauen,25 bis 29 Jahre,B9999,unbestimmt (nur Pst),1,25,29
132351,2019-05-31,705,Kufstein,Männer,bis 19 Jahre,B9999,unbestimmt (nur Pst),4,0,19
132370,2019-05-31,705,Kufstein,Männer,20 bis 24 Jahre,B9999,unbestimmt (nur Pst),1,20,24
132380,2019-05-31,705,Kufstein,Männer,25 bis 29 Jahre,B9999,unbestimmt (nur Pst),1,25,29
132432,2019-05-31,706,Landeck,Frauen,bis 19 Jahre,B9999,unbestimmt (nur Pst),2,0,19
132483,2019-05-31,706,Landeck,Männer,bis 19 Jahre,B9999,unbestimmt (nur Pst),5,0,19
132494,2019-05-31,706,Landeck,Männer,20 bis 24 Jahre,B9999,unbestimmt (nur Pst),1,20,24
132528,2019-05-31,707,Lienz,Frauen,bis 19 Jahre,B9999,unbestimmt (nur Pst),1,0,19
132585,2019-05-31,707,Lienz,Männer,25 bis 29 Jahre,B9999,unbestimmt (nur Pst),1,25,29
132658,2019-05-31,709,Schwaz,Frauen,bis 19 Jahre,B9999,unbestimmt (nur Pst),4,0,19
132686,2019-05-31,709,Schwaz,Frauen,30 bis 34 Jahre,B9999,unbestimmt (nur Pst),1,30,34
132712,2019-05-31,709,Schwaz,Frauen,45 bis 49 Jahre,B9999,unbestimmt (nur Pst),2,45,49
132729,2019-05-31,709,Schwaz,Männer,bis 19 Jahre,B9999,unbestimmt (nur Pst),5,0,19
132762,2019-05-31,709,Schwaz,Männer,45 bis 49 Jahre,B9999,unbestimmt (nur Pst),1,45,49
132815,2019-05-31,801,Bludenz,Frauen,25 bis 29 Jahre,B9999,unbestimmt (nur Pst),1,25,29
132852,2019-05-31,801,Bludenz,Frauen,40 bis 44 Jahre,B9999,unbestimmt (nur Pst),1,40,44
132887,2019-05-31,801,Bludenz,Männer,bis 19 Jahre,B9999,unbestimmt (nur Pst),1,0,19
132908,2019-05-31,801,Bludenz,Männer,20 bis 24 Jahre,B9999,unbestimmt (nur Pst),1,20,24
132924,2019-05-31,801,Bludenz,Männer,25 bis 29 Jahre,B9999,unbestimmt (nur Pst),1,25,29
132932,2019-05-31,801,Bludenz,Männer,30 bis 34 Jahre,B9999,unbestimmt (nur Pst),1,30,34
132984,2019-05-31,802,Bregenz,Frauen,bis 19 Jahre,B9999,unbestimmt (nur Pst),1,0,19
133017,2019-05-31,802,Bregenz,Frauen,20 bis 24 Jahre,B9999,unbestimmt (nur Pst),1,20,24
133087,2019-05-31,802,Bregenz,Frauen,35 bis 39 Jahre,B9999,unbestimmt (nur Pst),2,35,39
133125,2019-05-31,802,Bregenz,Frauen,45 bis 49 Jahre,B9999,unbestimmt (nur Pst),1,45,49
133186,2019-05-31,802,Bregenz,Männer,bis 19 Jahre,B9999,unbestimmt (nur Pst),2,0,19
133224,2019-05-31,802,Bregenz,Männer,20 bis 24 Jahre,B9999,unbestimmt (nur Pst),1,20,24
133344,2019-05-31,802,Bregenz,Männer,55 bis 59 Jahre,B9999,unbestimmt (nur Pst),1,55,59
133370,2019-05-31,804,Dornbirn,Frauen,bis 19 Jahre,B9999,unbestimmt (nur Pst),1,0,19
133474,2019-05-31,804,Dornbirn,Frauen,40 bis 44 Jahre,B9999,unbestimmt (nur Pst),1,40,44
133498,2019-05-31,804,Dornbirn,Frauen,50 bis 54 Jahre,B9999,unbestimmt (nur Pst),3,50,54
133532,2019-05-31,804,Dornbirn,Männer,bis 19 Jahre,B9999,unbestimmt (nur Pst),1,0,19
133558,2019-05-31,804,Dornbirn,Männer,20 bis 24 Jahre,B9999,unbestimmt (nur Pst),2,20,24
133651,2019-05-31,804,Dornbirn,Männer,50 bis 54 Jahre,B9999,unbestimmt (nur Pst),1,50,54
133659,2019-05-31,804,Dornbirn,Männer,55 bis 59 Jahre,B9999,unbestimmt (nur Pst),1,55,59
133679,2019-05-31,805,Feldkirch,Frauen,bis 19 Jahre,B9999,unbestimmt (nur Pst),5,0,19
133732,2019-05-31,805,Feldkirch,Frauen,25 bis 29 Jahre,B9999,unbestimmt (nur Pst),1,25,29
133765,2019-05-31,805,Feldkirch,Frauen,35 bis 39 Jahre,B9999,unbestimmt (nur Pst),2,35,39
133853,2019-05-31,805,Feldkirch,Männer,bis 19 Jahre,B9999,unbestimmt (nur Pst),3,0,19
133920,2019-05-31,805,Feldkirch,Männer,25 bis 29 Jahre,B9999,unbestimmt (nur Pst),1,25,29
133954,2019-05-31,805,Feldkirch,Männer,35 bis 39 Jahre,B9999,unbestimmt (nur Pst),1,35,39
133975,2019-05-31,805,Feldkirch,Männer,45 bis 49 Jahre,B9999,unbestimmt (nur Pst),1,45,49
134262,2019-05-31,958,Wien Johnstraße,Männer,20 bis 24 Jahre,B9999,unbestimmt (nur Pst),3,20,24
135089,2019-05-31,960,Wien Esteplatz,Frauen,20 bis 24 Jahre,B9999,unbestimmt (nur Pst),1,20,24
137063,2019-05-31,964,Wien Favoritenstraße,Frauen,45 bis 49 Jahre,B9999,unbestimmt (nur Pst),1,45,49
137186,2019-05-31,964,Wien Favoritenstraße,Männer,20 bis 24 Jahre,B9999,unbestimmt (nur Pst),1,20,24
137248,2019-05-31,964,Wien Favoritenstraße,Männer,25 bis 29 Jahre,B9999,unbestimmt (nur Pst),1,25,29
137994,2019-05-31,965,Wien Schönbrunner Straße,Männer,25 bis 29 Jahre,B9999,unbestimmt (nur Pst),1,25,29
138646,2019-05-31,966,Wien Hietzinger Kai,Männer,25 bis 29 Jahre,B9999,unbestimmt (nur Pst),1,25,29
138766,2019-05-31,966,Wien Hietzinger Kai,Männer,40 bis 44 Jahre,B9999,unbestimmt (nur Pst),2,40,44
138951,2019-05-31,967,Wien Huttengasse,Frauen,25 bis 29 Jahre,B9999,unbestimmt (nur Pst),1,25,29
139052,2019-05-31,967,Wien Huttengasse,Frauen,35 bis 39 Jahre,B9999,unbestimmt (nur Pst),1,35,39
139650,2019-05-31,967,Wien Huttengasse,Männer,55 bis 59 Jahre,B9999,unbestimmt (nur Pst),1,55,59
139989,2019-05-31,968,Wien Schloßhofer Straße,Männer,20 bis 24 Jahre,B9999,unbestimmt (nur Pst),1,20,24
140281,2019-05-31,969,Wien-Wagramer Straße,Frauen,20 bis 24 Jahre,B9999,unbestimmt (nur Pst),1,20,24
140977,2019-05-31,970,Wien Jugendliche,Frauen,bis 19 Jahre,B9999,unbestimmt (nur Pst),28,0,19
141055,2019-05-31,970,Wien Jugendliche,Frauen,20 bis 24 Jahre,B9999,unbestimmt (nur Pst),7,20,24
141159,2019-05-31,970,Wien Jugendliche,Männer,bis 19 Jahre,B9999,unbestimmt (nur Pst),30,0,19
141258,2019-05-31,970,Wien Jugendliche,Männer,20 bis 24 Jahre,B9999,unbestimmt (nur Pst),3,20,24
141356,2019-05-31,974,Wien Austria Campus,Frauen,30 bis 34 Jahre,B9999,unbestimmt (nur Pst),1,30,34
141535,2019-05-31,974,Wien Austria Campus,Männer,20 bis 24 Jahre,B9999,unbestimmt (nur Pst),1,20,24
141741,2019-05-31,974,Wien Austria Campus,Männer,50 bis 54 Jahre,B9999,unbestimmt (nur Pst),1,50,54
142254,2019-06-30,101,Eisenstadt,Frauen,bis 19 Jahre,B9999,unbestimmt (nur Pst),1,0,19
142497,2019-06-30,102,Mattersburg,Männer,bis 19 Jahre,B9999,unbestimmt (nur Pst),1,0,19
142510,2019-06-30,102,Mattersburg,Männer,20 bis 24 Jahre,B9999,unbestimmt (nur Pst),1,20,24
143309,2019-06-30,202,Hermagor,Frauen,20 bis 24 Jahre,B9999,unbestimmt (nur Pst),1,20,24
143318,2019-06-30,202,Hermagor,Frauen,40 bis 44 Jahre,B9999,unbestimmt (nur Pst),1,40,44
143363,2019-06-30,203,Klagenfurt,Frauen,bis 19 Jahre,B9999,unbestimmt (nur Pst),4,0,19
143394,2019-06-30,203,Klagenfurt,Frauen,20 bis 24 Jahre,B9999,unbestimmt (nur Pst),2,20,24
143421,2019-06-30,203,Klagenfurt,Frauen,25 bis 29 Jahre,B9999,unbestimmt (nur Pst),1,25,29
143495,2019-06-30,203,Klagenfurt,Frauen,40 bis 44 Jahre,B9999,unbestimmt (nur Pst),2,40,44
143532,2019-06-30,203,Klagenfurt,Frauen,50 bis 54 Jahre,B9999,unbestimmt (nur Pst),1,50,54
143615,2019-06-30,203,Klagenfurt,Männer,20 bis 24 Jahre,B9999,unbestimmt (nur Pst),2,20,24
143653,2019-06-30,203,Klagenfurt,Männer,30 bis 34 Jahre,B9999,unbestimmt (nur Pst),1,30,34
143689,2019-06-30,203,Klagenfurt,Männer,40 bis 44 Jahre,B9999,unbestimmt (nur Pst),1,40,44
143861,2019-06-30,204,Spittal/Drau,Männer,20 bis 24 Jahre,B9999,unbestimmt (nur Pst),1,20,24
144067,2019-06-30,206,Villach,Frauen,bis 19 Jahre,B9999,unbestimmt (nur Pst),1,0,19
144246,2019-06-30,206,Villach,Männer,bis 19 Jahre,B9999,unbestimmt (nur Pst),1,0,19
144459,2019-06-30,207,Völkermarkt,Männer,20 bis 24 Jahre,B9999,unbestimmt (nur Pst),1,20,24
144505,2019-06-30,208,Wolfsberg,Frauen,20 bis 24 Jahre,B9999,unbestimmt (nur Pst),1,20,24
144642,2019-06-30,301,Amstetten,Frauen,bis 19 Jahre,B9999,unbestimmt (nur Pst),5,0,19
144667,2019-06-30,301,Amstetten,Frauen,20 bis 24 Jahre,B9999,unbestimmt (nur Pst),1,20,24
144692,2019-06-30,301,Amstetten,Frauen,25 bis 29 Jahre,B9999,unbestimmt (nur Pst),1,25,29
144792,2019-06-30,301,Amstetten,Männer,bis 19 Jahre,B9999,unbestimmt (nur Pst),4,0,19
144817,2019-06-30,301,Amstetten,Männer,20 bis 24 Jahre,B9999,unbestimmt (nur Pst),1,20,24
144865,2019-06-30,301,Amstetten,Männer,35 bis 39 Jahre,B9999,unbestimmt (nur Pst),1,35,39
144922,2019-06-30,304,Baden neu,Frauen,bis 19 Jahre,B9999,unbestimmt (nur Pst),7,0,19
144953,2019-06-30,304,Baden neu,Frauen,20 bis 24 Jahre,B9999,unbestimmt (nur Pst),4,20,24
144974,2019-06-30,304,Baden neu,Frauen,25 bis 29 Jahre,B9999,unbestimmt (nur Pst),1,25,29
145026,2019-06-30,304,Baden neu,Frauen,35 bis 39 Jahre,B9999,unbestimmt (nur Pst),1,35,39
145052,2019-06-30,304,Baden neu,Frauen,40 bis 44 Jahre,B9999,unbestimmt (nur Pst),1,40,44
145102,2019-06-30,304,Baden neu,Frauen,55 bis 59 Jahre,B9999,unbestimmt (nur Pst),1,55,59
145131,2019-06-30,304,Baden neu,Männer,bis 19 Jahre,B9999,unbestimmt (nur Pst),12,0,19
145175,2019-06-30,304,Baden neu,Männer,20 bis 24 Jahre,B9999,unbestimmt (nur Pst),4,20,24
145198,2019-06-30,304,Baden neu,Männer,25 bis 29 Jahre,B9999,unbestimmt (nur Pst),2,25,29
145216,2019-06-30,304,Baden neu,Männer,30 bis 34 Jahre,B9999,unbestimmt (nur Pst),1,30,34
145234,2019-06-30,304,Baden neu,Männer,35 bis 39 Jahre,B9999,unbestimmt (nur Pst),1,35,39
145318,2019-06-30,306,Bruck/Leitha,Frauen,bis 19 Jahre,B9999,unbestimmt (nur Pst),4,0,19
145329,2019-06-30,306,Bruck/Leitha,Frauen,20 bis 24 Jahre,B9999,unbestimmt (nur Pst),2,20,24
145394,2019-06-30,306,Bruck/Leitha,Männer,bis 19 Jahre,B9999,unbestimmt (nur Pst),6,0,19
145481,2019-06-30,308,Gänserndorf,Frauen,bis 19 Jahre,B9999,unbestimmt (nur Pst),2,0,19
145521,2019-06-30,308,Gänserndorf,Frauen,20 bis 24 Jahre,B9999,unbestimmt (nur Pst),2,20,24
145691,2019-06-30,308,Gänserndorf,Männer,bis 19 Jahre,B9999,unbestimmt (nur Pst),5,0,19
145731,2019-06-30,308,Gänserndorf,Männer,20 bis 24 Jahre,B9999,unbestimmt (nur Pst),1,20,24
145846,2019-06-30,311,Gmünd,Frauen,bis 19 Jahre,B9999,unbestimmt (nur Pst),1,0,19
145956,2019-06-30,311,Gmünd,Männer,40 bis 44 Jahre,B9999,unbestimmt (nur Pst),1,40,44
145983,2019-06-30,312,Hollabrunn,Frauen,bis 19 Jahre,B9999,unbestimmt (nur Pst),2,0,19
145996,2019-06-30,312,Hollabrunn,Frauen,20 bis 24 Jahre,B9999,unbestimmt (nur Pst),2,20,24
146075,2019-06-30,312,Hollabrunn,Männer,bis 19 Jahre,B9999,unbestimmt (nur Pst),1,0,19
146147,2019-06-30,313,Horn,Frauen,20 bis 24 Jahre,B9999,unbestimmt (nur Pst),2,20,24
146191,2019-06-30,313,Horn,Männer,bis 19 Jahre,B9999,unbestimmt (nur Pst),4,0,19
146201,2019-06-30,313,Horn,Männer,20 bis 24 Jahre,B9999,unbestimmt (nur Pst),3,20,24
146207,2019-06-30,313,Horn,Männer,25 bis 29 Jahre,B9999,unbestimmt (nur Pst),1,25,29
146265,2019-06-30,314,Korneuburg,Frauen,20 bis 24 Jahre,B9999,unbestimmt (nur Pst),1,20,24
146296,2019-06-30,314,Korneuburg,Frauen,30 bis 34 Jahre,B9999,unbestimmt (nur Pst),1,30,34
146335,2019-06-30,314,Korneuburg,Frauen,40 bis 44 Jahre,B9999,unbestimmt (nur Pst),1,40,44
146367,2019-06-30,314,Korneuburg,Frauen,50 bis 54 Jahre,B9999,unbestimmt (nur Pst),1,50,54
146401,2019-06-30,314,Korneuburg,Männer,bis 19 Jahre,B9999,unbestimmt (nur Pst),4,0,19
146429,2019-06-30,314,Korneuburg,Männer,20 bis 24 Jahre,B9999,unbestimmt (nur Pst),1,20,24
146531,2019-06-30,315,Krems,Frauen,bis 19 Jahre,B9999,unbestimmt (nur Pst),3,0,19
146555,2019-06-30,315,Krems,Frauen,20 bis 24 Jahre,B9999,unbestimmt (nur Pst),2,20,24
146594,2019-06-30,315,Krems,Frauen,35 bis 39 Jahre,B9999,unbestimmt (nur Pst),1,35,39
146792,2019-06-30,316,Lilienfeld,Frauen,25 bis 29 Jahre,B9999,unbestimmt (nur Pst),1,25,29
146799,2019-06-30,316,Lilienfeld,Frauen,30 bis 34 Jahre,B9999,unbestimmt (nur Pst),1,30,34
146804,2019-06-30,316,Lilienfeld,Frauen,35 bis 39 Jahre,B9999,unbestimmt (nur Pst),1,35,39
146823,2019-06-30,316,Lilienfeld,Frauen,50 bis 54 Jahre,B9999,unbestimmt (nur Pst),1,50,54
146839,2019-06-30,316,Lilienfeld,Männer,bis 19 Jahre,B9999,unbestimmt (nur Pst),1,0,19
146852,2019-06-30,316,Lilienfeld,Männer,20 bis 24 Jahre,B9999,unbestimmt (nur Pst),1,20,24
146865,2019-06-30,316,Lilienfeld,Männer,30 bis 34 Jahre,B9999,unbestimmt (nur Pst),1,30,34
147109,2019-06-30,319,Mistelbach,Frauen,bis 19 Jahre,B9999,unbestimmt (nur Pst),6,0,19
147143,2019-06-30,319,Mistelbach,Frauen,25 bis 29 Jahre,B9999,unbestimmt (nur Pst),1,25,29
147155,2019-06-30,319,Mistelbach,Frauen,30 bis 34 Jahre,B9999,unbestimmt (nur Pst),1,30,34
147227,2019-06-30,319,Mistelbach,Männer,bis 19 Jahre,B9999,unbestimmt (nur Pst),3,0,19
147317,2019-06-30,321,Mödling,Frauen,bis 19 Jahre,B9999,unbestimmt (nur Pst),1,0,19
147342,2019-06-30,321,Mödling,Frauen,20 bis 24 Jahre,B9999,unbestimmt (nur Pst),2,20,24
147492,2019-06-30,321,Mödling,Männer,bis 19 Jahre,B9999,unbestimmt (nur Pst),7,0,19
147522,2019-06-30,321,Mödling,Männer,20 bis 24 Jahre,B9999,unbestimmt (nur Pst),2,20,24
147536,2019-06-30,321,Mödling,Männer,25 bis 29 Jahre,B9999,unbestimmt (nur Pst),2,25,29
147652,2019-06-30,323,Neunkirchen,Frauen,20 bis 24 Jahre,B9999,unbestimmt (nur Pst),1,20,24
147897,2019-06-30,326,St. Pölten,Frauen,bis 19 Jahre,B9999,unbestimmt (nur Pst),9,0,19
147933,2019-06-30,326,St. Pölten,Frauen,20 bis 24 Jahre,B9999,unbestimmt (nur Pst),2,20,24
148061,2019-06-30,326,St. Pölten,Frauen,45 bis 49 Jahre,B9999,unbestimmt (nur Pst),1,45,49
148125,2019-06-30,326,St. Pölten,Männer,bis 19 Jahre,B9999,unbestimmt (nur Pst),6,0,19
148175,2019-06-30,326,St. Pölten,Männer,20 bis 24 Jahre,B9999,unbestimmt (nur Pst),2,20,24
148335,2019-06-30,326,St. Pölten,Männer,50 bis 54 Jahre,B9999,unbestimmt (nur Pst),1,50,54
148356,2019-06-30,328,Scheibbs,Frauen,bis 19 Jahre,B9999,unbestimmt (nur Pst),3,0,19
148365,2019-06-30,328,Scheibbs,Frauen,20 bis 24 Jahre,B9999,unbestimmt (nur Pst),1,20,24
148394,2019-06-30,328,Scheibbs,Frauen,35 bis 39 Jahre,B9999,unbestimmt (nur Pst),1,35,39
148419,2019-06-30,328,Scheibbs,Männer,bis 19 Jahre,B9999,unbestimmt (nur Pst),2,0,19
148463,2019-06-30,329,Schwechat,Frauen,bis 19 Jahre,B9999,unbestimmt (nur Pst),1,0,19
148594,2019-06-30,329,Schwechat,Männer,bis 19 Jahre,B9999,unbestimmt (nur Pst),3,0,19
148698,2019-06-30,329,Schwechat,Männer,65 Jahre und älter,B9999,unbestimmt (nur Pst),1,65,99
148711,2019-06-30,331,Tulln,Frauen,bis 19 Jahre,B9999,unbestimmt (nur Pst),6,0,19
148731,2019-06-30,331,Tulln,Frauen,20 bis 24 Jahre,B9999,unbestimmt (nur Pst),2,20,24
148752,2019-06-30,331,Tulln,Frauen,25 bis 29 Jahre,B9999,unbestimmt (nur Pst),1,25,29
148767,2019-06-30,331,Tulln,Frauen,30 bis 34 Jahre,B9999,unbestimmt (nur Pst),1,30,34
148787,2019-06-30,331,Tulln,Frauen,35 bis 39 Jahre,B9999,unbestimmt (nur Pst),1,35,39
148801,2019-06-30,331,Tulln,Frauen,40 bis 44 Jahre,B9999,unbestimmt (nur Pst),1,40,44
148866,2019-06-30,331,Tulln,Männer,bis 19 Jahre,B9999,unbestimmt (nur Pst),8,0,19
148891,2019-06-30,331,Tulln,Männer,20 bis 24 Jahre,B9999,unbestimmt (nur Pst),4,20,24
148907,2019-06-30,331,Tulln,Männer,25 bis 29 Jahre,B9999,unbestimmt (nur Pst),1,25,29
148964,2019-06-30,331,Tulln,Männer,50 bis 54 Jahre,B9999,unbestimmt (nur Pst),1,50,54
148979,2019-06-30,332,Waidhofen/Thaya,Frauen,bis 19 Jahre,B9999,unbestimmt (nur Pst),1,0,19
148989,2019-06-30,332,Waidhofen/Thaya,Frauen,20 bis 24 Jahre,B9999,unbestimmt (nur Pst),1,20,24
149003,2019-06-30,332,Waidhofen/Thaya,Frauen,30 bis 34 Jahre,B9999,unbestimmt (nur Pst),1,30,34
149033,2019-06-30,332,Waidhofen/Thaya,Männer,bis 19 Jahre,B9999,unbestimmt (nur Pst),1,0,19
149116,2019-06-30,333,Waidhofen/Ybbs,Männer,bis 19 Jahre,B9999,unbestimmt (nur Pst),1,0,19
149171,2019-06-30,334,Wr. Neustadt,Frauen,bis 19 Jahre,B9999,unbestimmt (nur Pst),4,0,19
149202,2019-06-30,334,Wr. Neustadt,Frauen,20 bis 24 Jahre,B9999,unbestimmt (nur Pst),1,20,24
149362,2019-06-30,334,Wr. Neustadt,Männer,bis 19 Jahre,B9999,unbestimmt (nur Pst),1,0,19
149407,2019-06-30,334,Wr. Neustadt,Männer,20 bis 24 Jahre,B9999,unbestimmt (nur Pst),2,20,24
149657,2019-06-30,401,Braunau,Frauen,bis 19 Jahre,B9999,unbestimmt (nur Pst),8,0,19
149686,2019-06-30,401,Braunau,Frauen,20 bis 24 Jahre,B9999,unbestimmt (nur Pst),3,20,24
149712,2019-06-30,401,Braunau,Frauen,25 bis 29 Jahre,B9999,unbestimmt (nur Pst),3,25,29
149727,2019-06-30,401,Braunau,Frauen,30 bis 34 Jahre,B9999,unbestimmt (nur Pst),1,30,34
149783,2019-06-30,401,Braunau,Frauen,55 bis 59 Jahre,B9999,unbestimmt (nur Pst),1,55,59
149810,2019-06-30,401,Braunau,Männer,bis 19 Jahre,B9999,unbestimmt (nur Pst),11,0,19
149836,2019-06-30,401,Braunau,Männer,20 bis 24 Jahre,B9999,unbestimmt (nur Pst),3,20,24
149856,2019-06-30,401,Braunau,Männer,25 bis 29 Jahre,B9999,unbestimmt (nur Pst),2,25,29
149927,2019-06-30,402,Eferding,Frauen,bis 19 Jahre,B9999,unbestimmt (nur Pst),1,0,19
149941,2019-06-30,402,Eferding,Frauen,20 bis 24 Jahre,B9999,unbestimmt (nur Pst),1,20,24
149979,2019-06-30,402,Eferding,Männer,bis 19 Jahre,B9999,unbestimmt (nur Pst),1,0,19
149999,2019-06-30,402,Eferding,Männer,30 bis 34 Jahre,B9999,unbestimmt (nur Pst),1,30,34
150250,2019-06-30,404,Gmunden,Frauen,bis 19 Jahre,B9999,unbestimmt (nur Pst),1,0,19
150300,2019-06-30,404,Gmunden,Frauen,30 bis 34 Jahre,B9999,unbestimmt (nur Pst),1,30,34
150378,2019-06-30,404,Gmunden,Männer,bis 19 Jahre,B9999,unbestimmt (nur Pst),3,0,19
150530,2019-06-30,406,Grieskirchen,Frauen,bis 19 Jahre,B9999,unbestimmt (nur Pst),1,0,19
150645,2019-06-30,406,Grieskirchen,Männer,20 bis 24 Jahre,B9999,unbestimmt (nur Pst),2,20,24
150709,2019-06-30,407,Kirchdorf/Krems,Frauen,bis 19 Jahre,B9999,unbestimmt (nur Pst),3,0,19
150747,2019-06-30,407,Kirchdorf/Krems,Frauen,25 bis 29 Jahre,B9999,unbestimmt (nur Pst),1,25,29
150816,2019-06-30,407,Kirchdorf/Krems,Männer,bis 19 Jahre,B9999,unbestimmt (nur Pst),1,0,19
150917,2019-06-30,409,Linz neu,Frauen,bis 19 Jahre,B9999,unbestimmt (nur Pst),13,0,19
150965,2019-06-30,409,Linz neu,Frauen,20 bis 24 Jahre,B9999,unbestimmt (nur Pst),5,20,24
151000,2019-06-30,409,Linz neu,Frauen,25 bis 29 Jahre,B9999,unbestimmt (nur Pst),5,25,29
151040,2019-06-30,409,Linz neu,Frauen,30 bis 34 Jahre,B9999,unbestimmt (nur Pst),2,30,34
151077,2019-06-30,409,Linz neu,Frauen,35 bis 39 Jahre,B9999,unbestimmt (nur Pst),4,35,39
151119,2019-06-30,409,Linz neu,Frauen,40 bis 44 Jahre,B9999,unbestimmt (nur Pst),5,40,44
151190,2019-06-30,409,Linz neu,Frauen,55 bis 59 Jahre,B9999,unbestimmt (nur Pst),2,55,59
151231,2019-06-30,409,Linz neu,Männer,bis 19 Jahre,B9999,unbestimmt (nur Pst),18,0,19
151302,2019-06-30,409,Linz neu,Männer,20 bis 24 Jahre,B9999,unbestimmt (nur Pst),5,20,24
151355,2019-06-30,409,Linz neu,Männer,25 bis 29 Jahre,B9999,unbestimmt (nur Pst),1,25,29
151404,2019-06-30,409,Linz neu,Männer,30 bis 34 Jahre,B9999,unbestimmt (nur Pst),2,30,34
151451,2019-06-30,409,Linz neu,Männer,35 bis 39 Jahre,B9999,unbestimmt (nur Pst),2,35,39
151491,2019-06-30,409,Linz neu,Männer,40 bis 44 Jahre,B9999,unbestimmt (nur Pst),1,40,44
151524,2019-06-30,409,Linz neu,Männer,45 bis 49 Jahre,B9999,unbestimmt (nur Pst),1,45,49
151555,2019-06-30,409,Linz neu,Männer,50 bis 54 Jahre,B9999,unbestimmt (nur Pst),2,50,54
151578,2019-06-30,409,Linz neu,Männer,55 bis 59 Jahre,B9999,unbestimmt (nur Pst),2,55,59
151590,2019-06-30,411,Perg,Frauen,bis 19 Jahre,B9999,unbestimmt (nur Pst),1,0,19
151604,2019-06-30,411,Perg,Frauen,20 bis 24 Jahre,B9999,unbestimmt (nur Pst),1,20,24
151647,2019-06-30,411,Perg,Frauen,35 bis 39 Jahre,B9999,unbestimmt (nur Pst),1,35,39
151657,2019-06-30,411,Perg,Frauen,40 bis 44 Jahre,B9999,unbestimmt (nur Pst),1,40,44
151701,2019-06-30,411,Perg,Männer,bis 19 Jahre,B9999,unbestimmt (nur Pst),1,0,19
151817,2019-06-30,412,Ried im Innkreis,Frauen,bis 19 Jahre,B9999,unbestimmt (nur Pst),5,0,19
151833,2019-06-30,412,Ried im Innkreis,Frauen,20 bis 24 Jahre,B9999,unbestimmt (nur Pst),1,20,24
151865,2019-06-30,412,Ried im Innkreis,Frauen,30 bis 34 Jahre,B9999,unbestimmt (nur Pst),1,30,34
151929,2019-06-30,412,Ried im Innkreis,Männer,bis 19 Jahre,B9999,unbestimmt (nur Pst),4,0,19
151946,2019-06-30,412,Ried im Innkreis,Männer,20 bis 24 Jahre,B9999,unbestimmt (nur Pst),2,20,24
151968,2019-06-30,412,Ried im Innkreis,Männer,30 bis 34 Jahre,B9999,unbestimmt (nur Pst),1,30,34
152027,2019-06-30,413,Rohrbach,Frauen,bis 19 Jahre,B9999,unbestimmt (nur Pst),2,0,19
152038,2019-06-30,413,Rohrbach,Frauen,20 bis 24 Jahre,B9999,unbestimmt (nur Pst),1,20,24
152057,2019-06-30,413,Rohrbach,Frauen,30 bis 34 Jahre,B9999,unbestimmt (nur Pst),1,30,34
152139,2019-06-30,413,Rohrbach,Männer,40 bis 44 Jahre,B9999,unbestimmt (nur Pst),1,40,44
152162,2019-06-30,414,Schärding,Frauen,bis 19 Jahre,B9999,unbestimmt (nur Pst),1,0,19
152328,2019-06-30,415,Steyr,Frauen,bis 19 Jahre,B9999,unbestimmt (nur Pst),8,0,19
152360,2019-06-30,415,Steyr,Frauen,20 bis 24 Jahre,B9999,unbestimmt (nur Pst),4,20,24
152385,2019-06-30,415,Steyr,Frauen,25 bis 29 Jahre,B9999,unbestimmt (nur Pst),2,25,29
152423,2019-06-30,415,Steyr,Frauen,35 bis 39 Jahre,B9999,unbestimmt (nur Pst),1,35,39
152475,2019-06-30,415,Steyr,Frauen,50 bis 54 Jahre,B9999,unbestimmt (nur Pst),1,50,54
152521,2019-06-30,415,Steyr,Männer,bis 19 Jahre,B9999,unbestimmt (nur Pst),11,0,19
152558,2019-06-30,415,Steyr,Männer,20 bis 24 Jahre,B9999,unbestimmt (nur Pst),1,20,24
152586,2019-06-30,415,Steyr,Männer,25 bis 29 Jahre,B9999,unbestimmt (nur Pst),1,25,29
152608,2019-06-30,415,Steyr,Männer,30 bis 34 Jahre,B9999,unbestimmt (nur Pst),1,30,34
152682,2019-06-30,418,Vöcklabruck,Frauen,bis 19 Jahre,B9999,unbestimmt (nur Pst),5,0,19
152705,2019-06-30,418,Vöcklabruck,Frauen,20 bis 24 Jahre,B9999,unbestimmt (nur Pst),1,20,24
152782,2019-06-30,418,Vöcklabruck,Frauen,40 bis 44 Jahre,B9999,unbestimmt (nur Pst),2,40,44
152852,2019-06-30,418,Vöcklabruck,Männer,bis 19 Jahre,B9999,unbestimmt (nur Pst),4,0,19
152913,2019-06-30,418,Vöcklabruck,Männer,30 bis 34 Jahre,B9999,unbestimmt (nur Pst),1,30,34
153023,2019-06-30,419,Wels,Frauen,20 bis 24 Jahre,B9999,unbestimmt (nur Pst),1,20,24
153088,2019-06-30,419,Wels,Frauen,35 bis 39 Jahre,B9999,unbestimmt (nur Pst),3,35,39
153131,2019-06-30,419,Wels,Frauen,45 bis 49 Jahre,B9999,unbestimmt (nur Pst),1,45,49
153277,2019-06-30,419,Wels,Männer,35 bis 39 Jahre,B9999,unbestimmt (nur Pst),1,35,39
153310,2019-06-30,419,Wels,Männer,45 bis 49 Jahre,B9999,unbestimmt (nur Pst),1,45,49
153331,2019-06-30,419,Wels,Männer,50 bis 54 Jahre,B9999,unbestimmt (nur Pst),1,50,54
153374,2019-06-30,421,Traun,Frauen,bis 19 Jahre,B9999,unbestimmt (nur Pst),3,0,19
153397,2019-06-30,421,Traun,Frauen,20 bis 24 Jahre,B9999,unbestimmt (nur Pst),1,20,24
153423,2019-06-30,421,Traun,Frauen,25 bis 29 Jahre,B9999,unbestimmt (nur Pst),1,25,29
153449,2019-06-30,421,Traun,Frauen,30 bis 34 Jahre,B9999,unbestimmt (nur Pst),1,30,34
153480,2019-06-30,421,Traun,Frauen,35 bis 39 Jahre,B9999,unbestimmt (nur Pst),1,35,39
153508,2019-06-30,421,Traun,Frauen,40 bis 44 Jahre,B9999,unbestimmt (nur Pst),1,40,44
153535,2019-06-30,421,Traun,Frauen,45 bis 49 Jahre,B9999,unbestimmt (nur Pst),1,45,49
153570,2019-06-30,421,Traun,Frauen,55 bis 59 Jahre,B9999,unbestimmt (nur Pst),1,55,59
153607,2019-06-30,421,Traun,Männer,bis 19 Jahre,B9999,unbestimmt (nur Pst),4,0,19
153642,2019-06-30,421,Traun,Männer,20 bis 24 Jahre,B9999,unbestimmt (nur Pst),3,20,24
153780,2019-06-30,501,Bischofshofen,Frauen,bis 19 Jahre,B9999,unbestimmt (nur Pst),2,0,19
153804,2019-06-30,501,Bischofshofen,Frauen,20 bis 24 Jahre,B9999,unbestimmt (nur Pst),1,20,24
153832,2019-06-30,501,Bischofshofen,Frauen,30 bis 34 Jahre,B9999,unbestimmt (nur Pst),2,30,34
153860,2019-06-30,501,Bischofshofen,Frauen,40 bis 44 Jahre,B9999,unbestimmt (nur Pst),2,40,44
153907,2019-06-30,501,Bischofshofen,Männer,bis 19 Jahre,B9999,unbestimmt (nur Pst),1,0,19
153949,2019-06-30,501,Bischofshofen,Männer,30 bis 34 Jahre,B9999,unbestimmt (nur Pst),1,30,34
153978,2019-06-30,501,Bischofshofen,Männer,45 bis 49 Jahre,B9999,unbestimmt (nur Pst),1,45,49
154001,2019-06-30,503,Hallein,Frauen,bis 19 Jahre,B9999,unbestimmt (nur Pst),2,0,19
154071,2019-06-30,503,Hallein,Frauen,50 bis 54 Jahre,B9999,unbestimmt (nur Pst),1,50,54
154158,2019-06-30,504,Salzburg,Frauen,bis 19 Jahre,B9999,unbestimmt (nur Pst),3,0,19
154220,2019-06-30,504,Salzburg,Frauen,25 bis 29 Jahre,B9999,unbestimmt (nur Pst),2,25,29
154289,2019-06-30,504,Salzburg,Frauen,35 bis 39 Jahre,B9999,unbestimmt (nur Pst),2,35,39
154368,2019-06-30,504,Salzburg,Frauen,50 bis 54 Jahre,B9999,unbestimmt (nur Pst),1,50,54
154553,2019-06-30,504,Salzburg,Männer,30 bis 34 Jahre,B9999,unbestimmt (nur Pst),1,30,34
154673,2019-06-30,504,Salzburg,Männer,50 bis 54 Jahre,B9999,unbestimmt (nur Pst),1,50,54
154757,2019-06-30,506,Zell am See,Frauen,bis 19 Jahre,B9999,unbestimmt (nur Pst),3,0,19
154769,2019-06-30,506,Zell am See,Frauen,20 bis 24 Jahre,B9999,unbestimmt (nur Pst),1,20,24
154785,2019-06-30,506,Zell am See,Frauen,25 bis 29 Jahre,B9999,unbestimmt (nur Pst),2,25,29
154801,2019-06-30,506,Zell am See,Frauen,30 bis 34 Jahre,B9999,unbestimmt (nur Pst),1,30,34
154824,2019-06-30,506,Zell am See,Frauen,40 bis 44 Jahre,B9999,unbestimmt (nur Pst),1,40,44
154835,2019-06-30,506,Zell am See,Frauen,45 bis 49 Jahre,B9999,unbestimmt (nur Pst),2,45,49
154859,2019-06-30,506,Zell am See,Männer,bis 19 Jahre,B9999,unbestimmt (nur Pst),4,0,19
154875,2019-06-30,506,Zell am See,Männer,20 bis 24 Jahre,B9999,unbestimmt (nur Pst),1,20,24
154921,2019-06-30,601,Bruck/Mur,Frauen,bis 19 Jahre,B9999,unbestimmt (nur Pst),8,0,19
154941,2019-06-30,601,Bruck/Mur,Frauen,20 bis 24 Jahre,B9999,unbestimmt (nur Pst),2,20,24
155013,2019-06-30,601,Bruck/Mur,Frauen,50 bis 54 Jahre,B9999,unbestimmt (nur Pst),3,50,54
155037,2019-06-30,601,Bruck/Mur,Männer,bis 19 Jahre,B9999,unbestimmt (nur Pst),2,0,19
155062,2019-06-30,601,Bruck/Mur,Männer,20 bis 24 Jahre,B9999,unbestimmt (nur Pst),1,20,24
155095,2019-06-30,601,Bruck/Mur,Männer,30 bis 34 Jahre,B9999,unbestimmt (nur Pst),1,30,34
155365,2019-06-30,604,Feldbach,Frauen,bis 19 Jahre,B9999,unbestimmt (nur Pst),2,0,19
155520,2019-06-30,604,Feldbach,Männer,bis 19 Jahre,B9999,unbestimmt (nur Pst),1,0,19
155644,2019-06-30,606,Gleisdorf,Frauen,20 bis 24 Jahre,B9999,unbestimmt (nur Pst),1,20,24
155719,2019-06-30,606,Gleisdorf,Männer,bis 19 Jahre,B9999,unbestimmt (nur Pst),3,0,19
155740,2019-06-30,606,Gleisdorf,Männer,25 bis 29 Jahre,B9999,unbestimmt (nur Pst),1,25,29
155784,2019-06-30,609,Hartberg,Frauen,bis 19 Jahre,B9999,unbestimmt (nur Pst),4,0,19
155903,2019-06-30,609,Hartberg,Frauen,45 bis 49 Jahre,B9999,unbestimmt (nur Pst),1,45,49
155931,2019-06-30,609,Hartberg,Frauen,55 bis 59 Jahre,B9999,unbestimmt (nur Pst),1,55,59
155951,2019-06-30,609,Hartberg,Männer,bis 19 Jahre,B9999,unbestimmt (nur Pst),2,0,19
155982,2019-06-30,609,Hartberg,Männer,20 bis 24 Jahre,B9999,unbestimmt (nur Pst),3,20,24
156091,2019-06-30,610,Judenburg,Frauen,bis 19 Jahre,B9999,unbestimmt (nur Pst),4,0,19
156113,2019-06-30,610,Judenburg,Frauen,20 bis 24 Jahre,B9999,unbestimmt (nur Pst),2,20,24
156133,2019-06-30,610,Judenburg,Frauen,25 bis 29 Jahre,B9999,unbestimmt (nur Pst),1,25,29
156145,2019-06-30,610,Judenburg,Frauen,30 bis 34 Jahre,B9999,unbestimmt (nur Pst),1,30,34
156159,2019-06-30,610,Judenburg,Frauen,35 bis 39 Jahre,B9999,unbestimmt (nur Pst),1,35,39
156196,2019-06-30,610,Judenburg,Frauen,55 bis 59 Jahre,B9999,unbestimmt (nur Pst),2,55,59
156210,2019-06-30,610,Judenburg,Männer,bis 19 Jahre,B9999,unbestimmt (nur Pst),5,0,19
156236,2019-06-30,610,Judenburg,Männer,20 bis 24 Jahre,B9999,unbestimmt (nur Pst),2,20,24
156252,2019-06-30,610,Judenburg,Männer,25 bis 29 Jahre,B9999,unbestimmt (nur Pst),1,25,29
156315,2019-06-30,611,Murau,Frauen,bis 19 Jahre,B9999,unbestimmt (nur Pst),1,0,19
156322,2019-06-30,611,Murau,Frauen,20 bis 24 Jahre,B9999,unbestimmt (nur Pst),3,20,24
156362,2019-06-30,611,Murau,Männer,bis 19 Jahre,B9999,unbestimmt (nur Pst),1,0,19
156382,2019-06-30,611,Murau,Männer,35 bis 39 Jahre,B9999,unbestimmt (nur Pst),1,35,39
156413,2019-06-30,614,Leibnitz,Frauen,bis 19 Jahre,B9999,unbestimmt (nur Pst),2,0,19
156436,2019-06-30,614,Leibnitz,Frauen,20 bis 24 Jahre,B9999,unbestimmt (nur Pst),1,20,24
156474,2019-06-30,614,Leibnitz,Frauen,30 bis 34 Jahre,B9999,unbestimmt (nur Pst),1,30,34
156519,2019-06-30,614,Leibnitz,Frauen,45 bis 49 Jahre,B9999,unbestimmt (nur Pst),1,45,49
156549,2019-06-30,614,Leibnitz,Männer,bis 19 Jahre,B9999,unbestimmt (nur Pst),2,0,19
156569,2019-06-30,614,Leibnitz,Männer,20 bis 24 Jahre,B9999,unbestimmt (nur Pst),1,20,24
156650,2019-06-30,616,Leoben,Frauen,bis 19 Jahre,B9999,unbestimmt (nur Pst),2,0,19
156694,2019-06-30,616,Leoben,Frauen,25 bis 29 Jahre,B9999,unbestimmt (nur Pst),1,25,29
156776,2019-06-30,616,Leoben,Männer,bis 19 Jahre,B9999,unbestimmt (nur Pst),2,0,19
156792,2019-06-30,616,Leoben,Männer,20 bis 24 Jahre,B9999,unbestimmt (nur Pst),4,20,24
156804,2019-06-30,616,Leoben,Männer,25 bis 29 Jahre,B9999,unbestimmt (nur Pst),1,25,29
156877,2019-06-30,618,Liezen,Frauen,bis 19 Jahre,B9999,unbestimmt (nur Pst),3,0,19
156990,2019-06-30,618,Liezen,Männer,bis 19 Jahre,B9999,unbestimmt (nur Pst),1,0,19
157086,2019-06-30,621,Mürzzuschlag,Frauen,bis 19 Jahre,B9999,unbestimmt (nur Pst),3,0,19
157099,2019-06-30,621,Mürzzuschlag,Frauen,20 bis 24 Jahre,B9999,unbestimmt (nur Pst),2,20,24
157138,2019-06-30,621,Mürzzuschlag,Frauen,40 bis 44 Jahre,B9999,unbestimmt (nur Pst),1,40,44
157167,2019-06-30,621,Mürzzuschlag,Männer,bis 19 Jahre,B9999,unbestimmt (nur Pst),2,0,19
157183,2019-06-30,621,Mürzzuschlag,Männer,20 bis 24 Jahre,B9999,unbestimmt (nur Pst),2,20,24
157256,2019-06-30,622,Voitsberg,Frauen,bis 19 Jahre,B9999,unbestimmt (nur Pst),2,0,19
157273,2019-06-30,622,Voitsberg,Frauen,20 bis 24 Jahre,B9999,unbestimmt (nur Pst),1,20,24
157436,2019-06-30,623,Weiz,Frauen,bis 19 Jahre,B9999,unbestimmt (nur Pst),1,0,19
157487,2019-06-30,623,Weiz,Frauen,45 bis 49 Jahre,B9999,unbestimmt (nur Pst),1,45,49
157517,2019-06-30,623,Weiz,Männer,20 bis 24 Jahre,B9999,unbestimmt (nur Pst),1,20,24
157534,2019-06-30,623,Weiz,Männer,30 bis 34 Jahre,B9999,unbestimmt (nur Pst),1,30,34
157546,2019-06-30,623,Weiz,Männer,45 bis 49 Jahre,B9999,unbestimmt (nur Pst),1,45,49
157604,2019-06-30,630,Graz-West und Umgebung,Frauen,bis 19 Jahre,B9999,unbestimmt (nur Pst),10,0,19
157661,2019-06-30,630,Graz-West und Umgebung,Frauen,20 bis 24 Jahre,B9999,unbestimmt (nur Pst),3,20,24
157703,2019-06-30,630,Graz-West und Umgebung,Frauen,25 bis 29 Jahre,B9999,unbestimmt (nur Pst),1,25,29
157825,2019-06-30,630,Graz-West und Umgebung,Frauen,40 bis 44 Jahre,B9999,unbestimmt (nur Pst),1,40,44
157956,2019-06-30,630,Graz-West und Umgebung,Männer,bis 19 Jahre,B9999,unbestimmt (nur Pst),9,0,19
158035,2019-06-30,630,Graz-West und Umgebung,Männer,20 bis 24 Jahre,B9999,unbestimmt (nur Pst),5,20,24
158087,2019-06-30,630,Graz-West und Umgebung,Männer,25 bis 29 Jahre,B9999,unbestimmt (nur Pst),1,25,29
158342,2019-06-30,631,Graz-Ost,Frauen,bis 19 Jahre,B9999,unbestimmt (nur Pst),6,0,19
158372,2019-06-30,631,Graz-Ost,Frauen,20 bis 24 Jahre,B9999,unbestimmt (nur Pst),2,20,24
158449,2019-06-30,631,Graz-Ost,Frauen,30 bis 34 Jahre,B9999,unbestimmt (nur Pst),1,30,34
158489,2019-06-30,631,Graz-Ost,Frauen,35 bis 39 Jahre,B9999,unbestimmt (nur Pst),2,35,39
158606,2019-06-30,631,Graz-Ost,Männer,bis 19 Jahre,B9999,unbestimmt (nur Pst),6,0,19
158652,2019-06-30,631,Graz-Ost,Männer,20 bis 24 Jahre,B9999,unbestimmt (nur Pst),1,20,24
158894,2019-06-30,701,Imst,Männer,bis 19 Jahre,B9999,unbestimmt (nur Pst),3,0,19
158934,2019-06-30,702,Innsbruck,Frauen,bis 19 Jahre,B9999,unbestimmt (nur Pst),2,0,19
158988,2019-06-30,702,Innsbruck,Frauen,25 bis 29 Jahre,B9999,unbestimmt (nur Pst),4,25,29
159067,2019-06-30,702,Innsbruck,Frauen,40 bis 44 Jahre,B9999,unbestimmt (nur Pst),1,40,44
159088,2019-06-30,702,Innsbruck,Frauen,45 bis 49 Jahre,B9999,unbestimmt (nur Pst),4,45,49
159108,2019-06-30,702,Innsbruck,Frauen,50 bis 54 Jahre,B9999,unbestimmt (nur Pst),1,50,54
159148,2019-06-30,702,Innsbruck,Männer,bis 19 Jahre,B9999,unbestimmt (nur Pst),1,0,19
159190,2019-06-30,702,Innsbruck,Männer,20 bis 24 Jahre,B9999,unbestimmt (nur Pst),2,20,24
159228,2019-06-30,702,Innsbruck,Männer,25 bis 29 Jahre,B9999,unbestimmt (nur Pst),1,25,29
159298,2019-06-30,702,Innsbruck,Männer,35 bis 39 Jahre,B9999,unbestimmt (nur Pst),4,35,39
159321,2019-06-30,702,Innsbruck,Männer,40 bis 44 Jahre,B9999,unbestimmt (nur Pst),1,40,44
159364,2019-06-30,702,Innsbruck,Männer,50 bis 54 Jahre,B9999,unbestimmt (nur Pst),1,50,54
159374,2019-06-30,702,Innsbruck,Männer,55 bis 59 Jahre,B9999,unbestimmt (nur Pst),1,55,59
159378,2019-06-30,702,Innsbruck,Männer,60 bis 64 Jahre,B9999,unbestimmt (nur Pst),1,60,64
159449,2019-06-30,705,Kufstein,Frauen,bis 19 Jahre,B9999,unbestimmt (nur Pst),5,0,19
159464,2019-06-30,705,Kufstein,Frauen,20 bis 24 Jahre,B9999,unbestimmt (nur Pst),1,20,24
159479,2019-06-30,705,Kufstein,Frauen,25 bis 29 Jahre,B9999,unbestimmt (nur Pst),1,25,29
159561,2019-06-30,705,Kufstein,Männer,bis 19 Jahre,B9999,unbestimmt (nur Pst),4,0,19
159583,2019-06-30,705,Kufstein,Männer,20 bis 24 Jahre,B9999,unbestimmt (nur Pst),1,20,24
159590,2019-06-30,705,Kufstein,Männer,25 bis 29 Jahre,B9999,unbestimmt (nur Pst),1,25,29
159638,2019-06-30,706,Landeck,Frauen,bis 19 Jahre,B9999,unbestimmt (nur Pst),2,0,19
159684,2019-06-30,706,Landeck,Männer,bis 19 Jahre,B9999,unbestimmt (nur Pst),4,0,19
159693,2019-06-30,706,Landeck,Männer,20 bis 24 Jahre,B9999,unbestimmt (nur Pst),1,20,24
159717,2019-06-30,707,Lienz,Frauen,bis 19 Jahre,B9999,unbestimmt (nur Pst),1,0,19
159770,2019-06-30,707,Lienz,Männer,25 bis 29 Jahre,B9999,unbestimmt (nur Pst),1,25,29
159830,2019-06-30,709,Schwaz,Frauen,bis 19 Jahre,B9999,unbestimmt (nur Pst),3,0,19
159855,2019-06-30,709,Schwaz,Frauen,30 bis 34 Jahre,B9999,unbestimmt (nur Pst),1,30,34
159880,2019-06-30,709,Schwaz,Frauen,45 bis 49 Jahre,B9999,unbestimmt (nur Pst),2,45,49
159898,2019-06-30,709,Schwaz,Männer,bis 19 Jahre,B9999,unbestimmt (nur Pst),3,0,19
159924,2019-06-30,709,Schwaz,Männer,40 bis 44 Jahre,B9999,unbestimmt (nur Pst),1,40,44
159932,2019-06-30,709,Schwaz,Männer,45 bis 49 Jahre,B9999,unbestimmt (nur Pst),1,45,49
160007,2019-06-30,801,Bludenz,Frauen,40 bis 44 Jahre,B9999,unbestimmt (nur Pst),1,40,44
160043,2019-06-30,801,Bludenz,Männer,bis 19 Jahre,B9999,unbestimmt (nur Pst),1,0,19
160078,2019-06-30,801,Bludenz,Männer,25 bis 29 Jahre,B9999,unbestimmt (nur Pst),1,25,29
160086,2019-06-30,801,Bludenz,Männer,30 bis 34 Jahre,B9999,unbestimmt (nur Pst),1,30,34
160138,2019-06-30,802,Bregenz,Frauen,bis 19 Jahre,B9999,unbestimmt (nur Pst),1,0,19
160173,2019-06-30,802,Bregenz,Frauen,20 bis 24 Jahre,B9999,unbestimmt (nur Pst),1,20,24
160235,2019-06-30,802,Bregenz,Frauen,35 bis 39 Jahre,B9999,unbestimmt (nur Pst),2,35,39
160269,2019-06-30,802,Bregenz,Frauen,45 bis 49 Jahre,B9999,unbestimmt (nur Pst),1,45,49
160324,2019-06-30,802,Bregenz,Männer,bis 19 Jahre,B9999,unbestimmt (nur Pst),1,0,19
160358,2019-06-30,802,Bregenz,Männer,20 bis 24 Jahre,B9999,unbestimmt (nur Pst),1,20,24
160471,2019-06-30,802,Bregenz,Männer,55 bis 59 Jahre,B9999,unbestimmt (nur Pst),1,55,59
160589,2019-06-30,804,Dornbirn,Frauen,40 bis 44 Jahre,B9999,unbestimmt (nur Pst),1,40,44
160611,2019-06-30,804,Dornbirn,Frauen,50 bis 54 Jahre,B9999,unbestimmt (nur Pst),1,50,54
160674,2019-06-30,804,Dornbirn,Männer,20 bis 24 Jahre,B9999,unbestimmt (nur Pst),1,20,24
160768,2019-06-30,804,Dornbirn,Männer,50 bis 54 Jahre,B9999,unbestimmt (nur Pst),1,50,54
160776,2019-06-30,804,Dornbirn,Männer,55 bis 59 Jahre,B9999,unbestimmt (nur Pst),1,55,59
160794,2019-06-30,805,Feldkirch,Frauen,bis 19 Jahre,B9999,unbestimmt (nur Pst),4,0,19
160879,2019-06-30,805,Feldkirch,Frauen,35 bis 39 Jahre,B9999,unbestimmt (nur Pst),2,35,39
160969,2019-06-30,805,Feldkirch,Männer,bis 19 Jahre,B9999,unbestimmt (nur Pst),4,0,19
161003,2019-06-30,805,Feldkirch,Männer,20 bis 24 Jahre,B9999,unbestimmt (nur Pst),1,20,24
161030,2019-06-30,805,Feldkirch,Männer,25 bis 29 Jahre,B9999,unbestimmt (nur Pst),1,25,29
161078,2019-06-30,805,Feldkirch,Männer,45 bis 49 Jahre,B9999,unbestimmt (nur Pst),2,45,49
161371,2019-06-30,958,Wien Johnstraße,Männer,20 bis 24 Jahre,B9999,unbestimmt (nur Pst),2,20,24
162162,2019-06-30,960,Wien Esteplatz,Frauen,20 bis 24 Jahre,B9999,unbestimmt (nur Pst),1,20,24
164030,2019-06-30,964,Wien Favoritenstraße,Frauen,45 bis 49 Jahre,B9999,unbestimmt (nur Pst),1,45,49
164164,2019-06-30,964,Wien Favoritenstraße,Männer,20 bis 24 Jahre,B9999,unbestimmt (nur Pst),1,20,24
164221,2019-06-30,964,Wien Favoritenstraße,Männer,25 bis 29 Jahre,B9999,unbestimmt (nur Pst),1,25,29
165031,2019-06-30,965,Wien Schönbrunner Straße,Männer,30 bis 34 Jahre,B9999,unbestimmt (nur Pst),1,30,34
165119,2019-06-30,965,Wien Schönbrunner Straße,Männer,40 bis 44 Jahre,B9999,unbestimmt (nur Pst),1,40,44
165583,2019-06-30,966,Wien Hietzinger Kai,Männer,25 bis 29 Jahre,B9999,unbestimmt (nur Pst),1,25,29
165630,2019-06-30,966,Wien Hietzinger Kai,Männer,30 bis 34 Jahre,B9999,unbestimmt (nur Pst),1,30,34
165696,2019-06-30,966,Wien Hietzinger Kai,Männer,40 bis 44 Jahre,B9999,unbestimmt (nur Pst),1,40,44
165785,2019-06-30,966,Wien Hietzinger Kai,Männer,60 bis 64 Jahre,B9999,unbestimmt (nur Pst),1,60,64
165866,2019-06-30,967,Wien Huttengasse,Frauen,25 bis 29 Jahre,B9999,unbestimmt (nur Pst),1,25,29
165966,2019-06-30,967,Wien Huttengasse,Frauen,35 bis 39 Jahre,B9999,unbestimmt (nur Pst),1,35,39
167756,2019-06-30,970,Wien Jugendliche,Frauen,bis 19 Jahre,B9999,unbestimmt (nur Pst),20,0,19
167830,2019-06-30,970,Wien Jugendliche,Frauen,20 bis 24 Jahre,B9999,unbestimmt (nur Pst),5,20,24
167926,2019-06-30,970,Wien Jugendliche,Männer,bis 19 Jahre,B9999,unbestimmt (nur Pst),14,0,19
168022,2019-06-30,970,Wien Jugendliche,Männer,20 bis 24 Jahre,B9999,unbestimmt (nur Pst),3,20,24
168108,2019-06-30,974,Wien Austria Campus,Frauen,30 bis 34 Jahre,B9999,unbestimmt (nur Pst),1,30,34
168445,2019-06-30,974,Wien Austria Campus,Männer,50 bis 54 Jahre,B9999,unbestimmt (nur Pst),1,50,54
168954,2019-07-31,101,Eisenstadt,Frauen,bis 19 Jahre,B9999,unbestimmt (nur Pst),1,0,19
169185,2019-07-31,102,Mattersburg,Männer,bis 19 Jahre,B9999,unbestimmt (nur Pst),1,0,19
169201,2019-07-31,102,Mattersburg,Männer,20 bis 24 Jahre,B9999,unbestimmt (nur Pst),1,20,24
169942,2019-07-31,202,Hermagor,Frauen,20 bis 24 Jahre,B9999,unbestimmt (nur Pst),1,20,24
169988,2019-07-31,203,Klagenfurt,Frauen,bis 19 Jahre,B9999,unbestimmt (nur Pst),5,0,19
170019,2019-07-31,203,Klagenfurt,Frauen,20 bis 24 Jahre,B9999,unbestimmt (nur Pst),2,20,24
170099,2019-07-31,203,Klagenfurt,Frauen,40 bis 44 Jahre,B9999,unbestimmt (nur Pst),2,40,44
170132,2019-07-31,203,Klagenfurt,Frauen,50 bis 54 Jahre,B9999,unbestimmt (nur Pst),1,50,54
170202,2019-07-31,203,Klagenfurt,Männer,20 bis 24 Jahre,B9999,unbestimmt (nur Pst),3,20,24
170235,2019-07-31,203,Klagenfurt,Männer,30 bis 34 Jahre,B9999,unbestimmt (nur Pst),1,30,34
170262,2019-07-31,203,Klagenfurt,Männer,40 bis 44 Jahre,B9999,unbestimmt (nur Pst),1,40,44
170275,2019-07-31,203,Klagenfurt,Männer,45 bis 49 Jahre,B9999,unbestimmt (nur Pst),1,45,49
170310,2019-07-31,204,Spittal/Drau,Frauen,bis 19 Jahre,B9999,unbestimmt (nur Pst),1,0,19
170404,2019-07-31,204,Spittal/Drau,Männer,bis 19 Jahre,B9999,unbestimmt (nur Pst),1,0,19
170585,2019-07-31,206,Villach,Frauen,bis 19 Jahre,B9999,unbestimmt (nur Pst),1,0,19
170882,2019-07-31,207,Völkermarkt,Männer,20 bis 24 Jahre,B9999,unbestimmt (nur Pst),1,20,24
170930,2019-07-31,208,Wolfsberg,Frauen,20 bis 24 Jahre,B9999,unbestimmt (nur Pst),1,20,24
171038,2019-07-31,301,Amstetten,Frauen,bis 19 Jahre,B9999,unbestimmt (nur Pst),6,0,19
171061,2019-07-31,301,Amstetten,Frauen,20 bis 24 Jahre,B9999,unbestimmt (nur Pst),3,20,24
171080,2019-07-31,301,Amstetten,Frauen,25 bis 29 Jahre,B9999,unbestimmt (nur Pst),2,25,29
171108,2019-07-31,301,Amstetten,Frauen,35 bis 39 Jahre,B9999,unbestimmt (nur Pst),1,35,39
171170,2019-07-31,301,Amstetten,Männer,bis 19 Jahre,B9999,unbestimmt (nur Pst),5,0,19
171198,2019-07-31,301,Amstetten,Männer,20 bis 24 Jahre,B9999,unbestimmt (nur Pst),1,20,24
171301,2019-07-31,304,Baden neu,Frauen,bis 19 Jahre,B9999,unbestimmt (nur Pst),4,0,19
171334,2019-07-31,304,Baden neu,Frauen,20 bis 24 Jahre,B9999,unbestimmt (nur Pst),4,20,24
171400,2019-07-31,304,Baden neu,Frauen,35 bis 39 Jahre,B9999,unbestimmt (nur Pst),1,35,39
171426,2019-07-31,304,Baden neu,Frauen,40 bis 44 Jahre,B9999,unbestimmt (nur Pst),1,40,44
171470,2019-07-31,304,Baden neu,Frauen,55 bis 59 Jahre,B9999,unbestimmt (nur Pst),1,55,59
171498,2019-07-31,304,Baden neu,Männer,bis 19 Jahre,B9999,unbestimmt (nur Pst),10,0,19
171541,2019-07-31,304,Baden neu,Männer,20 bis 24 Jahre,B9999,unbestimmt (nur Pst),2,20,24
171566,2019-07-31,304,Baden neu,Männer,25 bis 29 Jahre,B9999,unbestimmt (nur Pst),2,25,29
171583,2019-07-31,304,Baden neu,Männer,30 bis 34 Jahre,B9999,unbestimmt (nur Pst),1,30,34
171679,2019-07-31,306,Bruck/Leitha,Frauen,bis 19 Jahre,B9999,unbestimmt (nur Pst),2,0,19
171690,2019-07-31,306,Bruck/Leitha,Frauen,20 bis 24 Jahre,B9999,unbestimmt (nur Pst),2,20,24
171758,2019-07-31,306,Bruck/Leitha,Männer,bis 19 Jahre,B9999,unbestimmt (nur Pst),6,0,19
171808,2019-07-31,306,Bruck/Leitha,Männer,40 bis 44 Jahre,B9999,unbestimmt (nur Pst),1,40,44
171855,2019-07-31,308,Gänserndorf,Frauen,bis 19 Jahre,B9999,unbestimmt (nur Pst),2,0,19
171890,2019-07-31,308,Gänserndorf,Frauen,20 bis 24 Jahre,B9999,unbestimmt (nur Pst),1,20,24
172036,2019-07-31,308,Gänserndorf,Männer,bis 19 Jahre,B9999,unbestimmt (nur Pst),3,0,19
172079,2019-07-31,308,Gänserndorf,Männer,20 bis 24 Jahre,B9999,unbestimmt (nur Pst),1,20,24
172187,2019-07-31,311,Gmünd,Frauen,bis 19 Jahre,B9999,unbestimmt (nur Pst),1,0,19
172297,2019-07-31,311,Gmünd,Männer,40 bis 44 Jahre,B9999,unbestimmt (nur Pst),1,40,44
172330,2019-07-31,312,Hollabrunn,Frauen,bis 19 Jahre,B9999,unbestimmt (nur Pst),1,0,19
172345,2019-07-31,312,Hollabrunn,Frauen,20 bis 24 Jahre,B9999,unbestimmt (nur Pst),2,20,24
172490,2019-07-31,313,Horn,Frauen,bis 19 Jahre,B9999,unbestimmt (nur Pst),1,0,19
172498,2019-07-31,313,Horn,Frauen,20 bis 24 Jahre,B9999,unbestimmt (nur Pst),2,20,24
172538,2019-07-31,313,Horn,Männer,bis 19 Jahre,B9999,unbestimmt (nur Pst),6,0,19
172546,2019-07-31,313,Horn,Männer,20 bis 24 Jahre,B9999,unbestimmt (nur Pst),2,20,24
172549,2019-07-31,313,Horn,Männer,25 bis 29 Jahre,B9999,unbestimmt (nur Pst),1,25,29
172621,2019-07-31,314,Korneuburg,Frauen,30 bis 34 Jahre,B9999,unbestimmt (nur Pst),1,30,34
172651,2019-07-31,314,Korneuburg,Frauen,40 bis 44 Jahre,B9999,unbestimmt (nur Pst),1,40,44
172682,2019-07-31,314,Korneuburg,Frauen,50 bis 54 Jahre,B9999,unbestimmt (nur Pst),1,50,54
172714,2019-07-31,314,Korneuburg,Männer,bis 19 Jahre,B9999,unbestimmt (nur Pst),5,0,19
172743,2019-07-31,314,Korneuburg,Männer,20 bis 24 Jahre,B9999,unbestimmt (nur Pst),1,20,24
172839,2019-07-31,315,Krems,Frauen,bis 19 Jahre,B9999,unbestimmt (nur Pst),3,0,19
172862,2019-07-31,315,Krems,Frauen,20 bis 24 Jahre,B9999,unbestimmt (nur Pst),2,20,24
173062,2019-07-31,316,Lilienfeld,Frauen,25 bis 29 Jahre,B9999,unbestimmt (nur Pst),1,25,29
173069,2019-07-31,316,Lilienfeld,Frauen,30 bis 34 Jahre,B9999,unbestimmt (nur Pst),3,30,34
173075,2019-07-31,316,Lilienfeld,Frauen,35 bis 39 Jahre,B9999,unbestimmt (nur Pst),1,35,39
173091,2019-07-31,316,Lilienfeld,Frauen,50 bis 54 Jahre,B9999,unbestimmt (nur Pst),2,50,54
173116,2019-07-31,316,Lilienfeld,Männer,20 bis 24 Jahre,B9999,unbestimmt (nur Pst),1,20,24
173368,2019-07-31,319,Mistelbach,Frauen,bis 19 Jahre,B9999,unbestimmt (nur Pst),6,0,19
173392,2019-07-31,319,Mistelbach,Frauen,25 bis 29 Jahre,B9999,unbestimmt (nur Pst),1,25,29
173404,2019-07-31,319,Mistelbach,Frauen,30 bis 34 Jahre,B9999,unbestimmt (nur Pst),1,30,34
173431,2019-07-31,319,Mistelbach,Frauen,40 bis 44 Jahre,B9999,unbestimmt (nur Pst),1,40,44
173475,2019-07-31,319,Mistelbach,Männer,bis 19 Jahre,B9999,unbestimmt (nur Pst),4,0,19
173562,2019-07-31,321,Mödling,Frauen,bis 19 Jahre,B9999,unbestimmt (nur Pst),2,0,19
173591,2019-07-31,321,Mödling,Frauen,20 bis 24 Jahre,B9999,unbestimmt (nur Pst),3,20,24
173753,2019-07-31,321,Mödling,Männer,bis 19 Jahre,B9999,unbestimmt (nur Pst),7,0,19
173781,2019-07-31,321,Mödling,Männer,20 bis 24 Jahre,B9999,unbestimmt (nur Pst),2,20,24
173795,2019-07-31,321,Mödling,Männer,25 bis 29 Jahre,B9999,unbestimmt (nur Pst),2,25,29
173912,2019-07-31,323,Neunkirchen,Frauen,20 bis 24 Jahre,B9999,unbestimmt (nur Pst),1,20,24
174146,2019-07-31,326,St. Pölten,Frauen,bis 19 Jahre,B9999,unbestimmt (nur Pst),8,0,19
174180,2019-07-31,326,St. Pölten,Frauen,20 bis 24 Jahre,B9999,unbestimmt (nur Pst),2,20,24
174223,2019-07-31,326,St. Pölten,Frauen,30 bis 34 Jahre,B9999,unbestimmt (nur Pst),1,30,34
174296,2019-07-31,326,St. Pölten,Frauen,45 bis 49 Jahre,B9999,unbestimmt (nur Pst),1,45,49
174360,2019-07-31,326,St. Pölten,Männer,bis 19 Jahre,B9999,unbestimmt (nur Pst),8,0,19
174406,2019-07-31,326,St. Pölten,Männer,20 bis 24 Jahre,B9999,unbestimmt (nur Pst),2,20,24
174563,2019-07-31,326,St. Pölten,Männer,50 bis 54 Jahre,B9999,unbestimmt (nur Pst),1,50,54
174589,2019-07-31,328,Scheibbs,Frauen,bis 19 Jahre,B9999,unbestimmt (nur Pst),2,0,19
174600,2019-07-31,328,Scheibbs,Frauen,20 bis 24 Jahre,B9999,unbestimmt (nur Pst),2,20,24
174626,2019-07-31,328,Scheibbs,Frauen,35 bis 39 Jahre,B9999,unbestimmt (nur Pst),1,35,39
174653,2019-07-31,328,Scheibbs,Männer,bis 19 Jahre,B9999,unbestimmt (nur Pst),1,0,19
174701,2019-07-31,329,Schwechat,Frauen,bis 19 Jahre,B9999,unbestimmt (nur Pst),2,0,19
174813,2019-07-31,329,Schwechat,Männer,bis 19 Jahre,B9999,unbestimmt (nur Pst),3,0,19
174915,2019-07-31,331,Tulln,Frauen,bis 19 Jahre,B9999,unbestimmt (nur Pst),9,0,19
174934,2019-07-31,331,Tulln,Frauen,20 bis 24 Jahre,B9999,unbestimmt (nur Pst),3,20,24
174953,2019-07-31,331,Tulln,Frauen,25 bis 29 Jahre,B9999,unbestimmt (nur Pst),1,25,29
174967,2019-07-31,331,Tulln,Frauen,30 bis 34 Jahre,B9999,unbestimmt (nur Pst),1,30,34
174999,2019-07-31,331,Tulln,Frauen,40 bis 44 Jahre,B9999,unbestimmt (nur Pst),1,40,44
175055,2019-07-31,331,Tulln,Männer,bis 19 Jahre,B9999,unbestimmt (nur Pst),9,0,19
175082,2019-07-31,331,Tulln,Männer,20 bis 24 Jahre,B9999,unbestimmt (nur Pst),2,20,24
175097,2019-07-31,331,Tulln,Männer,25 bis 29 Jahre,B9999,unbestimmt (nur Pst),1,25,29
175140,2019-07-31,331,Tulln,Männer,50 bis 54 Jahre,B9999,unbestimmt (nur Pst),1,50,54
175153,2019-07-31,332,Waidhofen/Thaya,Frauen,bis 19 Jahre,B9999,unbestimmt (nur Pst),2,0,19
175163,2019-07-31,332,Waidhofen/Thaya,Frauen,20 bis 24 Jahre,B9999,unbestimmt (nur Pst),1,20,24
175170,2019-07-31,332,Waidhofen/Thaya,Frauen,25 bis 29 Jahre,B9999,unbestimmt (nur Pst),1,25,29
175174,2019-07-31,332,Waidhofen/Thaya,Frauen,30 bis 34 Jahre,B9999,unbestimmt (nur Pst),1,30,34
175283,2019-07-31,333,Waidhofen/Ybbs,Männer,bis 19 Jahre,B9999,unbestimmt (nur Pst),1,0,19
175292,2019-07-31,333,Waidhofen/Ybbs,Männer,20 bis 24 Jahre,B9999,unbestimmt (nur Pst),1,20,24
175329,2019-07-31,334,Wr. Neustadt,Frauen,bis 19 Jahre,B9999,unbestimmt (nur Pst),3,0,19
175360,2019-07-31,334,Wr. Neustadt,Frauen,20 bis 24 Jahre,B9999,unbestimmt (nur Pst),1,20,24
175509,2019-07-31,334,Wr. Neustadt,Männer,bis 19 Jahre,B9999,unbestimmt (nur Pst),2,0,19
175552,2019-07-31,334,Wr. Neustadt,Männer,20 bis 24 Jahre,B9999,unbestimmt (nur Pst),2,20,24
175771,2019-07-31,401,Braunau,Frauen,bis 19 Jahre,B9999,unbestimmt (nur Pst),7,0,19
175801,2019-07-31,401,Braunau,Frauen,20 bis 24 Jahre,B9999,unbestimmt (nur Pst),3,20,24
175824,2019-07-31,401,Braunau,Frauen,25 bis 29 Jahre,B9999,unbestimmt (nur Pst),2,25,29
175836,2019-07-31,401,Braunau,Frauen,30 bis 34 Jahre,B9999,unbestimmt (nur Pst),1,30,34
175853,2019-07-31,401,Braunau,Frauen,35 bis 39 Jahre,B9999,unbestimmt (nur Pst),1,35,39
175920,2019-07-31,401,Braunau,Männer,bis 19 Jahre,B9999,unbestimmt (nur Pst),12,0,19
175944,2019-07-31,401,Braunau,Männer,20 bis 24 Jahre,B9999,unbestimmt (nur Pst),3,20,24
175962,2019-07-31,401,Braunau,Männer,25 bis 29 Jahre,B9999,unbestimmt (nur Pst),1,25,29
176041,2019-07-31,402,Eferding,Frauen,20 bis 24 Jahre,B9999,unbestimmt (nur Pst),1,20,24
176330,2019-07-31,404,Gmunden,Frauen,bis 19 Jahre,B9999,unbestimmt (nur Pst),1,0,19
176456,2019-07-31,404,Gmunden,Männer,bis 19 Jahre,B9999,unbestimmt (nur Pst),4,0,19
176599,2019-07-31,406,Grieskirchen,Frauen,bis 19 Jahre,B9999,unbestimmt (nur Pst),1,0,19
176697,2019-07-31,406,Grieskirchen,Männer,20 bis 24 Jahre,B9999,unbestimmt (nur Pst),1,20,24
176748,2019-07-31,407,Kirchdorf/Krems,Frauen,bis 19 Jahre,B9999,unbestimmt (nur Pst),3,0,19
176779,2019-07-31,407,Kirchdorf/Krems,Frauen,25 bis 29 Jahre,B9999,unbestimmt (nur Pst),1,25,29
176834,2019-07-31,407,Kirchdorf/Krems,Männer,bis 19 Jahre,B9999,unbestimmt (nur Pst),1,0,19
176919,2019-07-31,409,Linz neu,Frauen,bis 19 Jahre,B9999,unbestimmt (nur Pst),11,0,19
176966,2019-07-31,409,Linz neu,Frauen,20 bis 24 Jahre,B9999,unbestimmt (nur Pst),6,20,24
177000,2019-07-31,409,Linz neu,Frauen,25 bis 29 Jahre,B9999,unbestimmt (nur Pst),5,25,29
177072,2019-07-31,409,Linz neu,Frauen,35 bis 39 Jahre,B9999,unbestimmt (nur Pst),3,35,39
177110,2019-07-31,409,Linz neu,Frauen,40 bis 44 Jahre,B9999,unbestimmt (nur Pst),3,40,44
177185,2019-07-31,409,Linz neu,Frauen,55 bis 59 Jahre,B9999,unbestimmt (nur Pst),2,55,59
177225,2019-07-31,409,Linz neu,Männer,bis 19 Jahre,B9999,unbestimmt (nur Pst),15,0,19
177300,2019-07-31,409,Linz neu,Männer,20 bis 24 Jahre,B9999,unbestimmt (nur Pst),5,20,24
177391,2019-07-31,409,Linz neu,Männer,30 bis 34 Jahre,B9999,unbestimmt (nur Pst),1,30,34
177440,2019-07-31,409,Linz neu,Männer,35 bis 39 Jahre,B9999,unbestimmt (nur Pst),3,35,39
177515,2019-07-31,409,Linz neu,Männer,45 bis 49 Jahre,B9999,unbestimmt (nur Pst),2,45,49
177546,2019-07-31,409,Linz neu,Männer,50 bis 54 Jahre,B9999,unbestimmt (nur Pst),1,50,54
177570,2019-07-31,409,Linz neu,Männer,55 bis 59 Jahre,B9999,unbestimmt (nur Pst),1,55,59
177587,2019-07-31,411,Perg,Frauen,bis 19 Jahre,B9999,unbestimmt (nur Pst),1,0,19
177602,2019-07-31,411,Perg,Frauen,20 bis 24 Jahre,B9999,unbestimmt (nur Pst),1,20,24
177635,2019-07-31,411,Perg,Frauen,35 bis 39 Jahre,B9999,unbestimmt (nur Pst),1,35,39
177645,2019-07-31,411,Perg,Frauen,40 bis 44 Jahre,B9999,unbestimmt (nur Pst),1,40,44
177685,2019-07-31,411,Perg,Männer,bis 19 Jahre,B9999,unbestimmt (nur Pst),1,0,19
177794,2019-07-31,412,Ried im Innkreis,Frauen,bis 19 Jahre,B9999,unbestimmt (nur Pst),4,0,19
177851,2019-07-31,412,Ried im Innkreis,Frauen,35 bis 39 Jahre,B9999,unbestimmt (nur Pst),1,35,39
177903,2019-07-31,412,Ried im Innkreis,Männer,bis 19 Jahre,B9999,unbestimmt (nur Pst),3,0,19
177920,2019-07-31,412,Ried im Innkreis,Männer,20 bis 24 Jahre,B9999,unbestimmt (nur Pst),3,20,24
177941,2019-07-31,412,Ried im Innkreis,Männer,30 bis 34 Jahre,B9999,unbestimmt (nur Pst),1,30,34
177998,2019-07-31,413,Rohrbach,Frauen,bis 19 Jahre,B9999,unbestimmt (nur Pst),1,0,19
178009,2019-07-31,413,Rohrbach,Frauen,20 bis 24 Jahre,B9999,unbestimmt (nur Pst),1,20,24
178027,2019-07-31,413,Rohrbach,Frauen,30 bis 34 Jahre,B9999,unbestimmt (nur Pst),1,30,34
178115,2019-07-31,413,Rohrbach,Männer,40 bis 44 Jahre,B9999,unbestimmt (nur Pst),1,40,44
178135,2019-07-31,414,Schärding,Frauen,bis 19 Jahre,B9999,unbestimmt (nur Pst),1,0,19
178297,2019-07-31,415,Steyr,Frauen,bis 19 Jahre,B9999,unbestimmt (nur Pst),8,0,19
178328,2019-07-31,415,Steyr,Frauen,20 bis 24 Jahre,B9999,unbestimmt (nur Pst),4,20,24
178350,2019-07-31,415,Steyr,Frauen,25 bis 29 Jahre,B9999,unbestimmt (nur Pst),1,25,29
178422,2019-07-31,415,Steyr,Frauen,45 bis 49 Jahre,B9999,unbestimmt (nur Pst),1,45,49
178436,2019-07-31,415,Steyr,Frauen,50 bis 54 Jahre,B9999,unbestimmt (nur Pst),1,50,54
178480,2019-07-31,415,Steyr,Männer,bis 19 Jahre,B9999,unbestimmt (nur Pst),10,0,19
178517,2019-07-31,415,Steyr,Männer,20 bis 24 Jahre,B9999,unbestimmt (nur Pst),3,20,24
178541,2019-07-31,415,Steyr,Männer,25 bis 29 Jahre,B9999,unbestimmt (nur Pst),1,25,29
178557,2019-07-31,415,Steyr,Männer,30 bis 34 Jahre,B9999,unbestimmt (nur Pst),1,30,34
178619,2019-07-31,418,Vöcklabruck,Frauen,bis 19 Jahre,B9999,unbestimmt (nur Pst),6,0,19
178639,2019-07-31,418,Vöcklabruck,Frauen,20 bis 24 Jahre,B9999,unbestimmt (nur Pst),2,20,24
178709,2019-07-31,418,Vöcklabruck,Frauen,40 bis 44 Jahre,B9999,unbestimmt (nur Pst),1,40,44
178777,2019-07-31,418,Vöcklabruck,Männer,bis 19 Jahre,B9999,unbestimmt (nur Pst),3,0,19
178943,2019-07-31,419,Wels,Frauen,20 bis 24 Jahre,B9999,unbestimmt (nur Pst),1,20,24
179003,2019-07-31,419,Wels,Frauen,35 bis 39 Jahre,B9999,unbestimmt (nur Pst),3,35,39
179042,2019-07-31,419,Wels,Frauen,45 bis 49 Jahre,B9999,unbestimmt (nur Pst),1,45,49
179179,2019-07-31,419,Wels,Männer,35 bis 39 Jahre,B9999,unbestimmt (nur Pst),1,35,39
179214,2019-07-31,419,Wels,Männer,45 bis 49 Jahre,B9999,unbestimmt (nur Pst),1,45,49
179233,2019-07-31,419,Wels,Männer,50 bis 54 Jahre,B9999,unbestimmt (nur Pst),1,50,54
179278,2019-07-31,421,Traun,Frauen,bis 19 Jahre,B9999,unbestimmt (nur Pst),4,0,19
179300,2019-07-31,421,Traun,Frauen,20 bis 24 Jahre,B9999,unbestimmt (nur Pst),1,20,24
179323,2019-07-31,421,Traun,Frauen,25 bis 29 Jahre,B9999,unbestimmt (nur Pst),1,25,29
179344,2019-07-31,421,Traun,Frauen,30 bis 34 Jahre,B9999,unbestimmt (nur Pst),1,30,34
179374,2019-07-31,421,Traun,Frauen,35 bis 39 Jahre,B9999,unbestimmt (nur Pst),1,35,39
179461,2019-07-31,421,Traun,Frauen,55 bis 59 Jahre,B9999,unbestimmt (nur Pst),1,55,59
179496,2019-07-31,421,Traun,Männer,bis 19 Jahre,B9999,unbestimmt (nur Pst),2,0,19
179526,2019-07-31,421,Traun,Männer,20 bis 24 Jahre,B9999,unbestimmt (nur Pst),2,20,24
179548,2019-07-31,421,Traun,Männer,25 bis 29 Jahre,B9999,unbestimmt (nur Pst),1,25,29
179694,2019-07-31,501,Bischofshofen,Frauen,20 bis 24 Jahre,B9999,unbestimmt (nur Pst),1,20,24
179714,2019-07-31,501,Bischofshofen,Frauen,30 bis 34 Jahre,B9999,unbestimmt (nur Pst),1,30,34
179738,2019-07-31,501,Bischofshofen,Frauen,40 bis 44 Jahre,B9999,unbestimmt (nur Pst),1,40,44
179755,2019-07-31,501,Bischofshofen,Frauen,55 bis 59 Jahre,B9999,unbestimmt (nur Pst),1,55,59
179774,2019-07-31,501,Bischofshofen,Männer,bis 19 Jahre,B9999,unbestimmt (nur Pst),1,0,19
179808,2019-07-31,501,Bischofshofen,Männer,30 bis 34 Jahre,B9999,unbestimmt (nur Pst),1,30,34
179831,2019-07-31,501,Bischofshofen,Männer,45 bis 49 Jahre,B9999,unbestimmt (nur Pst),1,45,49
179850,2019-07-31,503,Hallein,Frauen,bis 19 Jahre,B9999,unbestimmt (nur Pst),2,0,19
179910,2019-07-31,503,Hallein,Frauen,50 bis 54 Jahre,B9999,unbestimmt (nur Pst),1,50,54
180003,2019-07-31,504,Salzburg,Frauen,bis 19 Jahre,B9999,unbestimmt (nur Pst),1,0,19
180067,2019-07-31,504,Salzburg,Frauen,25 bis 29 Jahre,B9999,unbestimmt (nur Pst),1,25,29
180132,2019-07-31,504,Salzburg,Frauen,35 bis 39 Jahre,B9999,unbestimmt (nur Pst),2,35,39
180205,2019-07-31,504,Salzburg,Frauen,50 bis 54 Jahre,B9999,unbestimmt (nur Pst),2,50,54
180445,2019-07-31,504,Salzburg,Männer,40 bis 44 Jahre,B9999,unbestimmt (nur Pst),1,40,44
180491,2019-07-31,504,Salzburg,Männer,50 bis 54 Jahre,B9999,unbestimmt (nur Pst),2,50,54
180510,2019-07-31,504,Salzburg,Männer,55 bis 59 Jahre,B9999,unbestimmt (nur Pst),1,55,59
180562,2019-07-31,506,Zell am See,Frauen,bis 19 Jahre,B9999,unbestimmt (nur Pst),2,0,19
180581,2019-07-31,506,Zell am See,Frauen,25 bis 29 Jahre,B9999,unbestimmt (nur Pst),1,25,29
180615,2019-07-31,506,Zell am See,Frauen,45 bis 49 Jahre,B9999,unbestimmt (nur Pst),1,45,49
180636,2019-07-31,506,Zell am See,Männer,bis 19 Jahre,B9999,unbestimmt (nur Pst),3,0,19
180691,2019-07-31,601,Bruck/Mur,Frauen,bis 19 Jahre,B9999,unbestimmt (nur Pst),6,0,19
180711,2019-07-31,601,Bruck/Mur,Frauen,20 bis 24 Jahre,B9999,unbestimmt (nur Pst),4,20,24
180777,2019-07-31,601,Bruck/Mur,Frauen,50 bis 54 Jahre,B9999,unbestimmt (nur Pst),3,50,54
180802,2019-07-31,601,Bruck/Mur,Männer,bis 19 Jahre,B9999,unbestimmt (nur Pst),3,0,19
180827,2019-07-31,601,Bruck/Mur,Männer,20 bis 24 Jahre,B9999,unbestimmt (nur Pst),1,20,24
181117,2019-07-31,604,Feldbach,Frauen,bis 19 Jahre,B9999,unbestimmt (nur Pst),2,0,19
181261,2019-07-31,604,Feldbach,Männer,bis 19 Jahre,B9999,unbestimmt (nur Pst),1,0,19
181375,2019-07-31,606,Gleisdorf,Frauen,20 bis 24 Jahre,B9999,unbestimmt (nur Pst),2,20,24
181453,2019-07-31,606,Gleisdorf,Männer,bis 19 Jahre,B9999,unbestimmt (nur Pst),2,0,19
181516,2019-07-31,609,Hartberg,Frauen,bis 19 Jahre,B9999,unbestimmt (nur Pst),5,0,19
181666,2019-07-31,609,Hartberg,Männer,bis 19 Jahre,B9999,unbestimmt (nur Pst),3,0,19
181691,2019-07-31,609,Hartberg,Männer,20 bis 24 Jahre,B9999,unbestimmt (nur Pst),3,20,24
181729,2019-07-31,609,Hartberg,Männer,30 bis 34 Jahre,B9999,unbestimmt (nur Pst),1,30,34
181802,2019-07-31,610,Judenburg,Frauen,bis 19 Jahre,B9999,unbestimmt (nur Pst),2,0,19
181821,2019-07-31,610,Judenburg,Frauen,20 bis 24 Jahre,B9999,unbestimmt (nur Pst),3,20,24
181839,2019-07-31,610,Judenburg,Frauen,25 bis 29 Jahre,B9999,unbestimmt (nur Pst),1,25,29
181850,2019-07-31,610,Judenburg,Frauen,30 bis 34 Jahre,B9999,unbestimmt (nur Pst),1,30,34
181864,2019-07-31,610,Judenburg,Frauen,35 bis 39 Jahre,B9999,unbestimmt (nur Pst),1,35,39
181890,2019-07-31,610,Judenburg,Frauen,50 bis 54 Jahre,B9999,unbestimmt (nur Pst),1,50,54
181897,2019-07-31,610,Judenburg,Frauen,55 bis 59 Jahre,B9999,unbestimmt (nur Pst),2,55,59
181911,2019-07-31,610,Judenburg,Männer,bis 19 Jahre,B9999,unbestimmt (nur Pst),4,0,19
181932,2019-07-31,610,Judenburg,Männer,20 bis 24 Jahre,B9999,unbestimmt (nur Pst),2,20,24
182007,2019-07-31,611,Murau,Frauen,bis 19 Jahre,B9999,unbestimmt (nur Pst),1,0,19
182015,2019-07-31,611,Murau,Frauen,20 bis 24 Jahre,B9999,unbestimmt (nur Pst),3,20,24
182067,2019-07-31,611,Murau,Männer,35 bis 39 Jahre,B9999,unbestimmt (nur Pst),1,35,39
182097,2019-07-31,614,Leibnitz,Frauen,bis 19 Jahre,B9999,unbestimmt (nur Pst),1,0,19
182234,2019-07-31,614,Leibnitz,Männer,bis 19 Jahre,B9999,unbestimmt (nur Pst),2,0,19
182250,2019-07-31,614,Leibnitz,Männer,20 bis 24 Jahre,B9999,unbestimmt (nur Pst),2,20,24
182341,2019-07-31,616,Leoben,Frauen,bis 19 Jahre,B9999,unbestimmt (nur Pst),3,0,19
182384,2019-07-31,616,Leoben,Frauen,25 bis 29 Jahre,B9999,unbestimmt (nur Pst),1,25,29
182463,2019-07-31,616,Leoben,Männer,bis 19 Jahre,B9999,unbestimmt (nur Pst),1,0,19
182479,2019-07-31,616,Leoben,Männer,20 bis 24 Jahre,B9999,unbestimmt (nur Pst),4,20,24
182491,2019-07-31,616,Leoben,Männer,25 bis 29 Jahre,B9999,unbestimmt (nur Pst),1,25,29
182560,2019-07-31,618,Liezen,Frauen,bis 19 Jahre,B9999,unbestimmt (nur Pst),3,0,19
182673,2019-07-31,618,Liezen,Männer,bis 19 Jahre,B9999,unbestimmt (nur Pst),1,0,19
182760,2019-07-31,621,Mürzzuschlag,Frauen,bis 19 Jahre,B9999,unbestimmt (nur Pst),3,0,19
182775,2019-07-31,621,Mürzzuschlag,Frauen,20 bis 24 Jahre,B9999,unbestimmt (nur Pst),2,20,24
182811,2019-07-31,621,Mürzzuschlag,Frauen,40 bis 44 Jahre,B9999,unbestimmt (nur Pst),1,40,44
182840,2019-07-31,621,Mürzzuschlag,Männer,bis 19 Jahre,B9999,unbestimmt (nur Pst),2,0,19
182855,2019-07-31,621,Mürzzuschlag,Männer,20 bis 24 Jahre,B9999,unbestimmt (nur Pst),1,20,24
182921,2019-07-31,622,Voitsberg,Frauen,bis 19 Jahre,B9999,unbestimmt (nur Pst),2,0,19
182937,2019-07-31,622,Voitsberg,Frauen,20 bis 24 Jahre,B9999,unbestimmt (nur Pst),1,20,24
183090,2019-07-31,623,Weiz,Frauen,bis 19 Jahre,B9999,unbestimmt (nur Pst),1,0,19
183138,2019-07-31,623,Weiz,Frauen,45 bis 49 Jahre,B9999,unbestimmt (nur Pst),1,45,49
183165,2019-07-31,623,Weiz,Männer,20 bis 24 Jahre,B9999,unbestimmt (nur Pst),1,20,24
183184,2019-07-31,623,Weiz,Männer,30 bis 34 Jahre,B9999,unbestimmt (nur Pst),1,30,34
183197,2019-07-31,623,Weiz,Männer,45 bis 49 Jahre,B9999,unbestimmt (nur Pst),1,45,49
183248,2019-07-31,630,Graz-West und Umgebung,Frauen,bis 19 Jahre,B9999,unbestimmt (nur Pst),8,0,19
183305,2019-07-31,630,Graz-West und Umgebung,Frauen,20 bis 24 Jahre,B9999,unbestimmt (nur Pst),4,20,24
183462,2019-07-31,630,Graz-West und Umgebung,Frauen,40 bis 44 Jahre,B9999,unbestimmt (nur Pst),1,40,44
183589,2019-07-31,630,Graz-West und Umgebung,Männer,bis 19 Jahre,B9999,unbestimmt (nur Pst),7,0,19
183670,2019-07-31,630,Graz-West und Umgebung,Männer,20 bis 24 Jahre,B9999,unbestimmt (nur Pst),4,20,24
183951,2019-07-31,631,Graz-Ost,Frauen,bis 19 Jahre,B9999,unbestimmt (nur Pst),3,0,19
183978,2019-07-31,631,Graz-Ost,Frauen,20 bis 24 Jahre,B9999,unbestimmt (nur Pst),3,20,24
184046,2019-07-31,631,Graz-Ost,Frauen,30 bis 34 Jahre,B9999,unbestimmt (nur Pst),1,30,34
184077,2019-07-31,631,Graz-Ost,Frauen,35 bis 39 Jahre,B9999,unbestimmt (nur Pst),2,35,39
184195,2019-07-31,631,Graz-Ost,Männer,bis 19 Jahre,B9999,unbestimmt (nur Pst),2,0,19
184237,2019-07-31,631,Graz-Ost,Männer,20 bis 24 Jahre,B9999,unbestimmt (nur Pst),1,20,24
184455,2019-07-31,701,Imst,Männer,bis 19 Jahre,B9999,unbestimmt (nur Pst),3,0,19
184488,2019-07-31,702,Innsbruck,Frauen,bis 19 Jahre,B9999,unbestimmt (nur Pst),2,0,19
184510,2019-07-31,702,Innsbruck,Frauen,20 bis 24 Jahre,B9999,unbestimmt (nur Pst),1,20,24
184534,2019-07-31,702,Innsbruck,Frauen,25 bis 29 Jahre,B9999,unbestimmt (nur Pst),3,25,29
184625,2019-07-31,702,Innsbruck,Frauen,45 bis 49 Jahre,B9999,unbestimmt (nur Pst),3,45,49
184643,2019-07-31,702,Innsbruck,Frauen,50 bis 54 Jahre,B9999,unbestimmt (nur Pst),1,50,54
184677,2019-07-31,702,Innsbruck,Männer,bis 19 Jahre,B9999,unbestimmt (nur Pst),1,0,19
184713,2019-07-31,702,Innsbruck,Männer,20 bis 24 Jahre,B9999,unbestimmt (nur Pst),1,20,24
184747,2019-07-31,702,Innsbruck,Männer,25 bis 29 Jahre,B9999,unbestimmt (nur Pst),1,25,29
184808,2019-07-31,702,Innsbruck,Männer,35 bis 39 Jahre,B9999,unbestimmt (nur Pst),4,35,39
184832,2019-07-31,702,Innsbruck,Männer,40 bis 44 Jahre,B9999,unbestimmt (nur Pst),1,40,44
184878,2019-07-31,702,Innsbruck,Männer,55 bis 59 Jahre,B9999,unbestimmt (nur Pst),1,55,59
184948,2019-07-31,705,Kufstein,Frauen,bis 19 Jahre,B9999,unbestimmt (nur Pst),3,0,19
184961,2019-07-31,705,Kufstein,Frauen,20 bis 24 Jahre,B9999,unbestimmt (nur Pst),1,20,24
185040,2019-07-31,705,Kufstein,Männer,bis 19 Jahre,B9999,unbestimmt (nur Pst),3,0,19
185063,2019-07-31,705,Kufstein,Männer,20 bis 24 Jahre,B9999,unbestimmt (nur Pst),1,20,24
185070,2019-07-31,705,Kufstein,Männer,25 bis 29 Jahre,B9999,unbestimmt (nur Pst),1,25,29
185111,2019-07-31,706,Landeck,Frauen,bis 19 Jahre,B9999,unbestimmt (nur Pst),2,0,19
185146,2019-07-31,706,Landeck,Männer,bis 19 Jahre,B9999,unbestimmt (nur Pst),3,0,19
185153,2019-07-31,706,Landeck,Männer,20 bis 24 Jahre,B9999,unbestimmt (nur Pst),1,20,24
185171,2019-07-31,707,Lienz,Frauen,bis 19 Jahre,B9999,unbestimmt (nur Pst),1,0,19
185210,2019-07-31,707,Lienz,Männer,25 bis 29 Jahre,B9999,unbestimmt (nur Pst),1,25,29
185256,2019-07-31,709,Schwaz,Frauen,bis 19 Jahre,B9999,unbestimmt (nur Pst),2,0,19
185299,2019-07-31,709,Schwaz,Frauen,45 bis 49 Jahre,B9999,unbestimmt (nur Pst),1,45,49
185312,2019-07-31,709,Schwaz,Männer,bis 19 Jahre,B9999,unbestimmt (nur Pst),2,0,19
185341,2019-07-31,709,Schwaz,Männer,45 bis 49 Jahre,B9999,unbestimmt (nur Pst),1,45,49
185455,2019-07-31,801,Bludenz,Männer,25 bis 29 Jahre,B9999,unbestimmt (nur Pst),1,25,29
185509,2019-07-31,802,Bregenz,Frauen,bis 19 Jahre,B9999,unbestimmt (nur Pst),1,0,19
185538,2019-07-31,802,Bregenz,Frauen,20 bis 24 Jahre,B9999,unbestimmt (nur Pst),1,20,24
185582,2019-07-31,802,Bregenz,Frauen,35 bis 39 Jahre,B9999,unbestimmt (nur Pst),1,35,39
185607,2019-07-31,802,Bregenz,Frauen,45 bis 49 Jahre,B9999,unbestimmt (nur Pst),1,45,49
185649,2019-07-31,802,Bregenz,Männer,bis 19 Jahre,B9999,unbestimmt (nur Pst),1,0,19
185781,2019-07-31,802,Bregenz,Männer,55 bis 59 Jahre,B9999,unbestimmt (nur Pst),1,55,59
185797,2019-07-31,804,Dornbirn,Frauen,bis 19 Jahre,B9999,unbestimmt (nur Pst),1,0,19
185878,2019-07-31,804,Dornbirn,Frauen,40 bis 44 Jahre,B9999,unbestimmt (nur Pst),1,40,44
185895,2019-07-31,804,Dornbirn,Frauen,50 bis 54 Jahre,B9999,unbestimmt (nur Pst),1,50,54
185948,2019-07-31,804,Dornbirn,Männer,20 bis 24 Jahre,B9999,unbestimmt (nur Pst),1,20,24
186024,2019-07-31,804,Dornbirn,Männer,50 bis 54 Jahre,B9999,unbestimmt (nur Pst),1,50,54
186030,2019-07-31,804,Dornbirn,Männer,55 bis 59 Jahre,B9999,unbestimmt (nur Pst),1,55,59
186047,2019-07-31,805,Feldkirch,Frauen,bis 19 Jahre,B9999,unbestimmt (nur Pst),4,0,19
186117,2019-07-31,805,Feldkirch,Frauen,35 bis 39 Jahre,B9999,unbestimmt (nur Pst),1,35,39
186184,2019-07-31,805,Feldkirch,Männer,bis 19 Jahre,B9999,unbestimmt (nur Pst),2,0,19
186212,2019-07-31,805,Feldkirch,Männer,20 bis 24 Jahre,B9999,unbestimmt (nur Pst),1,20,24
186241,2019-07-31,805,Feldkirch,Männer,25 bis 29 Jahre,B9999,unbestimmt (nur Pst),2,25,29
186549,2019-07-31,958,Wien Johnstraße,Männer,20 bis 24 Jahre,B9999,unbestimmt (nur Pst),2,20,24
187285,2019-07-31,960,Wien Esteplatz,Frauen,20 bis 24 Jahre,B9999,unbestimmt (nur Pst),1,20,24
187602,2019-07-31,960,Wien Esteplatz,Männer,30 bis 34 Jahre,B9999,unbestimmt (nur Pst),1,30,34
187832,2019-07-31,962,Wien Redergasse,Frauen,25 bis 29 Jahre,B9999,unbestimmt (nur Pst),1,25,29
189066,2019-07-31,964,Wien Favoritenstraße,Frauen,45 bis 49 Jahre,B9999,unbestimmt (nur Pst),1,45,49
189188,2019-07-31,964,Wien Favoritenstraße,Männer,20 bis 24 Jahre,B9999,unbestimmt (nur Pst),1,20,24
189808,2019-07-31,965,Wien Schönbrunner Straße,Frauen,50 bis 54 Jahre,B9999,unbestimmt (nur Pst),1,50,54
189937,2019-07-31,965,Wien Schönbrunner Straße,Männer,25 bis 29 Jahre,B9999,unbestimmt (nur Pst),1,25,29
189998,2019-07-31,965,Wien Schönbrunner Straße,Männer,30 bis 34 Jahre,B9999,unbestimmt (nur Pst),1,30,34
190086,2019-07-31,965,Wien Schönbrunner Straße,Männer,40 bis 44 Jahre,B9999,unbestimmt (nur Pst),1,40,44
190532,2019-07-31,966,Wien Hietzinger Kai,Männer,25 bis 29 Jahre,B9999,unbestimmt (nur Pst),1,25,29
190645,2019-07-31,966,Wien Hietzinger Kai,Männer,40 bis 44 Jahre,B9999,unbestimmt (nur Pst),1,40,44
190739,2019-07-31,966,Wien Hietzinger Kai,Männer,60 bis 64 Jahre,B9999,unbestimmt (nur Pst),1,60,64
190871,2019-07-31,967,Wien Huttengasse,Frauen,30 bis 34 Jahre,B9999,unbestimmt (nur Pst),1,30,34
190916,2019-07-31,967,Wien Huttengasse,Frauen,35 bis 39 Jahre,B9999,unbestimmt (nur Pst),1,35,39
192189,2019-07-31,969,Wien-Wagramer Straße,Frauen,40 bis 44 Jahre,B9999,unbestimmt (nur Pst),1,40,44
192653,2019-07-31,970,Wien Jugendliche,Frauen,bis 19 Jahre,B9999,unbestimmt (nur Pst),17,0,19
192728,2019-07-31,970,Wien Jugendliche,Frauen,20 bis 24 Jahre,B9999,unbestimmt (nur Pst),5,20,24
192824,2019-07-31,970,Wien Jugendliche,Männer,bis 19 Jahre,B9999,unbestimmt (nur Pst),11,0,19
192920,2019-07-31,970,Wien Jugendliche,Männer,20 bis 24 Jahre,B9999,unbestimmt (nur Pst),2,20,24
193003,2019-07-31,974,Wien Austria Campus,Frauen,30 bis 34 Jahre,B9999,unbestimmt (nur Pst),1,30,34
193149,2019-07-31,974,Wien Austria Campus,Männer,20 bis 24 Jahre,B9999,unbestimmt (nur Pst),1,20,24
193812,2019-08-31,101,Eisenstadt,Frauen,bis 19 Jahre,B9999,unbestimmt (nur Pst),1,0,19
193896,2019-08-31,101,Eisenstadt,Männer,bis 19 Jahre,B9999,unbestimmt (nur Pst),1,0,19
194051,2019-08-31,102,Mattersburg,Männer,20 bis 24 Jahre,B9999,unbestimmt (nur Pst),1,20,24
194785,2019-08-31,202,Hermagor,Frauen,20 bis 24 Jahre,B9999,unbestimmt (nur Pst),1,20,24
194832,2019-08-31,203,Klagenfurt,Frauen,bis 19 Jahre,B9999,unbestimmt (nur Pst),3,0,19
194860,2019-08-31,203,Klagenfurt,Frauen,20 bis 24 Jahre,B9999,unbestimmt (nur Pst),3,20,24
194942,2019-08-31,203,Klagenfurt,Frauen,40 bis 44 Jahre,B9999,unbestimmt (nur Pst),1,40,44
194973,2019-08-31,203,Klagenfurt,Frauen,50 bis 54 Jahre,B9999,unbestimmt (nur Pst),1,50,54
195036,2019-08-31,203,Klagenfurt,Männer,20 bis 24 Jahre,B9999,unbestimmt (nur Pst),3,20,24
195072,2019-08-31,203,Klagenfurt,Männer,30 bis 34 Jahre,B9999,unbestimmt (nur Pst),2,30,34
195097,2019-08-31,203,Klagenfurt,Männer,40 bis 44 Jahre,B9999,unbestimmt (nur Pst),3,40,44
195107,2019-08-31,203,Klagenfurt,Männer,45 bis 49 Jahre,B9999,unbestimmt (nur Pst),1,45,49
195138,2019-08-31,204,Spittal/Drau,Frauen,bis 19 Jahre,B9999,unbestimmt (nur Pst),1,0,19
195218,2019-08-31,204,Spittal/Drau,Männer,bis 19 Jahre,B9999,unbestimmt (nur Pst),1,0,19
195229,2019-08-31,204,Spittal/Drau,Männer,20 bis 24 Jahre,B9999,unbestimmt (nur Pst),1,20,24
195408,2019-08-31,206,Villach,Frauen,bis 19 Jahre,B9999,unbestimmt (nur Pst),1,0,19
195776,2019-08-31,208,Wolfsberg,Frauen,20 bis 24 Jahre,B9999,unbestimmt (nur Pst),1,20,24
195892,2019-08-31,301,Amstetten,Frauen,bis 19 Jahre,B9999,unbestimmt (nur Pst),4,0,19
195917,2019-08-31,301,Amstetten,Frauen,20 bis 24 Jahre,B9999,unbestimmt (nur Pst),2,20,24
195939,2019-08-31,301,Amstetten,Frauen,25 bis 29 Jahre,B9999,unbestimmt (nur Pst),1,25,29
195971,2019-08-31,301,Amstetten,Frauen,35 bis 39 Jahre,B9999,unbestimmt (nur Pst),1,35,39
196034,2019-08-31,301,Amstetten,Männer,bis 19 Jahre,B9999,unbestimmt (nur Pst),6,0,19
196161,2019-08-31,304,Baden neu,Frauen,bis 19 Jahre,B9999,unbestimmt (nur Pst),3,0,19
196194,2019-08-31,304,Baden neu,Frauen,20 bis 24 Jahre,B9999,unbestimmt (nur Pst),3,20,24
196264,2019-08-31,304,Baden neu,Frauen,35 bis 39 Jahre,B9999,unbestimmt (nur Pst),1,35,39
196319,2019-08-31,304,Baden neu,Frauen,50 bis 54 Jahre,B9999,unbestimmt (nur Pst),1,50,54
196360,2019-08-31,304,Baden neu,Männer,bis 19 Jahre,B9999,unbestimmt (nur Pst),10,0,19
196400,2019-08-31,304,Baden neu,Männer,20 bis 24 Jahre,B9999,unbestimmt (nur Pst),1,20,24
196427,2019-08-31,304,Baden neu,Männer,25 bis 29 Jahre,B9999,unbestimmt (nur Pst),2,25,29
196449,2019-08-31,304,Baden neu,Männer,30 bis 34 Jahre,B9999,unbestimmt (nur Pst),1,30,34
196549,2019-08-31,306,Bruck/Leitha,Frauen,bis 19 Jahre,B9999,unbestimmt (nur Pst),2,0,19
196560,2019-08-31,306,Bruck/Leitha,Frauen,20 bis 24 Jahre,B9999,unbestimmt (nur Pst),2,20,24
196623,2019-08-31,306,Bruck/Leitha,Männer,bis 19 Jahre,B9999,unbestimmt (nur Pst),6,0,19
196670,2019-08-31,306,Bruck/Leitha,Männer,40 bis 44 Jahre,B9999,unbestimmt (nur Pst),1,40,44
196707,2019-08-31,308,Gänserndorf,Frauen,bis 19 Jahre,B9999,unbestimmt (nur Pst),2,0,19
196744,2019-08-31,308,Gänserndorf,Frauen,20 bis 24 Jahre,B9999,unbestimmt (nur Pst),2,20,24
196892,2019-08-31,308,Gänserndorf,Männer,bis 19 Jahre,B9999,unbestimmt (nur Pst),3,0,19
196934,2019-08-31,308,Gänserndorf,Männer,20 bis 24 Jahre,B9999,unbestimmt (nur Pst),1,20,24
197039,2019-08-31,311,Gmünd,Frauen,bis 19 Jahre,B9999,unbestimmt (nur Pst),1,0,19
197152,2019-08-31,311,Gmünd,Männer,40 bis 44 Jahre,B9999,unbestimmt (nur Pst),1,40,44
197182,2019-08-31,312,Hollabrunn,Frauen,bis 19 Jahre,B9999,unbestimmt (nur Pst),1,0,19
197195,2019-08-31,312,Hollabrunn,Frauen,20 bis 24 Jahre,B9999,unbestimmt (nur Pst),2,20,24
197275,2019-08-31,312,Hollabrunn,Männer,bis 19 Jahre,B9999,unbestimmt (nur Pst),1,0,19
197333,2019-08-31,313,Horn,Frauen,bis 19 Jahre,B9999,unbestimmt (nur Pst),1,0,19
197340,2019-08-31,313,Horn,Frauen,20 bis 24 Jahre,B9999,unbestimmt (nur Pst),2,20,24
197378,2019-08-31,313,Horn,Männer,bis 19 Jahre,B9999,unbestimmt (nur Pst),6,0,19
197388,2019-08-31,313,Horn,Männer,20 bis 24 Jahre,B9999,unbestimmt (nur Pst),2,20,24
197461,2019-08-31,314,Korneuburg,Frauen,30 bis 34 Jahre,B9999,unbestimmt (nur Pst),1,30,34
197486,2019-08-31,314,Korneuburg,Frauen,40 bis 44 Jahre,B9999,unbestimmt (nur Pst),1,40,44
197515,2019-08-31,314,Korneuburg,Frauen,50 bis 54 Jahre,B9999,unbestimmt (nur Pst),1,50,54
197548,2019-08-31,314,Korneuburg,Männer,bis 19 Jahre,B9999,unbestimmt (nur Pst),8,0,19
197578,2019-08-31,314,Korneuburg,Männer,20 bis 24 Jahre,B9999,unbestimmt (nur Pst),1,20,24
197676,2019-08-31,315,Krems,Frauen,bis 19 Jahre,B9999,unbestimmt (nur Pst),2,0,19
197700,2019-08-31,315,Krems,Frauen,20 bis 24 Jahre,B9999,unbestimmt (nur Pst),1,20,24
197737,2019-08-31,315,Krems,Frauen,35 bis 39 Jahre,B9999,unbestimmt (nur Pst),1,35,39
197805,2019-08-31,315,Krems,Männer,20 bis 24 Jahre,B9999,unbestimmt (nur Pst),1,20,24
197882,2019-08-31,316,Lilienfeld,Frauen,bis 19 Jahre,B9999,unbestimmt (nur Pst),1,0,19
197900,2019-08-31,316,Lilienfeld,Frauen,25 bis 29 Jahre,B9999,unbestimmt (nur Pst),1,25,29
197933,2019-08-31,316,Lilienfeld,Frauen,50 bis 54 Jahre,B9999,unbestimmt (nur Pst),2,50,54
197945,2019-08-31,316,Lilienfeld,Männer,bis 19 Jahre,B9999,unbestimmt (nur Pst),1,0,19
197953,2019-08-31,316,Lilienfeld,Männer,20 bis 24 Jahre,B9999,unbestimmt (nur Pst),1,20,24
198194,2019-08-31,319,Mistelbach,Frauen,bis 19 Jahre,B9999,unbestimmt (nur Pst),5,0,19
198218,2019-08-31,319,Mistelbach,Frauen,25 bis 29 Jahre,B9999,unbestimmt (nur Pst),1,25,29
198229,2019-08-31,319,Mistelbach,Frauen,30 bis 34 Jahre,B9999,unbestimmt (nur Pst),1,30,34
198253,2019-08-31,319,Mistelbach,Frauen,40 bis 44 Jahre,B9999,unbestimmt (nur Pst),1,40,44
198295,2019-08-31,319,Mistelbach,Männer,bis 19 Jahre,B9999,unbestimmt (nur Pst),5,0,19
198384,2019-08-31,321,Mödling,Frauen,bis 19 Jahre,B9999,unbestimmt (nur Pst),2,0,19
198406,2019-08-31,321,Mödling,Frauen,20 bis 24 Jahre,B9999,unbestimmt (nur Pst),3,20,24
198552,2019-08-31,321,Mödling,Männer,bis 19 Jahre,B9999,unbestimmt (nur Pst),9,0,19
198579,2019-08-31,321,Mödling,Männer,20 bis 24 Jahre,B9999,unbestimmt (nur Pst),1,20,24
198589,2019-08-31,321,Mödling,Männer,25 bis 29 Jahre,B9999,unbestimmt (nur Pst),1,25,29
198689,2019-08-31,323,Neunkirchen,Frauen,bis 19 Jahre,B9999,unbestimmt (nur Pst),1,0,19
198940,2019-08-31,326,St. Pölten,Frauen,bis 19 Jahre,B9999,unbestimmt (nur Pst),8,0,19
198972,2019-08-31,326,St. Pölten,Frauen,20 bis 24 Jahre,B9999,unbestimmt (nur Pst),2,20,24
199018,2019-08-31,326,St. Pölten,Frauen,30 bis 34 Jahre,B9999,unbestimmt (nur Pst),1,30,34
199155,2019-08-31,326,St. Pölten,Männer,bis 19 Jahre,B9999,unbestimmt (nur Pst),8,0,19
199200,2019-08-31,326,St. Pölten,Männer,20 bis 24 Jahre,B9999,unbestimmt (nur Pst),1,20,24
199361,2019-08-31,326,St. Pölten,Männer,50 bis 54 Jahre,B9999,unbestimmt (nur Pst),1,50,54
199387,2019-08-31,328,Scheibbs,Frauen,bis 19 Jahre,B9999,unbestimmt (nur Pst),1,0,19
199395,2019-08-31,328,Scheibbs,Frauen,20 bis 24 Jahre,B9999,unbestimmt (nur Pst),2,20,24
199446,2019-08-31,328,Scheibbs,Männer,bis 19 Jahre,B9999,unbestimmt (nur Pst),1,0,19
199493,2019-08-31,329,Schwechat,Frauen,bis 19 Jahre,B9999,unbestimmt (nur Pst),1,0,19
199608,2019-08-31,329,Schwechat,Männer,bis 19 Jahre,B9999,unbestimmt (nur Pst),1,0,19
199713,2019-08-31,331,Tulln,Frauen,bis 19 Jahre,B9999,unbestimmt (nur Pst),9,0,19
199734,2019-08-31,331,Tulln,Frauen,20 bis 24 Jahre,B9999,unbestimmt (nur Pst),4,20,24
199751,2019-08-31,331,Tulln,Frauen,25 bis 29 Jahre,B9999,unbestimmt (nur Pst),1,25,29
199765,2019-08-31,331,Tulln,Frauen,30 bis 34 Jahre,B9999,unbestimmt (nur Pst),1,30,34
199786,2019-08-31,331,Tulln,Frauen,35 bis 39 Jahre,B9999,unbestimmt (nur Pst),1,35,39
199847,2019-08-31,331,Tulln,Männer,bis 19 Jahre,B9999,unbestimmt (nur Pst),10,0,19
199873,2019-08-31,331,Tulln,Männer,20 bis 24 Jahre,B9999,unbestimmt (nur Pst),3,20,24
199889,2019-08-31,331,Tulln,Männer,25 bis 29 Jahre,B9999,unbestimmt (nur Pst),1,25,29
199931,2019-08-31,331,Tulln,Männer,50 bis 54 Jahre,B9999,unbestimmt (nur Pst),1,50,54
199948,2019-08-31,332,Waidhofen/Thaya,Frauen,bis 19 Jahre,B9999,unbestimmt (nur Pst),2,0,19
199957,2019-08-31,332,Waidhofen/Thaya,Frauen,20 bis 24 Jahre,B9999,unbestimmt (nur Pst),1,20,24
199963,2019-08-31,332,Waidhofen/Thaya,Frauen,25 bis 29 Jahre,B9999,unbestimmt (nur Pst),1,25,29
199971,2019-08-31,332,Waidhofen/Thaya,Frauen,30 bis 34 Jahre,B9999,unbestimmt (nur Pst),1,30,34
200000,2019-08-31,332,Waidhofen/Thaya,Männer,bis 19 Jahre,B9999,unbestimmt (nur Pst),1,0,19
200080,2019-08-31,333,Waidhofen/Ybbs,Männer,bis 19 Jahre,B9999,unbestimmt (nur Pst),1,0,19
200089,2019-08-31,333,Waidhofen/Ybbs,Männer,20 bis 24 Jahre,B9999,unbestimmt (nur Pst),1,20,24
200131,2019-08-31,334,Wr. Neustadt,Frauen,bis 19 Jahre,B9999,unbestimmt (nur Pst),3,0,19
200159,2019-08-31,334,Wr. Neustadt,Frauen,20 bis 24 Jahre,B9999,unbestimmt (nur Pst),1,20,24
200273,2019-08-31,334,Wr. Neustadt,Frauen,50 bis 54 Jahre,B9999,unbestimmt (nur Pst),1,50,54
200307,2019-08-31,334,Wr. Neustadt,Männer,bis 19 Jahre,B9999,unbestimmt (nur Pst),1,0,19
200345,2019-08-31,334,Wr. Neustadt,Männer,20 bis 24 Jahre,B9999,unbestimmt (nur Pst),2,20,24
200565,2019-08-31,401,Braunau,Frauen,bis 19 Jahre,B9999,unbestimmt (nur Pst),7,0,19
200595,2019-08-31,401,Braunau,Frauen,20 bis 24 Jahre,B9999,unbestimmt (nur Pst),1,20,24
200619,2019-08-31,401,Braunau,Frauen,25 bis 29 Jahre,B9999,unbestimmt (nur Pst),2,25,29
200631,2019-08-31,401,Braunau,Frauen,30 bis 34 Jahre,B9999,unbestimmt (nur Pst),1,30,34
200650,2019-08-31,401,Braunau,Frauen,35 bis 39 Jahre,B9999,unbestimmt (nur Pst),1,35,39
200714,2019-08-31,401,Braunau,Männer,bis 19 Jahre,B9999,unbestimmt (nur Pst),13,0,19
200738,2019-08-31,401,Braunau,Männer,20 bis 24 Jahre,B9999,unbestimmt (nur Pst),3,20,24
200755,2019-08-31,401,Braunau,Männer,25 bis 29 Jahre,B9999,unbestimmt (nur Pst),1,25,29
200835,2019-08-31,402,Eferding,Frauen,20 bis 24 Jahre,B9999,unbestimmt (nur Pst),1,20,24
201115,2019-08-31,404,Gmunden,Frauen,bis 19 Jahre,B9999,unbestimmt (nur Pst),1,0,19
201237,2019-08-31,404,Gmunden,Männer,bis 19 Jahre,B9999,unbestimmt (nur Pst),4,0,19
201466,2019-08-31,406,Grieskirchen,Männer,20 bis 24 Jahre,B9999,unbestimmt (nur Pst),1,20,24
201523,2019-08-31,407,Kirchdorf/Krems,Frauen,bis 19 Jahre,B9999,unbestimmt (nur Pst),3,0,19
201554,2019-08-31,407,Kirchdorf/Krems,Frauen,25 bis 29 Jahre,B9999,unbestimmt (nur Pst),1,25,29
201613,2019-08-31,407,Kirchdorf/Krems,Männer,bis 19 Jahre,B9999,unbestimmt (nur Pst),1,0,19
201700,2019-08-31,409,Linz neu,Frauen,bis 19 Jahre,B9999,unbestimmt (nur Pst),16,0,19
201751,2019-08-31,409,Linz neu,Frauen,20 bis 24 Jahre,B9999,unbestimmt (nur Pst),5,20,24
201785,2019-08-31,409,Linz neu,Frauen,25 bis 29 Jahre,B9999,unbestimmt (nur Pst),5,25,29
201857,2019-08-31,409,Linz neu,Frauen,35 bis 39 Jahre,B9999,unbestimmt (nur Pst),1,35,39
201895,2019-08-31,409,Linz neu,Frauen,40 bis 44 Jahre,B9999,unbestimmt (nur Pst),2,40,44
201971,2019-08-31,409,Linz neu,Frauen,55 bis 59 Jahre,B9999,unbestimmt (nur Pst),1,55,59
202007,2019-08-31,409,Linz neu,Männer,bis 19 Jahre,B9999,unbestimmt (nur Pst),19,0,19
202082,2019-08-31,409,Linz neu,Männer,20 bis 24 Jahre,B9999,unbestimmt (nur Pst),7,20,24
202175,2019-08-31,409,Linz neu,Männer,30 bis 34 Jahre,B9999,unbestimmt (nur Pst),1,30,34
202221,2019-08-31,409,Linz neu,Männer,35 bis 39 Jahre,B9999,unbestimmt (nur Pst),2,35,39
202292,2019-08-31,409,Linz neu,Männer,45 bis 49 Jahre,B9999,unbestimmt (nur Pst),2,45,49
202325,2019-08-31,409,Linz neu,Männer,50 bis 54 Jahre,B9999,unbestimmt (nur Pst),1,50,54
202348,2019-08-31,409,Linz neu,Männer,55 bis 59 Jahre,B9999,unbestimmt (nur Pst),2,55,59
202363,2019-08-31,411,Perg,Frauen,bis 19 Jahre,B9999,unbestimmt (nur Pst),1,0,19
202377,2019-08-31,411,Perg,Frauen,20 bis 24 Jahre,B9999,unbestimmt (nur Pst),1,20,24
202409,2019-08-31,411,Perg,Frauen,35 bis 39 Jahre,B9999,unbestimmt (nur Pst),1,35,39
202420,2019-08-31,411,Perg,Frauen,40 bis 44 Jahre,B9999,unbestimmt (nur Pst),1,40,44
202456,2019-08-31,411,Perg,Männer,bis 19 Jahre,B9999,unbestimmt (nur Pst),1,0,19
202557,2019-08-31,412,Ried im Innkreis,Frauen,bis 19 Jahre,B9999,unbestimmt (nur Pst),4,0,19
202575,2019-08-31,412,Ried im Innkreis,Frauen,20 bis 24 Jahre,B9999,unbestimmt (nur Pst),1,20,24
202612,2019-08-31,412,Ried im Innkreis,Frauen,35 bis 39 Jahre,B9999,unbestimmt (nur Pst),1,35,39
202666,2019-08-31,412,Ried im Innkreis,Männer,bis 19 Jahre,B9999,unbestimmt (nur Pst),1,0,19
202679,2019-08-31,412,Ried im Innkreis,Männer,20 bis 24 Jahre,B9999,unbestimmt (nur Pst),3,20,24
202694,2019-08-31,412,Ried im Innkreis,Männer,25 bis 29 Jahre,B9999,unbestimmt (nur Pst),1,25,29
202705,2019-08-31,412,Ried im Innkreis,Männer,30 bis 34 Jahre,B9999,unbestimmt (nur Pst),1,30,34
202760,2019-08-31,413,Rohrbach,Frauen,bis 19 Jahre,B9999,unbestimmt (nur Pst),1,0,19
202769,2019-08-31,413,Rohrbach,Frauen,20 bis 24 Jahre,B9999,unbestimmt (nur Pst),1,20,24
202787,2019-08-31,413,Rohrbach,Frauen,30 bis 34 Jahre,B9999,unbestimmt (nur Pst),1,30,34
202834,2019-08-31,413,Rohrbach,Männer,bis 19 Jahre,B9999,unbestimmt (nur Pst),1,0,19
202873,2019-08-31,413,Rohrbach,Männer,40 bis 44 Jahre,B9999,unbestimmt (nur Pst),1,40,44
202895,2019-08-31,414,Schärding,Frauen,bis 19 Jahre,B9999,unbestimmt (nur Pst),1,0,19
203052,2019-08-31,415,Steyr,Frauen,bis 19 Jahre,B9999,unbestimmt (nur Pst),7,0,19
203082,2019-08-31,415,Steyr,Frauen,20 bis 24 Jahre,B9999,unbestimmt (nur Pst),4,20,24
203106,2019-08-31,415,Steyr,Frauen,25 bis 29 Jahre,B9999,unbestimmt (nur Pst),1,25,29
203180,2019-08-31,415,Steyr,Frauen,45 bis 49 Jahre,B9999,unbestimmt (nur Pst),1,45,49
203237,2019-08-31,415,Steyr,Männer,bis 19 Jahre,B9999,unbestimmt (nur Pst),9,0,19
203272,2019-08-31,415,Steyr,Männer,20 bis 24 Jahre,B9999,unbestimmt (nur Pst),1,20,24
203312,2019-08-31,415,Steyr,Männer,30 bis 34 Jahre,B9999,unbestimmt (nur Pst),1,30,34
203377,2019-08-31,418,Vöcklabruck,Frauen,bis 19 Jahre,B9999,unbestimmt (nur Pst),7,0,19
203395,2019-08-31,418,Vöcklabruck,Frauen,20 bis 24 Jahre,B9999,unbestimmt (nur Pst),4,20,24
203470,2019-08-31,418,Vöcklabruck,Frauen,40 bis 44 Jahre,B9999,unbestimmt (nur Pst),1,40,44
203534,2019-08-31,418,Vöcklabruck,Männer,bis 19 Jahre,B9999,unbestimmt (nur Pst),5,0,19
203757,2019-08-31,419,Wels,Frauen,35 bis 39 Jahre,B9999,unbestimmt (nur Pst),3,35,39
203790,2019-08-31,419,Wels,Frauen,45 bis 49 Jahre,B9999,unbestimmt (nur Pst),1,45,49
203930,2019-08-31,419,Wels,Männer,35 bis 39 Jahre,B9999,unbestimmt (nur Pst),1,35,39
203977,2019-08-31,419,Wels,Männer,50 bis 54 Jahre,B9999,unbestimmt (nur Pst),1,50,54
204019,2019-08-31,421,Traun,Frauen,bis 19 Jahre,B9999,unbestimmt (nur Pst),3,0,19
204041,2019-08-31,421,Traun,Frauen,20 bis 24 Jahre,B9999,unbestimmt (nur Pst),1,20,24
204221,2019-08-31,421,Traun,Männer,bis 19 Jahre,B9999,unbestimmt (nur Pst),2,0,19
204251,2019-08-31,421,Traun,Männer,20 bis 24 Jahre,B9999,unbestimmt (nur Pst),2,20,24
204274,2019-08-31,421,Traun,Männer,25 bis 29 Jahre,B9999,unbestimmt (nur Pst),1,25,29
204415,2019-08-31,501,Bischofshofen,Frauen,20 bis 24 Jahre,B9999,unbestimmt (nur Pst),1,20,24
204435,2019-08-31,501,Bischofshofen,Frauen,30 bis 34 Jahre,B9999,unbestimmt (nur Pst),1,30,34
204475,2019-08-31,501,Bischofshofen,Frauen,55 bis 59 Jahre,B9999,unbestimmt (nur Pst),1,55,59
204494,2019-08-31,501,Bischofshofen,Männer,bis 19 Jahre,B9999,unbestimmt (nur Pst),1,0,19
204526,2019-08-31,501,Bischofshofen,Männer,30 bis 34 Jahre,B9999,unbestimmt (nur Pst),1,30,34
204614,2019-08-31,503,Hallein,Frauen,50 bis 54 Jahre,B9999,unbestimmt (nur Pst),1,50,54
204702,2019-08-31,504,Salzburg,Frauen,bis 19 Jahre,B9999,unbestimmt (nur Pst),1,0,19
204768,2019-08-31,504,Salzburg,Frauen,25 bis 29 Jahre,B9999,unbestimmt (nur Pst),1,25,29
204860,2019-08-31,504,Salzburg,Frauen,40 bis 44 Jahre,B9999,unbestimmt (nur Pst),1,40,44
204884,2019-08-31,504,Salzburg,Frauen,45 bis 49 Jahre,B9999,unbestimmt (nur Pst),2,45,49
204903,2019-08-31,504,Salzburg,Frauen,50 bis 54 Jahre,B9999,unbestimmt (nur Pst),2,50,54
205165,2019-08-31,504,Salzburg,Männer,50 bis 54 Jahre,B9999,unbestimmt (nur Pst),2,50,54
205185,2019-08-31,504,Salzburg,Männer,55 bis 59 Jahre,B9999,unbestimmt (nur Pst),1,55,59
205231,2019-08-31,506,Zell am See,Frauen,bis 19 Jahre,B9999,unbestimmt (nur Pst),2,0,19
205251,2019-08-31,506,Zell am See,Frauen,25 bis 29 Jahre,B9999,unbestimmt (nur Pst),1,25,29
205285,2019-08-31,506,Zell am See,Frauen,45 bis 49 Jahre,B9999,unbestimmt (nur Pst),1,45,49
205306,2019-08-31,506,Zell am See,Männer,bis 19 Jahre,B9999,unbestimmt (nur Pst),1,0,19
205353,2019-08-31,601,Bruck/Mur,Frauen,bis 19 Jahre,B9999,unbestimmt (nur Pst),4,0,19
205371,2019-08-31,601,Bruck/Mur,Frauen,20 bis 24 Jahre,B9999,unbestimmt (nur Pst),3,20,24
205431,2019-08-31,601,Bruck/Mur,Frauen,50 bis 54 Jahre,B9999,unbestimmt (nur Pst),3,50,54
205453,2019-08-31,601,Bruck/Mur,Männer,bis 19 Jahre,B9999,unbestimmt (nur Pst),3,0,19
205764,2019-08-31,604,Feldbach,Frauen,bis 19 Jahre,B9999,unbestimmt (nur Pst),2,0,19
205900,2019-08-31,604,Feldbach,Männer,bis 19 Jahre,B9999,unbestimmt (nur Pst),1,0,19
206002,2019-08-31,606,Gleisdorf,Frauen,20 bis 24 Jahre,B9999,unbestimmt (nur Pst),1,20,24
206069,2019-08-31,606,Gleisdorf,Männer,bis 19 Jahre,B9999,unbestimmt (nur Pst),2,0,19
206127,2019-08-31,609,Hartberg,Frauen,bis 19 Jahre,B9999,unbestimmt (nur Pst),5,0,19
206147,2019-08-31,609,Hartberg,Frauen,20 bis 24 Jahre,B9999,unbestimmt (nur Pst),1,20,24
206275,2019-08-31,609,Hartberg,Männer,bis 19 Jahre,B9999,unbestimmt (nur Pst),3,0,19
206298,2019-08-31,609,Hartberg,Männer,20 bis 24 Jahre,B9999,unbestimmt (nur Pst),2,20,24
206335,2019-08-31,609,Hartberg,Männer,30 bis 34 Jahre,B9999,unbestimmt (nur Pst),1,30,34
206406,2019-08-31,610,Judenburg,Frauen,bis 19 Jahre,B9999,unbestimmt (nur Pst),1,0,19
206425,2019-08-31,610,Judenburg,Frauen,20 bis 24 Jahre,B9999,unbestimmt (nur Pst),2,20,24
206442,2019-08-31,610,Judenburg,Frauen,25 bis 29 Jahre,B9999,unbestimmt (nur Pst),1,25,29
206451,2019-08-31,610,Judenburg,Frauen,30 bis 34 Jahre,B9999,unbestimmt (nur Pst),1,30,34
206496,2019-08-31,610,Judenburg,Frauen,50 bis 54 Jahre,B9999,unbestimmt (nur Pst),1,50,54
206503,2019-08-31,610,Judenburg,Frauen,55 bis 59 Jahre,B9999,unbestimmt (nur Pst),1,55,59
206521,2019-08-31,610,Judenburg,Männer,bis 19 Jahre,B9999,unbestimmt (nur Pst),3,0,19
206619,2019-08-31,611,Murau,Frauen,bis 19 Jahre,B9999,unbestimmt (nur Pst),2,0,19
206627,2019-08-31,611,Murau,Frauen,20 bis 24 Jahre,B9999,unbestimmt (nur Pst),3,20,24
206679,2019-08-31,611,Murau,Männer,35 bis 39 Jahre,B9999,unbestimmt (nur Pst),1,35,39
206709,2019-08-31,614,Leibnitz,Frauen,bis 19 Jahre,B9999,unbestimmt (nur Pst),1,0,19
206836,2019-08-31,614,Leibnitz,Männer,bis 19 Jahre,B9999,unbestimmt (nur Pst),2,0,19
206855,2019-08-31,614,Leibnitz,Männer,20 bis 24 Jahre,B9999,unbestimmt (nur Pst),4,20,24
206941,2019-08-31,616,Leoben,Frauen,bis 19 Jahre,B9999,unbestimmt (nur Pst),2,0,19
206983,2019-08-31,616,Leoben,Frauen,25 bis 29 Jahre,B9999,unbestimmt (nur Pst),1,25,29
207060,2019-08-31,616,Leoben,Männer,bis 19 Jahre,B9999,unbestimmt (nur Pst),1,0,19
207072,2019-08-31,616,Leoben,Männer,20 bis 24 Jahre,B9999,unbestimmt (nur Pst),4,20,24
207156,2019-08-31,618,Liezen,Frauen,bis 19 Jahre,B9999,unbestimmt (nur Pst),3,0,19
207271,2019-08-31,618,Liezen,Männer,bis 19 Jahre,B9999,unbestimmt (nur Pst),1,0,19
207360,2019-08-31,621,Mürzzuschlag,Frauen,bis 19 Jahre,B9999,unbestimmt (nur Pst),2,0,19
207376,2019-08-31,621,Mürzzuschlag,Frauen,20 bis 24 Jahre,B9999,unbestimmt (nur Pst),2,20,24
207411,2019-08-31,621,Mürzzuschlag,Frauen,40 bis 44 Jahre,B9999,unbestimmt (nur Pst),1,40,44
207444,2019-08-31,621,Mürzzuschlag,Männer,bis 19 Jahre,B9999,unbestimmt (nur Pst),2,0,19
207460,2019-08-31,621,Mürzzuschlag,Männer,20 bis 24 Jahre,B9999,unbestimmt (nur Pst),1,20,24
207522,2019-08-31,622,Voitsberg,Frauen,bis 19 Jahre,B9999,unbestimmt (nur Pst),2,0,19
207538,2019-08-31,622,Voitsberg,Frauen,20 bis 24 Jahre,B9999,unbestimmt (nur Pst),1,20,24
207680,2019-08-31,623,Weiz,Frauen,bis 19 Jahre,B9999,unbestimmt (nur Pst),1,0,19
207729,2019-08-31,623,Weiz,Frauen,45 bis 49 Jahre,B9999,unbestimmt (nur Pst),1,45,49
207758,2019-08-31,623,Weiz,Männer,20 bis 24 Jahre,B9999,unbestimmt (nur Pst),1,20,24
207775,2019-08-31,623,Weiz,Männer,30 bis 34 Jahre,B9999,unbestimmt (nur Pst),1,30,34
207786,2019-08-31,623,Weiz,Männer,45 bis 49 Jahre,B9999,unbestimmt (nur Pst),1,45,49
207834,2019-08-31,630,Graz-West und Umgebung,Frauen,bis 19 Jahre,B9999,unbestimmt (nur Pst),9,0,19
207889,2019-08-31,630,Graz-West und Umgebung,Frauen,20 bis 24 Jahre,B9999,unbestimmt (nur Pst),4,20,24
208057,2019-08-31,630,Graz-West und Umgebung,Frauen,40 bis 44 Jahre,B9999,unbestimmt (nur Pst),1,40,44
208176,2019-08-31,630,Graz-West und Umgebung,Männer,bis 19 Jahre,B9999,unbestimmt (nur Pst),8,0,19
208255,2019-08-31,630,Graz-West und Umgebung,Männer,20 bis 24 Jahre,B9999,unbestimmt (nur Pst),3,20,24
208515,2019-08-31,631,Graz-Ost,Frauen,bis 19 Jahre,B9999,unbestimmt (nur Pst),4,0,19
208545,2019-08-31,631,Graz-Ost,Frauen,20 bis 24 Jahre,B9999,unbestimmt (nur Pst),3,20,24
208617,2019-08-31,631,Graz-Ost,Frauen,30 bis 34 Jahre,B9999,unbestimmt (nur Pst),2,30,34
208648,2019-08-31,631,Graz-Ost,Frauen,35 bis 39 Jahre,B9999,unbestimmt (nur Pst),2,35,39
208761,2019-08-31,631,Graz-Ost,Männer,bis 19 Jahre,B9999,unbestimmt (nur Pst),3,0,19
208803,2019-08-31,631,Graz-Ost,Männer,20 bis 24 Jahre,B9999,unbestimmt (nur Pst),1,20,24
209018,2019-08-31,701,Imst,Männer,bis 19 Jahre,B9999,unbestimmt (nur Pst),2,0,19
209049,2019-08-31,702,Innsbruck,Frauen,bis 19 Jahre,B9999,unbestimmt (nur Pst),3,0,19
209071,2019-08-31,702,Innsbruck,Frauen,20 bis 24 Jahre,B9999,unbestimmt (nur Pst),1,20,24
209092,2019-08-31,702,Innsbruck,Frauen,25 bis 29 Jahre,B9999,unbestimmt (nur Pst),3,25,29
209178,2019-08-31,702,Innsbruck,Frauen,45 bis 49 Jahre,B9999,unbestimmt (nur Pst),3,45,49
209230,2019-08-31,702,Innsbruck,Männer,bis 19 Jahre,B9999,unbestimmt (nur Pst),1,0,19
209264,2019-08-31,702,Innsbruck,Männer,20 bis 24 Jahre,B9999,unbestimmt (nur Pst),1,20,24
209297,2019-08-31,702,Innsbruck,Männer,25 bis 29 Jahre,B9999,unbestimmt (nur Pst),1,25,29
209326,2019-08-31,702,Innsbruck,Männer,30 bis 34 Jahre,B9999,unbestimmt (nur Pst),1,30,34
209354,2019-08-31,702,Innsbruck,Männer,35 bis 39 Jahre,B9999,unbestimmt (nur Pst),5,35,39
209378,2019-08-31,702,Innsbruck,Männer,40 bis 44 Jahre,B9999,unbestimmt (nur Pst),1,40,44
209421,2019-08-31,702,Innsbruck,Männer,55 bis 59 Jahre,B9999,unbestimmt (nur Pst),1,55,59
209492,2019-08-31,705,Kufstein,Frauen,bis 19 Jahre,B9999,unbestimmt (nur Pst),1,0,19
209575,2019-08-31,705,Kufstein,Männer,bis 19 Jahre,B9999,unbestimmt (nur Pst),4,0,19
209601,2019-08-31,705,Kufstein,Männer,25 bis 29 Jahre,B9999,unbestimmt (nur Pst),1,25,29
209640,2019-08-31,706,Landeck,Frauen,bis 19 Jahre,B9999,unbestimmt (nur Pst),2,0,19
209675,2019-08-31,706,Landeck,Männer,bis 19 Jahre,B9999,unbestimmt (nur Pst),2,0,19
209683,2019-08-31,706,Landeck,Männer,20 bis 24 Jahre,B9999,unbestimmt (nur Pst),1,20,24
209732,2019-08-31,707,Lienz,Männer,20 bis 24 Jahre,B9999,unbestimmt (nur Pst),1,20,24
209736,2019-08-31,707,Lienz,Männer,25 bis 29 Jahre,B9999,unbestimmt (nur Pst),1,25,29
209790,2019-08-31,709,Schwaz,Frauen,bis 19 Jahre,B9999,unbestimmt (nur Pst),4,0,19
209843,2019-08-31,709,Schwaz,Männer,bis 19 Jahre,B9999,unbestimmt (nur Pst),2,0,19
209851,2019-08-31,709,Schwaz,Männer,20 bis 24 Jahre,B9999,unbestimmt (nur Pst),1,20,24
209874,2019-08-31,709,Schwaz,Männer,45 bis 49 Jahre,B9999,unbestimmt (nur Pst),1,45,49
209991,2019-08-31,801,Bludenz,Männer,25 bis 29 Jahre,B9999,unbestimmt (nur Pst),1,25,29
210001,2019-08-31,801,Bludenz,Männer,30 bis 34 Jahre,B9999,unbestimmt (nur Pst),1,30,34
210076,2019-08-31,802,Bregenz,Frauen,20 bis 24 Jahre,B9999,unbestimmt (nur Pst),1,20,24
210120,2019-08-31,802,Bregenz,Frauen,35 bis 39 Jahre,B9999,unbestimmt (nur Pst),1,35,39
210319,2019-08-31,802,Bregenz,Männer,55 bis 59 Jahre,B9999,unbestimmt (nur Pst),1,55,59
210335,2019-08-31,804,Dornbirn,Frauen,bis 19 Jahre,B9999,unbestimmt (nur Pst),1,0,19
210411,2019-08-31,804,Dornbirn,Frauen,40 bis 44 Jahre,B9999,unbestimmt (nur Pst),1,40,44
210428,2019-08-31,804,Dornbirn,Frauen,50 bis 54 Jahre,B9999,unbestimmt (nur Pst),1,50,54
210487,2019-08-31,804,Dornbirn,Männer,20 bis 24 Jahre,B9999,unbestimmt (nur Pst),1,20,24
210562,2019-08-31,804,Dornbirn,Männer,50 bis 54 Jahre,B9999,unbestimmt (nur Pst),1,50,54
210568,2019-08-31,804,Dornbirn,Männer,55 bis 59 Jahre,B9999,unbestimmt (nur Pst),1,55,59
210586,2019-08-31,805,Feldkirch,Frauen,bis 19 Jahre,B9999,unbestimmt (nur Pst),3,0,19
210656,2019-08-31,805,Feldkirch,Frauen,35 bis 39 Jahre,B9999,unbestimmt (nur Pst),1,35,39
210727,2019-08-31,805,Feldkirch,Männer,bis 19 Jahre,B9999,unbestimmt (nur Pst),2,0,19
210778,2019-08-31,805,Feldkirch,Männer,25 bis 29 Jahre,B9999,unbestimmt (nur Pst),2,25,29
210808,2019-08-31,805,Feldkirch,Männer,35 bis 39 Jahre,B9999,unbestimmt (nur Pst),1,35,39
211081,2019-08-31,958,Wien Johnstraße,Männer,20 bis 24 Jahre,B9999,unbestimmt (nur Pst),2,20,24
211787,2019-08-31,960,Wien Esteplatz,Frauen,20 bis 24 Jahre,B9999,unbestimmt (nur Pst),1,20,24
212112,2019-08-31,960,Wien Esteplatz,Männer,30 bis 34 Jahre,B9999,unbestimmt (nur Pst),1,30,34
212342,2019-08-31,962,Wien Redergasse,Frauen,25 bis 29 Jahre,B9999,unbestimmt (nur Pst),1,25,29
213431,2019-08-31,964,Wien Favoritenstraße,Frauen,30 bis 34 Jahre,B9999,unbestimmt (nur Pst),1,30,34
213538,2019-08-31,964,Wien Favoritenstraße,Frauen,45 bis 49 Jahre,B9999,unbestimmt (nur Pst),1,45,49
213657,2019-08-31,964,Wien Favoritenstraße,Männer,20 bis 24 Jahre,B9999,unbestimmt (nur Pst),1,20,24
214250,2019-08-31,965,Wien Schönbrunner Straße,Frauen,50 bis 54 Jahre,B9999,unbestimmt (nur Pst),1,50,54
214378,2019-08-31,965,Wien Schönbrunner Straße,Männer,25 bis 29 Jahre,B9999,unbestimmt (nur Pst),1,25,29
214525,2019-08-31,965,Wien Schönbrunner Straße,Männer,40 bis 44 Jahre,B9999,unbestimmt (nur Pst),1,40,44
214759,2019-08-31,966,Wien Hietzinger Kai,Frauen,35 bis 39 Jahre,B9999,unbestimmt (nur Pst),1,35,39
214949,2019-08-31,966,Wien Hietzinger Kai,Männer,25 bis 29 Jahre,B9999,unbestimmt (nur Pst),1,25,29
215057,2019-08-31,966,Wien Hietzinger Kai,Männer,40 bis 44 Jahre,B9999,unbestimmt (nur Pst),1,40,44
215139,2019-08-31,966,Wien Hietzinger Kai,Männer,60 bis 64 Jahre,B9999,unbestimmt (nur Pst),1,60,64
215265,2019-08-31,967,Wien Huttengasse,Frauen,30 bis 34 Jahre,B9999,unbestimmt (nur Pst),1,30,34
216590,2019-08-31,969,Wien-Wagramer Straße,Frauen,40 bis 44 Jahre,B9999,unbestimmt (nur Pst),1,40,44
217051,2019-08-31,970,Wien Jugendliche,Frauen,bis 19 Jahre,B9999,unbestimmt (nur Pst),16,0,19
217126,2019-08-31,970,Wien Jugendliche,Frauen,20 bis 24 Jahre,B9999,unbestimmt (nur Pst),3,20,24
217217,2019-08-31,970,Wien Jugendliche,Männer,bis 19 Jahre,B9999,unbestimmt (nur Pst),12,0,19
217387,2019-08-31,974,Wien Austria Campus,Frauen,30 bis 34 Jahre,B9999,unbestimmt (nur Pst),1,30,34
217527,2019-08-31,974,Wien Austria Campus,Männer,20 bis 24 Jahre,B9999,unbestimmt (nur Pst),1,20,24
218194,2019-09-30,101,Eisenstadt,Frauen,bis 19 Jahre,B9999,unbestimmt (nur Pst),1,0,19
218275,2019-09-30,101,Eisenstadt,Männer,bis 19 Jahre,B9999,unbestimmt (nur Pst),2,0,19
218345,2019-09-30,102,Mattersburg,Frauen,bis 19 Jahre,B9999,unbestimmt (nur Pst),1,0,19
218424,2019-09-30,102,Mattersburg,Männer,bis 19 Jahre,B9999,unbestimmt (nur Pst),1,0,19
218437,2019-09-30,102,Mattersburg,Männer,20 bis 24 Jahre,B9999,unbestimmt (nur Pst),1,20,24
219402,2019-09-30,203,Klagenfurt,Frauen,bis 19 Jahre,B9999,unbestimmt (nur Pst),2,0,19
219432,2019-09-30,203,Klagenfurt,Frauen,20 bis 24 Jahre,B9999,unbestimmt (nur Pst),3,20,24
219456,2019-09-30,203,Klagenfurt,Frauen,25 bis 29 Jahre,B9999,unbestimmt (nur Pst),1,25,29
219513,2019-09-30,203,Klagenfurt,Frauen,35 bis 39 Jahre,B9999,unbestimmt (nur Pst),1,35,39
219535,2019-09-30,203,Klagenfurt,Frauen,40 bis 44 Jahre,B9999,unbestimmt (nur Pst),1,40,44
219581,2019-09-30,203,Klagenfurt,Frauen,50 bis 54 Jahre,B9999,unbestimmt (nur Pst),1,50,54
219655,2019-09-30,203,Klagenfurt,Männer,20 bis 24 Jahre,B9999,unbestimmt (nur Pst),3,20,24
219698,2019-09-30,203,Klagenfurt,Männer,30 bis 34 Jahre,B9999,unbestimmt (nur Pst),2,30,34
219725,2019-09-30,203,Klagenfurt,Männer,40 bis 44 Jahre,B9999,unbestimmt (nur Pst),3,40,44
219737,2019-09-30,203,Klagenfurt,Männer,45 bis 49 Jahre,B9999,unbestimmt (nur Pst),1,45,49
219782,2019-09-30,204,Spittal/Drau,Frauen,bis 19 Jahre,B9999,unbestimmt (nur Pst),2,0,19
219910,2019-09-30,204,Spittal/Drau,Männer,bis 19 Jahre,B9999,unbestimmt (nur Pst),1,0,19
219927,2019-09-30,204,Spittal/Drau,Männer,20 bis 24 Jahre,B9999,unbestimmt (nur Pst),1,20,24
220155,2019-09-30,206,Villach,Frauen,bis 19 Jahre,B9999,unbestimmt (nur Pst),1,0,19
220589,2019-09-30,207,Völkermarkt,Männer,bis 19 Jahre,B9999,unbestimmt (nur Pst),2,0,19
220662,2019-09-30,208,Wolfsberg,Frauen,20 bis 24 Jahre,B9999,unbestimmt (nur Pst),1,20,24
220786,2019-09-30,301,Amstetten,Frauen,bis 19 Jahre,B9999,unbestimmt (nur Pst),6,0,19
220808,2019-09-30,301,Amstetten,Frauen,20 bis 24 Jahre,B9999,unbestimmt (nur Pst),3,20,24
220829,2019-09-30,301,Amstetten,Frauen,25 bis 29 Jahre,B9999,unbestimmt (nur Pst),1,25,29
220847,2019-09-30,301,Amstetten,Frauen,30 bis 34 Jahre,B9999,unbestimmt (nur Pst),1,30,34
220869,2019-09-30,301,Amstetten,Frauen,35 bis 39 Jahre,B9999,unbestimmt (nur Pst),1,35,39
220944,2019-09-30,301,Amstetten,Männer,bis 19 Jahre,B9999,unbestimmt (nur Pst),9,0,19
220971,2019-09-30,301,Amstetten,Männer,20 bis 24 Jahre,B9999,unbestimmt (nur Pst),1,20,24
220990,2019-09-30,301,Amstetten,Männer,25 bis 29 Jahre,B9999,unbestimmt (nur Pst),2,25,29
221084,2019-09-30,304,Baden neu,Frauen,bis 19 Jahre,B9999,unbestimmt (nur Pst),4,0,19
221116,2019-09-30,304,Baden neu,Frauen,20 bis 24 Jahre,B9999,unbestimmt (nur Pst),4,20,24
221184,2019-09-30,304,Baden neu,Frauen,35 bis 39 Jahre,B9999,unbestimmt (nur Pst),1,35,39
221242,2019-09-30,304,Baden neu,Frauen,50 bis 54 Jahre,B9999,unbestimmt (nur Pst),1,50,54
221286,2019-09-30,304,Baden neu,Männer,bis 19 Jahre,B9999,unbestimmt (nur Pst),10,0,19
221326,2019-09-30,304,Baden neu,Männer,20 bis 24 Jahre,B9999,unbestimmt (nur Pst),1,20,24
221355,2019-09-30,304,Baden neu,Männer,25 bis 29 Jahre,B9999,unbestimmt (nur Pst),1,25,29
221375,2019-09-30,304,Baden neu,Männer,30 bis 34 Jahre,B9999,unbestimmt (nur Pst),2,30,34
221467,2019-09-30,306,Bruck/Leitha,Frauen,bis 19 Jahre,B9999,unbestimmt (nur Pst),2,0,19
221479,2019-09-30,306,Bruck/Leitha,Frauen,20 bis 24 Jahre,B9999,unbestimmt (nur Pst),2,20,24
221551,2019-09-30,306,Bruck/Leitha,Männer,bis 19 Jahre,B9999,unbestimmt (nur Pst),5,0,19
221591,2019-09-30,306,Bruck/Leitha,Männer,40 bis 44 Jahre,B9999,unbestimmt (nur Pst),1,40,44
221628,2019-09-30,308,Gänserndorf,Frauen,bis 19 Jahre,B9999,unbestimmt (nur Pst),4,0,19
221666,2019-09-30,308,Gänserndorf,Frauen,20 bis 24 Jahre,B9999,unbestimmt (nur Pst),1,20,24
221828,2019-09-30,308,Gänserndorf,Männer,bis 19 Jahre,B9999,unbestimmt (nur Pst),5,0,19
221877,2019-09-30,308,Gänserndorf,Männer,20 bis 24 Jahre,B9999,unbestimmt (nur Pst),1,20,24
221995,2019-09-30,311,Gmünd,Frauen,bis 19 Jahre,B9999,unbestimmt (nur Pst),1,0,19
222124,2019-09-30,312,Hollabrunn,Frauen,bis 19 Jahre,B9999,unbestimmt (nur Pst),2,0,19
222134,2019-09-30,312,Hollabrunn,Frauen,20 bis 24 Jahre,B9999,unbestimmt (nur Pst),2,20,24
222285,2019-09-30,313,Horn,Frauen,bis 19 Jahre,B9999,unbestimmt (nur Pst),1,0,19
222294,2019-09-30,313,Horn,Frauen,20 bis 24 Jahre,B9999,unbestimmt (nur Pst),1,20,24
222337,2019-09-30,313,Horn,Männer,bis 19 Jahre,B9999,unbestimmt (nur Pst),8,0,19
222346,2019-09-30,313,Horn,Männer,20 bis 24 Jahre,B9999,unbestimmt (nur Pst),2,20,24
222396,2019-09-30,314,Korneuburg,Frauen,20 bis 24 Jahre,B9999,unbestimmt (nur Pst),1,20,24
222426,2019-09-30,314,Korneuburg,Frauen,30 bis 34 Jahre,B9999,unbestimmt (nur Pst),1,30,34
222463,2019-09-30,314,Korneuburg,Frauen,40 bis 44 Jahre,B9999,unbestimmt (nur Pst),1,40,44
222498,2019-09-30,314,Korneuburg,Frauen,50 bis 54 Jahre,B9999,unbestimmt (nur Pst),1,50,54
222530,2019-09-30,314,Korneuburg,Männer,bis 19 Jahre,B9999,unbestimmt (nur Pst),9,0,19
222656,2019-09-30,315,Krems,Frauen,bis 19 Jahre,B9999,unbestimmt (nur Pst),5,0,19
222680,2019-09-30,315,Krems,Frauen,20 bis 24 Jahre,B9999,unbestimmt (nur Pst),2,20,24
222728,2019-09-30,315,Krems,Frauen,35 bis 39 Jahre,B9999,unbestimmt (nur Pst),1,35,39
222792,2019-09-30,315,Krems,Männer,bis 19 Jahre,B9999,unbestimmt (nur Pst),2,0,19
222814,2019-09-30,315,Krems,Männer,20 bis 24 Jahre,B9999,unbestimmt (nur Pst),2,20,24
222892,2019-09-30,316,Lilienfeld,Frauen,bis 19 Jahre,B9999,unbestimmt (nur Pst),2,0,19
222901,2019-09-30,316,Lilienfeld,Frauen,20 bis 24 Jahre,B9999,unbestimmt (nur Pst),1,20,24
222910,2019-09-30,316,Lilienfeld,Frauen,25 bis 29 Jahre,B9999,unbestimmt (nur Pst),2,25,29
222920,2019-09-30,316,Lilienfeld,Frauen,30 bis 34 Jahre,B9999,unbestimmt (nur Pst),2,30,34
222947,2019-09-30,316,Lilienfeld,Frauen,45 bis 49 Jahre,B9999,unbestimmt (nur Pst),1,45,49
222956,2019-09-30,316,Lilienfeld,Frauen,50 bis 54 Jahre,B9999,unbestimmt (nur Pst),1,50,54
222970,2019-09-30,316,Lilienfeld,Männer,bis 19 Jahre,B9999,unbestimmt (nur Pst),2,0,19
223251,2019-09-30,319,Mistelbach,Frauen,bis 19 Jahre,B9999,unbestimmt (nur Pst),6,0,19
223276,2019-09-30,319,Mistelbach,Frauen,25 bis 29 Jahre,B9999,unbestimmt (nur Pst),1,25,29
223286,2019-09-30,319,Mistelbach,Frauen,30 bis 34 Jahre,B9999,unbestimmt (nur Pst),1,30,34
223313,2019-09-30,319,Mistelbach,Frauen,40 bis 44 Jahre,B9999,unbestimmt (nur Pst),1,40,44
223368,2019-09-30,319,Mistelbach,Männer,bis 19 Jahre,B9999,unbestimmt (nur Pst),5,0,19
223459,2019-09-30,321,Mödling,Frauen,bis 19 Jahre,B9999,unbestimmt (nur Pst),1,0,19
223484,2019-09-30,321,Mödling,Frauen,20 bis 24 Jahre,B9999,unbestimmt (nur Pst),3,20,24
223643,2019-09-30,321,Mödling,Männer,bis 19 Jahre,B9999,unbestimmt (nur Pst),8,0,19
223666,2019-09-30,321,Mödling,Männer,20 bis 24 Jahre,B9999,unbestimmt (nur Pst),1,20,24
223789,2019-09-30,323,Neunkirchen,Frauen,bis 19 Jahre,B9999,unbestimmt (nur Pst),2,0,19
224072,2019-09-30,326,St. Pölten,Frauen,bis 19 Jahre,B9999,unbestimmt (nur Pst),7,0,19
224107,2019-09-30,326,St. Pölten,Frauen,20 bis 24 Jahre,B9999,unbestimmt (nur Pst),3,20,24
224160,2019-09-30,326,St. Pölten,Frauen,30 bis 34 Jahre,B9999,unbestimmt (nur Pst),1,30,34
224304,2019-09-30,326,St. Pölten,Männer,bis 19 Jahre,B9999,unbestimmt (nur Pst),9,0,19
224347,2019-09-30,326,St. Pölten,Männer,20 bis 24 Jahre,B9999,unbestimmt (nur Pst),1,20,24
224516,2019-09-30,326,St. Pölten,Männer,50 bis 54 Jahre,B9999,unbestimmt (nur Pst),1,50,54
224548,2019-09-30,328,Scheibbs,Frauen,20 bis 24 Jahre,B9999,unbestimmt (nur Pst),2,20,24
224595,2019-09-30,328,Scheibbs,Männer,bis 19 Jahre,B9999,unbestimmt (nur Pst),1,0,19
224639,2019-09-30,329,Schwechat,Frauen,bis 19 Jahre,B9999,unbestimmt (nur Pst),2,0,19
224862,2019-09-30,331,Tulln,Frauen,bis 19 Jahre,B9999,unbestimmt (nur Pst),8,0,19
224885,2019-09-30,331,Tulln,Frauen,20 bis 24 Jahre,B9999,unbestimmt (nur Pst),3,20,24
224903,2019-09-30,331,Tulln,Frauen,25 bis 29 Jahre,B9999,unbestimmt (nur Pst),1,25,29
224922,2019-09-30,331,Tulln,Frauen,30 bis 34 Jahre,B9999,unbestimmt (nur Pst),1,30,34
224947,2019-09-30,331,Tulln,Frauen,35 bis 39 Jahre,B9999,unbestimmt (nur Pst),1,35,39
225023,2019-09-30,331,Tulln,Männer,bis 19 Jahre,B9999,unbestimmt (nur Pst),11,0,19
225051,2019-09-30,331,Tulln,Männer,20 bis 24 Jahre,B9999,unbestimmt (nur Pst),5,20,24
225066,2019-09-30,331,Tulln,Männer,25 bis 29 Jahre,B9999,unbestimmt (nur Pst),1,25,29
225112,2019-09-30,331,Tulln,Männer,50 bis 54 Jahre,B9999,unbestimmt (nur Pst),1,50,54
225128,2019-09-30,332,Waidhofen/Thaya,Frauen,bis 19 Jahre,B9999,unbestimmt (nur Pst),2,0,19
225140,2019-09-30,332,Waidhofen/Thaya,Frauen,20 bis 24 Jahre,B9999,unbestimmt (nur Pst),1,20,24
225146,2019-09-30,332,Waidhofen/Thaya,Frauen,25 bis 29 Jahre,B9999,unbestimmt (nur Pst),1,25,29
225180,2019-09-30,332,Waidhofen/Thaya,Männer,bis 19 Jahre,B9999,unbestimmt (nur Pst),1,0,19
225271,2019-09-30,333,Waidhofen/Ybbs,Männer,bis 19 Jahre,B9999,unbestimmt (nur Pst),2,0,19
225321,2019-09-30,334,Wr. Neustadt,Frauen,bis 19 Jahre,B9999,unbestimmt (nur Pst),4,0,19
225346,2019-09-30,334,Wr. Neustadt,Frauen,20 bis 24 Jahre,B9999,unbestimmt (nur Pst),1,20,24
225373,2019-09-30,334,Wr. Neustadt,Frauen,25 bis 29 Jahre,B9999,unbestimmt (nur Pst),1,25,29
225485,2019-09-30,334,Wr. Neustadt,Frauen,50 bis 54 Jahre,B9999,unbestimmt (nur Pst),1,50,54
225527,2019-09-30,334,Wr. Neustadt,Männer,bis 19 Jahre,B9999,unbestimmt (nur Pst),1,0,19
225561,2019-09-30,334,Wr. Neustadt,Männer,20 bis 24 Jahre,B9999,unbestimmt (nur Pst),2,20,24
225811,2019-09-30,401,Braunau,Frauen,bis 19 Jahre,B9999,unbestimmt (nur Pst),8,0,19
225838,2019-09-30,401,Braunau,Frauen,20 bis 24 Jahre,B9999,unbestimmt (nur Pst),1,20,24
225864,2019-09-30,401,Braunau,Frauen,25 bis 29 Jahre,B9999,unbestimmt (nur Pst),3,25,29
225900,2019-09-30,401,Braunau,Frauen,35 bis 39 Jahre,B9999,unbestimmt (nur Pst),1,35,39
225965,2019-09-30,401,Braunau,Männer,bis 19 Jahre,B9999,unbestimmt (nur Pst),14,0,19
225993,2019-09-30,401,Braunau,Männer,20 bis 24 Jahre,B9999,unbestimmt (nur Pst),4,20,24
226009,2019-09-30,401,Braunau,Männer,25 bis 29 Jahre,B9999,unbestimmt (nur Pst),1,25,29
226107,2019-09-30,402,Eferding,Frauen,20 bis 24 Jahre,B9999,unbestimmt (nur Pst),1,20,24
226428,2019-09-30,404,Gmunden,Frauen,bis 19 Jahre,B9999,unbestimmt (nur Pst),3,0,19
226569,2019-09-30,404,Gmunden,Männer,bis 19 Jahre,B9999,unbestimmt (nur Pst),6,0,19
226719,2019-09-30,406,Grieskirchen,Frauen,bis 19 Jahre,B9999,unbestimmt (nur Pst),1,0,19
226823,2019-09-30,406,Grieskirchen,Männer,bis 19 Jahre,B9999,unbestimmt (nur Pst),1,0,19
226839,2019-09-30,406,Grieskirchen,Männer,20 bis 24 Jahre,B9999,unbestimmt (nur Pst),1,20,24
226909,2019-09-30,407,Kirchdorf/Krems,Frauen,bis 19 Jahre,B9999,unbestimmt (nur Pst),3,0,19
226929,2019-09-30,407,Kirchdorf/Krems,Frauen,20 bis 24 Jahre,B9999,unbestimmt (nur Pst),1,20,24
226942,2019-09-30,407,Kirchdorf/Krems,Frauen,25 bis 29 Jahre,B9999,unbestimmt (nur Pst),1,25,29
227010,2019-09-30,407,Kirchdorf/Krems,Männer,bis 19 Jahre,B9999,unbestimmt (nur Pst),3,0,19
227115,2019-09-30,409,Linz neu,Frauen,bis 19 Jahre,B9999,unbestimmt (nur Pst),17,0,19
227167,2019-09-30,409,Linz neu,Frauen,20 bis 24 Jahre,B9999,unbestimmt (nur Pst),7,20,24
227204,2019-09-30,409,Linz neu,Frauen,25 bis 29 Jahre,B9999,unbestimmt (nur Pst),4,25,29
227283,2019-09-30,409,Linz neu,Frauen,35 bis 39 Jahre,B9999,unbestimmt (nur Pst),2,35,39
227327,2019-09-30,409,Linz neu,Frauen,40 bis 44 Jahre,B9999,unbestimmt (nur Pst),2,40,44
227447,2019-09-30,409,Linz neu,Männer,bis 19 Jahre,B9999,unbestimmt (nur Pst),29,0,19
227519,2019-09-30,409,Linz neu,Männer,20 bis 24 Jahre,B9999,unbestimmt (nur Pst),6,20,24
227617,2019-09-30,409,Linz neu,Männer,30 bis 34 Jahre,B9999,unbestimmt (nur Pst),1,30,34
227667,2019-09-30,409,Linz neu,Männer,35 bis 39 Jahre,B9999,unbestimmt (nur Pst),3,35,39
227706,2019-09-30,409,Linz neu,Männer,40 bis 44 Jahre,B9999,unbestimmt (nur Pst),1,40,44
227741,2019-09-30,409,Linz neu,Männer,45 bis 49 Jahre,B9999,unbestimmt (nur Pst),2,45,49
227770,2019-09-30,409,Linz neu,Männer,50 bis 54 Jahre,B9999,unbestimmt (nur Pst),1,50,54
227793,2019-09-30,409,Linz neu,Männer,55 bis 59 Jahre,B9999,unbestimmt (nur Pst),2,55,59
227807,2019-09-30,411,Perg,Frauen,bis 19 Jahre,B9999,unbestimmt (nur Pst),1,0,19
227817,2019-09-30,411,Perg,Frauen,20 bis 24 Jahre,B9999,unbestimmt (nur Pst),1,20,24
227861,2019-09-30,411,Perg,Frauen,35 bis 39 Jahre,B9999,unbestimmt (nur Pst),1,35,39
227875,2019-09-30,411,Perg,Frauen,40 bis 44 Jahre,B9999,unbestimmt (nur Pst),1,40,44
227913,2019-09-30,411,Perg,Männer,bis 19 Jahre,B9999,unbestimmt (nur Pst),1,0,19
228014,2019-09-30,412,Ried im Innkreis,Frauen,bis 19 Jahre,B9999,unbestimmt (nur Pst),2,0,19
228031,2019-09-30,412,Ried im Innkreis,Frauen,20 bis 24 Jahre,B9999,unbestimmt (nur Pst),1,20,24
228063,2019-09-30,412,Ried im Innkreis,Frauen,30 bis 34 Jahre,B9999,unbestimmt (nur Pst),2,30,34
228108,2019-09-30,412,Ried im Innkreis,Frauen,50 bis 54 Jahre,B9999,unbestimmt (nur Pst),1,50,54
228139,2019-09-30,412,Ried im Innkreis,Männer,bis 19 Jahre,B9999,unbestimmt (nur Pst),4,0,19
228157,2019-09-30,412,Ried im Innkreis,Männer,20 bis 24 Jahre,B9999,unbestimmt (nur Pst),3,20,24
228168,2019-09-30,412,Ried im Innkreis,Männer,25 bis 29 Jahre,B9999,unbestimmt (nur Pst),1,25,29
228180,2019-09-30,412,Ried im Innkreis,Männer,30 bis 34 Jahre,B9999,unbestimmt (nur Pst),1,30,34
228244,2019-09-30,413,Rohrbach,Frauen,bis 19 Jahre,B9999,unbestimmt (nur Pst),1,0,19
228268,2019-09-30,413,Rohrbach,Frauen,25 bis 29 Jahre,B9999,unbestimmt (nur Pst),1,25,29
228280,2019-09-30,413,Rohrbach,Frauen,30 bis 34 Jahre,B9999,unbestimmt (nur Pst),1,30,34
228324,2019-09-30,413,Rohrbach,Männer,bis 19 Jahre,B9999,unbestimmt (nur Pst),1,0,19
228365,2019-09-30,413,Rohrbach,Männer,40 bis 44 Jahre,B9999,unbestimmt (nur Pst),1,40,44
228387,2019-09-30,414,Schärding,Frauen,bis 19 Jahre,B9999,unbestimmt (nur Pst),1,0,19
228411,2019-09-30,414,Schärding,Frauen,30 bis 34 Jahre,B9999,unbestimmt (nur Pst),1,30,34
228557,2019-09-30,415,Steyr,Frauen,bis 19 Jahre,B9999,unbestimmt (nur Pst),9,0,19
228584,2019-09-30,415,Steyr,Frauen,20 bis 24 Jahre,B9999,unbestimmt (nur Pst),3,20,24
228611,2019-09-30,415,Steyr,Frauen,25 bis 29 Jahre,B9999,unbestimmt (nur Pst),1,25,29
228645,2019-09-30,415,Steyr,Frauen,35 bis 39 Jahre,B9999,unbestimmt (nur Pst),1,35,39
228687,2019-09-30,415,Steyr,Frauen,45 bis 49 Jahre,B9999,unbestimmt (nur Pst),2,45,49
228742,2019-09-30,415,Steyr,Männer,bis 19 Jahre,B9999,unbestimmt (nur Pst),8,0,19
228780,2019-09-30,415,Steyr,Männer,20 bis 24 Jahre,B9999,unbestimmt (nur Pst),2,20,24
228819,2019-09-30,415,Steyr,Männer,30 bis 34 Jahre,B9999,unbestimmt (nur Pst),1,30,34
228892,2019-09-30,418,Vöcklabruck,Frauen,bis 19 Jahre,B9999,unbestimmt (nur Pst),10,0,19
228909,2019-09-30,418,Vöcklabruck,Frauen,20 bis 24 Jahre,B9999,unbestimmt (nur Pst),4,20,24
229075,2019-09-30,418,Vöcklabruck,Männer,bis 19 Jahre,B9999,unbestimmt (nur Pst),6,0,19
229104,2019-09-30,418,Vöcklabruck,Männer,20 bis 24 Jahre,B9999,unbestimmt (nur Pst),1,20,24
229327,2019-09-30,419,Wels,Frauen,35 bis 39 Jahre,B9999,unbestimmt (nur Pst),3,35,39
229427,2019-09-30,419,Wels,Männer,bis 19 Jahre,B9999,unbestimmt (nur Pst),2,0,19
229521,2019-09-30,419,Wels,Männer,35 bis 39 Jahre,B9999,unbestimmt (nur Pst),1,35,39
229576,2019-09-30,419,Wels,Männer,50 bis 54 Jahre,B9999,unbestimmt (nur Pst),1,50,54
229620,2019-09-30,421,Traun,Frauen,bis 19 Jahre,B9999,unbestimmt (nur Pst),3,0,19
229648,2019-09-30,421,Traun,Frauen,20 bis 24 Jahre,B9999,unbestimmt (nur Pst),2,20,24
229673,2019-09-30,421,Traun,Frauen,25 bis 29 Jahre,B9999,unbestimmt (nur Pst),2,25,29
229697,2019-09-30,421,Traun,Frauen,30 bis 34 Jahre,B9999,unbestimmt (nur Pst),1,30,34
229733,2019-09-30,421,Traun,Frauen,35 bis 39 Jahre,B9999,unbestimmt (nur Pst),3,35,39
229818,2019-09-30,421,Traun,Frauen,55 bis 59 Jahre,B9999,unbestimmt (nur Pst),1,55,59
229856,2019-09-30,421,Traun,Männer,bis 19 Jahre,B9999,unbestimmt (nur Pst),3,0,19
229887,2019-09-30,421,Traun,Männer,20 bis 24 Jahre,B9999,unbestimmt (nur Pst),2,20,24
229913,2019-09-30,421,Traun,Männer,25 bis 29 Jahre,B9999,unbestimmt (nur Pst),1,25,29
230020,2019-09-30,421,Traun,Männer,55 bis 59 Jahre,B9999,unbestimmt (nur Pst),1,55,59
230093,2019-09-30,501,Bischofshofen,Frauen,30 bis 34 Jahre,B9999,unbestimmt (nur Pst),1,30,34
230113,2019-09-30,501,Bischofshofen,Frauen,35 bis 39 Jahre,B9999,unbestimmt (nur Pst),2,35,39
230128,2019-09-30,501,Bischofshofen,Frauen,40 bis 44 Jahre,B9999,unbestimmt (nur Pst),2,40,44
230155,2019-09-30,501,Bischofshofen,Frauen,55 bis 59 Jahre,B9999,unbestimmt (nur Pst),1,55,59
230178,2019-09-30,501,Bischofshofen,Männer,bis 19 Jahre,B9999,unbestimmt (nur Pst),2,0,19
230209,2019-09-30,501,Bischofshofen,Männer,30 bis 34 Jahre,B9999,unbestimmt (nur Pst),1,30,34
230330,2019-09-30,503,Hallein,Frauen,50 bis 54 Jahre,B9999,unbestimmt (nur Pst),1,50,54
230352,2019-09-30,503,Hallein,Männer,bis 19 Jahre,B9999,unbestimmt (nur Pst),1,0,19
230434,2019-09-30,504,Salzburg,Frauen,bis 19 Jahre,B9999,unbestimmt (nur Pst),1,0,19
230511,2019-09-30,504,Salzburg,Frauen,25 bis 29 Jahre,B9999,unbestimmt (nur Pst),1,25,29
230584,2019-09-30,504,Salzburg,Frauen,35 bis 39 Jahre,B9999,unbestimmt (nur Pst),1,35,39
230613,2019-09-30,504,Salzburg,Frauen,40 bis 44 Jahre,B9999,unbestimmt (nur Pst),1,40,44
230638,2019-09-30,504,Salzburg,Frauen,45 bis 49 Jahre,B9999,unbestimmt (nur Pst),2,45,49
230657,2019-09-30,504,Salzburg,Frauen,50 bis 54 Jahre,B9999,unbestimmt (nur Pst),1,50,54
230963,2019-09-30,504,Salzburg,Männer,50 bis 54 Jahre,B9999,unbestimmt (nur Pst),1,50,54
230985,2019-09-30,504,Salzburg,Männer,55 bis 59 Jahre,B9999,unbestimmt (nur Pst),1,55,59
231040,2019-09-30,506,Zell am See,Frauen,bis 19 Jahre,B9999,unbestimmt (nur Pst),1,0,19
231063,2019-09-30,506,Zell am See,Frauen,25 bis 29 Jahre,B9999,unbestimmt (nur Pst),3,25,29
231118,2019-09-30,506,Zell am See,Frauen,45 bis 49 Jahre,B9999,unbestimmt (nur Pst),2,45,49
231143,2019-09-30,506,Zell am See,Männer,bis 19 Jahre,B9999,unbestimmt (nur Pst),5,0,19
231209,2019-09-30,601,Bruck/Mur,Frauen,bis 19 Jahre,B9999,unbestimmt (nur Pst),3,0,19
231229,2019-09-30,601,Bruck/Mur,Frauen,20 bis 24 Jahre,B9999,unbestimmt (nur Pst),2,20,24
231308,2019-09-30,601,Bruck/Mur,Frauen,50 bis 54 Jahre,B9999,unbestimmt (nur Pst),1,50,54
231330,2019-09-30,601,Bruck/Mur,Männer,bis 19 Jahre,B9999,unbestimmt (nur Pst),3,0,19
231657,2019-09-30,604,Feldbach,Frauen,bis 19 Jahre,B9999,unbestimmt (nur Pst),2,0,19
231798,2019-09-30,604,Feldbach,Männer,bis 19 Jahre,B9999,unbestimmt (nur Pst),1,0,19
231908,2019-09-30,606,Gleisdorf,Frauen,20 bis 24 Jahre,B9999,unbestimmt (nur Pst),2,20,24
231992,2019-09-30,606,Gleisdorf,Männer,bis 19 Jahre,B9999,unbestimmt (nur Pst),2,0,19
232054,2019-09-30,609,Hartberg,Frauen,bis 19 Jahre,B9999,unbestimmt (nur Pst),5,0,19
232210,2019-09-30,609,Hartberg,Männer,bis 19 Jahre,B9999,unbestimmt (nur Pst),3,0,19
232233,2019-09-30,609,Hartberg,Männer,20 bis 24 Jahre,B9999,unbestimmt (nur Pst),1,20,24
232270,2019-09-30,609,Hartberg,Männer,30 bis 34 Jahre,B9999,unbestimmt (nur Pst),1,30,34
232365,2019-09-30,610,Judenburg,Frauen,20 bis 24 Jahre,B9999,unbestimmt (nur Pst),2,20,24
232385,2019-09-30,610,Judenburg,Frauen,25 bis 29 Jahre,B9999,unbestimmt (nur Pst),2,25,29
232396,2019-09-30,610,Judenburg,Frauen,30 bis 34 Jahre,B9999,unbestimmt (nur Pst),1,30,34
232437,2019-09-30,610,Judenburg,Frauen,50 bis 54 Jahre,B9999,unbestimmt (nur Pst),1,50,54
232457,2019-09-30,610,Judenburg,Männer,bis 19 Jahre,B9999,unbestimmt (nur Pst),4,0,19
232482,2019-09-30,610,Judenburg,Männer,20 bis 24 Jahre,B9999,unbestimmt (nur Pst),2,20,24
232560,2019-09-30,611,Murau,Frauen,bis 19 Jahre,B9999,unbestimmt (nur Pst),2,0,19
232570,2019-09-30,611,Murau,Frauen,20 bis 24 Jahre,B9999,unbestimmt (nur Pst),3,20,24
232641,2019-09-30,611,Murau,Männer,35 bis 39 Jahre,B9999,unbestimmt (nur Pst),1,35,39
232670,2019-09-30,614,Leibnitz,Frauen,bis 19 Jahre,B9999,unbestimmt (nur Pst),3,0,19
232822,2019-09-30,614,Leibnitz,Männer,bis 19 Jahre,B9999,unbestimmt (nur Pst),2,0,19
232840,2019-09-30,614,Leibnitz,Männer,20 bis 24 Jahre,B9999,unbestimmt (nur Pst),1,20,24
232931,2019-09-30,616,Leoben,Frauen,bis 19 Jahre,B9999,unbestimmt (nur Pst),1,0,19
232977,2019-09-30,616,Leoben,Frauen,25 bis 29 Jahre,B9999,unbestimmt (nur Pst),1,25,29
233021,2019-09-30,616,Leoben,Frauen,40 bis 44 Jahre,B9999,unbestimmt (nur Pst),1,40,44
233060,2019-09-30,616,Leoben,Männer,bis 19 Jahre,B9999,unbestimmt (nur Pst),1,0,19
233075,2019-09-30,616,Leoben,Männer,20 bis 24 Jahre,B9999,unbestimmt (nur Pst),4,20,24
233161,2019-09-30,618,Liezen,Frauen,bis 19 Jahre,B9999,unbestimmt (nur Pst),2,0,19
233291,2019-09-30,618,Liezen,Männer,bis 19 Jahre,B9999,unbestimmt (nur Pst),1,0,19
233377,2019-09-30,621,Mürzzuschlag,Frauen,bis 19 Jahre,B9999,unbestimmt (nur Pst),3,0,19
233394,2019-09-30,621,Mürzzuschlag,Frauen,20 bis 24 Jahre,B9999,unbestimmt (nur Pst),2,20,24
233430,2019-09-30,621,Mürzzuschlag,Frauen,40 bis 44 Jahre,B9999,unbestimmt (nur Pst),1,40,44
233461,2019-09-30,621,Mürzzuschlag,Männer,bis 19 Jahre,B9999,unbestimmt (nur Pst),3,0,19
233486,2019-09-30,621,Mürzzuschlag,Männer,25 bis 29 Jahre,B9999,unbestimmt (nur Pst),1,25,29
233536,2019-09-30,622,Voitsberg,Frauen,bis 19 Jahre,B9999,unbestimmt (nur Pst),2,0,19
233555,2019-09-30,622,Voitsberg,Frauen,20 bis 24 Jahre,B9999,unbestimmt (nur Pst),1,20,24
233719,2019-09-30,623,Weiz,Frauen,bis 19 Jahre,B9999,unbestimmt (nur Pst),2,0,19
233771,2019-09-30,623,Weiz,Frauen,45 bis 49 Jahre,B9999,unbestimmt (nur Pst),1,45,49
233802,2019-09-30,623,Weiz,Männer,20 bis 24 Jahre,B9999,unbestimmt (nur Pst),1,20,24
233831,2019-09-30,623,Weiz,Männer,45 bis 49 Jahre,B9999,unbestimmt (nur Pst),1,45,49
233878,2019-09-30,630,Graz-West und Umgebung,Frauen,bis 19 Jahre,B9999,unbestimmt (nur Pst),13,0,19
233934,2019-09-30,630,Graz-West und Umgebung,Frauen,20 bis 24 Jahre,B9999,unbestimmt (nur Pst),5,20,24
233988,2019-09-30,630,Graz-West und Umgebung,Frauen,25 bis 29 Jahre,B9999,unbestimmt (nur Pst),1,25,29
234033,2019-09-30,630,Graz-West und Umgebung,Frauen,30 bis 34 Jahre,B9999,unbestimmt (nur Pst),1,30,34
234126,2019-09-30,630,Graz-West und Umgebung,Frauen,40 bis 44 Jahre,B9999,unbestimmt (nur Pst),1,40,44
234249,2019-09-30,630,Graz-West und Umgebung,Männer,bis 19 Jahre,B9999,unbestimmt (nur Pst),10,0,19
234329,2019-09-30,630,Graz-West und Umgebung,Männer,20 bis 24 Jahre,B9999,unbestimmt (nur Pst),3,20,24
234477,2019-09-30,630,Graz-West und Umgebung,Männer,35 bis 39 Jahre,B9999,unbestimmt (nur Pst),1,35,39
234604,2019-09-30,631,Graz-Ost,Frauen,bis 19 Jahre,B9999,unbestimmt (nur Pst),4,0,19
234637,2019-09-30,631,Graz-Ost,Frauen,20 bis 24 Jahre,B9999,unbestimmt (nur Pst),2,20,24
234716,2019-09-30,631,Graz-Ost,Frauen,30 bis 34 Jahre,B9999,unbestimmt (nur Pst),1,30,34
234748,2019-09-30,631,Graz-Ost,Frauen,35 bis 39 Jahre,B9999,unbestimmt (nur Pst),2,35,39
234864,2019-09-30,631,Graz-Ost,Männer,bis 19 Jahre,B9999,unbestimmt (nur Pst),8,0,19
234908,2019-09-30,631,Graz-Ost,Männer,20 bis 24 Jahre,B9999,unbestimmt (nur Pst),1,20,24
235087,2019-09-30,701,Imst,Frauen,bis 19 Jahre,B9999,unbestimmt (nur Pst),1,0,19
235140,2019-09-30,701,Imst,Männer,bis 19 Jahre,B9999,unbestimmt (nur Pst),2,0,19
235181,2019-09-30,702,Innsbruck,Frauen,bis 19 Jahre,B9999,unbestimmt (nur Pst),3,0,19
235206,2019-09-30,702,Innsbruck,Frauen,20 bis 24 Jahre,B9999,unbestimmt (nur Pst),1,20,24
235229,2019-09-30,702,Innsbruck,Frauen,25 bis 29 Jahre,B9999,unbestimmt (nur Pst),3,25,29
235288,2019-09-30,702,Innsbruck,Frauen,35 bis 39 Jahre,B9999,unbestimmt (nur Pst),1,35,39
235331,2019-09-30,702,Innsbruck,Frauen,45 bis 49 Jahre,B9999,unbestimmt (nur Pst),4,45,49
235352,2019-09-30,702,Innsbruck,Frauen,50 bis 54 Jahre,B9999,unbestimmt (nur Pst),1,50,54
235388,2019-09-30,702,Innsbruck,Männer,bis 19 Jahre,B9999,unbestimmt (nur Pst),1,0,19
235456,2019-09-30,702,Innsbruck,Männer,25 bis 29 Jahre,B9999,unbestimmt (nur Pst),1,25,29
235480,2019-09-30,702,Innsbruck,Männer,30 bis 34 Jahre,B9999,unbestimmt (nur Pst),1,30,34
235506,2019-09-30,702,Innsbruck,Männer,35 bis 39 Jahre,B9999,unbestimmt (nur Pst),5,35,39
235532,2019-09-30,702,Innsbruck,Männer,40 bis 44 Jahre,B9999,unbestimmt (nur Pst),1,40,44
235551,2019-09-30,702,Innsbruck,Männer,45 bis 49 Jahre,B9999,unbestimmt (nur Pst),1,45,49
235629,2019-09-30,704,Kitzbühel,Männer,bis 19 Jahre,B9999,unbestimmt (nur Pst),1,0,19
235673,2019-09-30,705,Kufstein,Frauen,bis 19 Jahre,B9999,unbestimmt (nur Pst),2,0,19
235687,2019-09-30,705,Kufstein,Frauen,20 bis 24 Jahre,B9999,unbestimmt (nur Pst),1,20,24
235781,2019-09-30,705,Kufstein,Männer,bis 19 Jahre,B9999,unbestimmt (nur Pst),8,0,19
235814,2019-09-30,705,Kufstein,Männer,25 bis 29 Jahre,B9999,unbestimmt (nur Pst),1,25,29
235860,2019-09-30,706,Landeck,Frauen,bis 19 Jahre,B9999,unbestimmt (nur Pst),4,0,19
235920,2019-09-30,706,Landeck,Männer,bis 19 Jahre,B9999,unbestimmt (nur Pst),4,0,19
235928,2019-09-30,706,Landeck,Männer,20 bis 24 Jahre,B9999,unbestimmt (nur Pst),2,20,24
236006,2019-09-30,707,Lienz,Männer,20 bis 24 Jahre,B9999,unbestimmt (nur Pst),1,20,24
236010,2019-09-30,707,Lienz,Männer,25 bis 29 Jahre,B9999,unbestimmt (nur Pst),1,25,29
236084,2019-09-30,708,Reutte,Männer,55 bis 59 Jahre,B9999,unbestimmt (nur Pst),1,55,59
236094,2019-09-30,709,Schwaz,Frauen,bis 19 Jahre,B9999,unbestimmt (nur Pst),8,0,19
236165,2019-09-30,709,Schwaz,Männer,bis 19 Jahre,B9999,unbestimmt (nur Pst),1,0,19
236174,2019-09-30,709,Schwaz,Männer,20 bis 24 Jahre,B9999,unbestimmt (nur Pst),1,20,24
236183,2019-09-30,709,Schwaz,Männer,25 bis 29 Jahre,B9999,unbestimmt (nur Pst),1,25,29
236192,2019-09-30,709,Schwaz,Männer,35 bis 39 Jahre,B9999,unbestimmt (nur Pst),1,35,39
236202,2019-09-30,709,Schwaz,Männer,45 bis 49 Jahre,B9999,unbestimmt (nur Pst),1,45,49
236260,2019-09-30,801,Bludenz,Frauen,30 bis 34 Jahre,B9999,unbestimmt (nur Pst),1,30,34
236271,2019-09-30,801,Bludenz,Frauen,35 bis 39 Jahre,B9999,unbestimmt (nur Pst),1,35,39
236355,2019-09-30,801,Bludenz,Männer,25 bis 29 Jahre,B9999,unbestimmt (nur Pst),2,25,29
236369,2019-09-30,801,Bludenz,Männer,30 bis 34 Jahre,B9999,unbestimmt (nur Pst),1,30,34
236423,2019-09-30,802,Bregenz,Frauen,bis 19 Jahre,B9999,unbestimmt (nur Pst),1,0,19
236460,2019-09-30,802,Bregenz,Frauen,20 bis 24 Jahre,B9999,unbestimmt (nur Pst),2,20,24
236503,2019-09-30,802,Bregenz,Frauen,30 bis 34 Jahre,B9999,unbestimmt (nur Pst),1,30,34
236522,2019-09-30,802,Bregenz,Frauen,35 bis 39 Jahre,B9999,unbestimmt (nur Pst),1,35,39
236542,2019-09-30,802,Bregenz,Frauen,40 bis 44 Jahre,B9999,unbestimmt (nur Pst),1,40,44
236567,2019-09-30,802,Bregenz,Frauen,50 bis 54 Jahre,B9999,unbestimmt (nur Pst),1,50,54
236611,2019-09-30,802,Bregenz,Männer,bis 19 Jahre,B9999,unbestimmt (nur Pst),1,0,19
236773,2019-09-30,802,Bregenz,Männer,55 bis 59 Jahre,B9999,unbestimmt (nur Pst),1,55,59
236797,2019-09-30,804,Dornbirn,Frauen,bis 19 Jahre,B9999,unbestimmt (nur Pst),1,0,19
236865,2019-09-30,804,Dornbirn,Frauen,30 bis 34 Jahre,B9999,unbestimmt (nur Pst),1,30,34
236896,2019-09-30,804,Dornbirn,Frauen,40 bis 44 Jahre,B9999,unbestimmt (nur Pst),1,40,44
236920,2019-09-30,804,Dornbirn,Frauen,50 bis 54 Jahre,B9999,unbestimmt (nur Pst),1,50,54
236953,2019-09-30,804,Dornbirn,Männer,bis 19 Jahre,B9999,unbestimmt (nur Pst),1,0,19
236985,2019-09-30,804,Dornbirn,Männer,20 bis 24 Jahre,B9999,unbestimmt (nur Pst),2,20,24
237070,2019-09-30,804,Dornbirn,Männer,50 bis 54 Jahre,B9999,unbestimmt (nur Pst),1,50,54
237076,2019-09-30,804,Dornbirn,Männer,55 bis 59 Jahre,B9999,unbestimmt (nur Pst),1,55,59
237097,2019-09-30,805,Feldkirch,Frauen,bis 19 Jahre,B9999,unbestimmt (nur Pst),5,0,19
237180,2019-09-30,805,Feldkirch,Frauen,35 bis 39 Jahre,B9999,unbestimmt (nur Pst),1,35,39
237255,2019-09-30,805,Feldkirch,Männer,bis 19 Jahre,B9999,unbestimmt (nur Pst),5,0,19
237286,2019-09-30,805,Feldkirch,Männer,20 bis 24 Jahre,B9999,unbestimmt (nur Pst),1,20,24
237314,2019-09-30,805,Feldkirch,Männer,25 bis 29 Jahre,B9999,unbestimmt (nur Pst),1,25,29
237336,2019-09-30,805,Feldkirch,Männer,30 bis 34 Jahre,B9999,unbestimmt (nur Pst),1,30,34
237352,2019-09-30,805,Feldkirch,Männer,35 bis 39 Jahre,B9999,unbestimmt (nur Pst),1,35,39
237676,2019-09-30,958,Wien Johnstraße,Männer,20 bis 24 Jahre,B9999,unbestimmt (nur Pst),2,20,24
238497,2019-09-30,960,Wien Esteplatz,Frauen,20 bis 24 Jahre,B9999,unbestimmt (nur Pst),1,20,24
239092,2019-09-30,962,Wien Redergasse,Frauen,25 bis 29 Jahre,B9999,unbestimmt (nur Pst),1,25,29
239678,2019-09-30,962,Wien Redergasse,Männer,55 bis 59 Jahre,B9999,unbestimmt (nur Pst),1,55,59
240342,2019-09-30,964,Wien Favoritenstraße,Frauen,30 bis 34 Jahre,B9999,unbestimmt (nur Pst),1,30,34
240467,2019-09-30,964,Wien Favoritenstraße,Frauen,45 bis 49 Jahre,B9999,unbestimmt (nur Pst),2,45,49
240596,2019-09-30,964,Wien Favoritenstraße,Männer,20 bis 24 Jahre,B9999,unbestimmt (nur Pst),1,20,24
241263,2019-09-30,965,Wien Schönbrunner Straße,Frauen,50 bis 54 Jahre,B9999,unbestimmt (nur Pst),1,50,54
241356,2019-09-30,965,Wien Schönbrunner Straße,Männer,20 bis 24 Jahre,B9999,unbestimmt (nur Pst),1,20,24
241410,2019-09-30,965,Wien Schönbrunner Straße,Männer,25 bis 29 Jahre,B9999,unbestimmt (nur Pst),1,25,29
241577,2019-09-30,965,Wien Schönbrunner Straße,Männer,40 bis 44 Jahre,B9999,unbestimmt (nur Pst),1,40,44
241842,2019-09-30,966,Wien Hietzinger Kai,Frauen,35 bis 39 Jahre,B9999,unbestimmt (nur Pst),1,35,39
242176,2019-09-30,966,Wien Hietzinger Kai,Männer,40 bis 44 Jahre,B9999,unbestimmt (nur Pst),1,40,44
242266,2019-09-30,966,Wien Hietzinger Kai,Männer,60 bis 64 Jahre,B9999,unbestimmt (nur Pst),1,60,64
242888,2019-09-30,967,Wien Huttengasse,Männer,35 bis 39 Jahre,B9999,unbestimmt (nur Pst),1,35,39
243423,2019-09-30,968,Wien Schloßhofer Straße,Männer,20 bis 24 Jahre,B9999,unbestimmt (nur Pst),1,20,24
243794,2019-09-30,969,Wien-Wagramer Straße,Frauen,30 bis 34 Jahre,B9999,unbestimmt (nur Pst),1,30,34
244410,2019-09-30,970,Wien Jugendliche,Frauen,bis 19 Jahre,B9999,unbestimmt (nur Pst),25,0,19
244486,2019-09-30,970,Wien Jugendliche,Frauen,20 bis 24 Jahre,B9999,unbestimmt (nur Pst),3,20,24
244585,2019-09-30,970,Wien Jugendliche,Männer,bis 19 Jahre,B9999,unbestimmt (nur Pst),18,0,19
244673,2019-09-30,970,Wien Jugendliche,Männer,20 bis 24 Jahre,B9999,unbestimmt (nur Pst),1,20,24
244776,2019-09-30,974,Wien Austria Campus,Frauen,30 bis 34 Jahre,B9999,unbestimmt (nur Pst),1,30,34
245091,2019-09-30,974,Wien Austria Campus,Männer,35 bis 39 Jahre,B9999,unbestimmt (nur Pst),1,35,39
245803,2019-10-31,101,Eisenstadt,Männer,bis 19 Jahre,B9999,unbestimmt (nur Pst),2,0,19
245876,2019-10-31,102,Mattersburg,Frauen,bis 19 Jahre,B9999,unbestimmt (nur Pst),1,0,19
245948,2019-10-31,102,Mattersburg,Männer,bis 19 Jahre,B9999,unbestimmt (nur Pst),1,0,19
245959,2019-10-31,102,Mattersburg,Männer,20 bis 24 Jahre,B9999,unbestimmt (nur Pst),1,20,24
246930,2019-10-31,203,Klagenfurt,Frauen,bis 19 Jahre,B9999,unbestimmt (nur Pst),2,0,19
246961,2019-10-31,203,Klagenfurt,Frauen,20 bis 24 Jahre,B9999,unbestimmt (nur Pst),3,20,24
246982,2019-10-31,203,Klagenfurt,Frauen,25 bis 29 Jahre,B9999,unbestimmt (nur Pst),1,25,29
247046,2019-10-31,203,Klagenfurt,Frauen,35 bis 39 Jahre,B9999,unbestimmt (nur Pst),1,35,39
247112,2019-10-31,203,Klagenfurt,Frauen,50 bis 54 Jahre,B9999,unbestimmt (nur Pst),1,50,54
247154,2019-10-31,203,Klagenfurt,Männer,bis 19 Jahre,B9999,unbestimmt (nur Pst),2,0,19
247194,2019-10-31,203,Klagenfurt,Männer,20 bis 24 Jahre,B9999,unbestimmt (nur Pst),3,20,24
247249,2019-10-31,203,Klagenfurt,Männer,30 bis 34 Jahre,B9999,unbestimmt (nur Pst),2,30,34
247280,2019-10-31,203,Klagenfurt,Männer,40 bis 44 Jahre,B9999,unbestimmt (nur Pst),3,40,44
247299,2019-10-31,203,Klagenfurt,Männer,45 bis 49 Jahre,B9999,unbestimmt (nur Pst),1,45,49
247345,2019-10-31,204,Spittal/Drau,Frauen,bis 19 Jahre,B9999,unbestimmt (nur Pst),2,0,19
247490,2019-10-31,204,Spittal/Drau,Männer,bis 19 Jahre,B9999,unbestimmt (nur Pst),1,0,19
247508,2019-10-31,204,Spittal/Drau,Männer,20 bis 24 Jahre,B9999,unbestimmt (nur Pst),1,20,24
247723,2019-10-31,206,Villach,Frauen,bis 19 Jahre,B9999,unbestimmt (nur Pst),1,0,19
248174,2019-10-31,207,Völkermarkt,Männer,bis 19 Jahre,B9999,unbestimmt (nur Pst),2,0,19
248245,2019-10-31,208,Wolfsberg,Frauen,20 bis 24 Jahre,B9999,unbestimmt (nur Pst),1,20,24
248369,2019-10-31,301,Amstetten,Frauen,bis 19 Jahre,B9999,unbestimmt (nur Pst),6,0,19
248393,2019-10-31,301,Amstetten,Frauen,20 bis 24 Jahre,B9999,unbestimmt (nur Pst),3,20,24
248412,2019-10-31,301,Amstetten,Frauen,25 bis 29 Jahre,B9999,unbestimmt (nur Pst),1,25,29
248428,2019-10-31,301,Amstetten,Frauen,30 bis 34 Jahre,B9999,unbestimmt (nur Pst),1,30,34
248447,2019-10-31,301,Amstetten,Frauen,35 bis 39 Jahre,B9999,unbestimmt (nur Pst),1,35,39
248519,2019-10-31,301,Amstetten,Männer,bis 19 Jahre,B9999,unbestimmt (nur Pst),10,0,19
248566,2019-10-31,301,Amstetten,Männer,25 bis 29 Jahre,B9999,unbestimmt (nur Pst),2,25,29
248654,2019-10-31,304,Baden neu,Frauen,bis 19 Jahre,B9999,unbestimmt (nur Pst),5,0,19
248684,2019-10-31,304,Baden neu,Frauen,20 bis 24 Jahre,B9999,unbestimmt (nur Pst),4,20,24
248756,2019-10-31,304,Baden neu,Frauen,35 bis 39 Jahre,B9999,unbestimmt (nur Pst),1,35,39
248819,2019-10-31,304,Baden neu,Frauen,50 bis 54 Jahre,B9999,unbestimmt (nur Pst),1,50,54
248857,2019-10-31,304,Baden neu,Männer,bis 19 Jahre,B9999,unbestimmt (nur Pst),9,0,19
248901,2019-10-31,304,Baden neu,Männer,20 bis 24 Jahre,B9999,unbestimmt (nur Pst),2,20,24
248924,2019-10-31,304,Baden neu,Männer,25 bis 29 Jahre,B9999,unbestimmt (nur Pst),1,25,29
248946,2019-10-31,304,Baden neu,Männer,30 bis 34 Jahre,B9999,unbestimmt (nur Pst),2,30,34
249044,2019-10-31,306,Bruck/Leitha,Frauen,bis 19 Jahre,B9999,unbestimmt (nur Pst),3,0,19
249055,2019-10-31,306,Bruck/Leitha,Frauen,20 bis 24 Jahre,B9999,unbestimmt (nur Pst),1,20,24
249130,2019-10-31,306,Bruck/Leitha,Männer,bis 19 Jahre,B9999,unbestimmt (nur Pst),6,0,19
249204,2019-10-31,308,Gänserndorf,Frauen,bis 19 Jahre,B9999,unbestimmt (nur Pst),4,0,19
249246,2019-10-31,308,Gänserndorf,Frauen,20 bis 24 Jahre,B9999,unbestimmt (nur Pst),2,20,24
249403,2019-10-31,308,Gänserndorf,Männer,bis 19 Jahre,B9999,unbestimmt (nur Pst),5,0,19
249450,2019-10-31,308,Gänserndorf,Männer,20 bis 24 Jahre,B9999,unbestimmt (nur Pst),2,20,24
249552,2019-10-31,311,Gmünd,Frauen,bis 19 Jahre,B9999,unbestimmt (nur Pst),1,0,19
249678,2019-10-31,312,Hollabrunn,Frauen,bis 19 Jahre,B9999,unbestimmt (nur Pst),3,0,19
249689,2019-10-31,312,Hollabrunn,Frauen,20 bis 24 Jahre,B9999,unbestimmt (nur Pst),1,20,24
249830,2019-10-31,313,Horn,Frauen,bis 19 Jahre,B9999,unbestimmt (nur Pst),1,0,19
249839,2019-10-31,313,Horn,Frauen,20 bis 24 Jahre,B9999,unbestimmt (nur Pst),1,20,24
249882,2019-10-31,313,Horn,Männer,bis 19 Jahre,B9999,unbestimmt (nur Pst),5,0,19
249891,2019-10-31,313,Horn,Männer,20 bis 24 Jahre,B9999,unbestimmt (nur Pst),2,20,24
249897,2019-10-31,313,Horn,Männer,25 bis 29 Jahre,B9999,unbestimmt (nur Pst),1,25,29
249925,2019-10-31,314,Korneuburg,Frauen,bis 19 Jahre,B9999,unbestimmt (nur Pst),1,0,19
249948,2019-10-31,314,Korneuburg,Frauen,20 bis 24 Jahre,B9999,unbestimmt (nur Pst),1,20,24
249978,2019-10-31,314,Korneuburg,Frauen,30 bis 34 Jahre,B9999,unbestimmt (nur Pst),1,30,34
250048,2019-10-31,314,Korneuburg,Frauen,50 bis 54 Jahre,B9999,unbestimmt (nur Pst),1,50,54
250083,2019-10-31,314,Korneuburg,Männer,bis 19 Jahre,B9999,unbestimmt (nur Pst),8,0,19
250198,2019-10-31,315,Krems,Frauen,bis 19 Jahre,B9999,unbestimmt (nur Pst),4,0,19
250219,2019-10-31,315,Krems,Frauen,20 bis 24 Jahre,B9999,unbestimmt (nur Pst),1,20,24
250268,2019-10-31,315,Krems,Frauen,35 bis 39 Jahre,B9999,unbestimmt (nur Pst),1,35,39
250337,2019-10-31,315,Krems,Männer,bis 19 Jahre,B9999,unbestimmt (nur Pst),1,0,19
250355,2019-10-31,315,Krems,Männer,20 bis 24 Jahre,B9999,unbestimmt (nur Pst),2,20,24
250438,2019-10-31,316,Lilienfeld,Frauen,bis 19 Jahre,B9999,unbestimmt (nur Pst),2,0,19
250445,2019-10-31,316,Lilienfeld,Frauen,20 bis 24 Jahre,B9999,unbestimmt (nur Pst),1,20,24
250457,2019-10-31,316,Lilienfeld,Frauen,25 bis 29 Jahre,B9999,unbestimmt (nur Pst),1,25,29
250466,2019-10-31,316,Lilienfeld,Frauen,30 bis 34 Jahre,B9999,unbestimmt (nur Pst),1,30,34
250494,2019-10-31,316,Lilienfeld,Frauen,45 bis 49 Jahre,B9999,unbestimmt (nur Pst),1,45,49
250501,2019-10-31,316,Lilienfeld,Frauen,50 bis 54 Jahre,B9999,unbestimmt (nur Pst),1,50,54
250518,2019-10-31,316,Lilienfeld,Männer,bis 19 Jahre,B9999,unbestimmt (nur Pst),2,0,19
250646,2019-10-31,317,Melk,Frauen,40 bis 44 Jahre,B9999,unbestimmt (nur Pst),1,40,44
250785,2019-10-31,319,Mistelbach,Frauen,bis 19 Jahre,B9999,unbestimmt (nur Pst),7,0,19
250814,2019-10-31,319,Mistelbach,Frauen,25 bis 29 Jahre,B9999,unbestimmt (nur Pst),1,25,29
250826,2019-10-31,319,Mistelbach,Frauen,30 bis 34 Jahre,B9999,unbestimmt (nur Pst),1,30,34
250853,2019-10-31,319,Mistelbach,Frauen,40 bis 44 Jahre,B9999,unbestimmt (nur Pst),1,40,44
250907,2019-10-31,319,Mistelbach,Männer,bis 19 Jahre,B9999,unbestimmt (nur Pst),5,0,19
250993,2019-10-31,321,Mödling,Frauen,bis 19 Jahre,B9999,unbestimmt (nur Pst),1,0,19
251017,2019-10-31,321,Mödling,Frauen,20 bis 24 Jahre,B9999,unbestimmt (nur Pst),3,20,24
251126,2019-10-31,321,Mödling,Frauen,50 bis 54 Jahre,B9999,unbestimmt (nur Pst),1,50,54
251159,2019-10-31,321,Mödling,Männer,bis 19 Jahre,B9999,unbestimmt (nur Pst),6,0,19
251188,2019-10-31,321,Mödling,Männer,20 bis 24 Jahre,B9999,unbestimmt (nur Pst),2,20,24
251303,2019-10-31,323,Neunkirchen,Frauen,bis 19 Jahre,B9999,unbestimmt (nur Pst),2,0,19
251595,2019-10-31,326,St. Pölten,Frauen,bis 19 Jahre,B9999,unbestimmt (nur Pst),8,0,19
251628,2019-10-31,326,St. Pölten,Frauen,20 bis 24 Jahre,B9999,unbestimmt (nur Pst),2,20,24
251738,2019-10-31,326,St. Pölten,Frauen,40 bis 44 Jahre,B9999,unbestimmt (nur Pst),1,40,44
251789,2019-10-31,326,St. Pölten,Frauen,50 bis 54 Jahre,B9999,unbestimmt (nur Pst),1,50,54
251798,2019-10-31,326,St. Pölten,Frauen,55 bis 59 Jahre,B9999,unbestimmt (nur Pst),1,55,59
251834,2019-10-31,326,St. Pölten,Männer,bis 19 Jahre,B9999,unbestimmt (nur Pst),9,0,19
251875,2019-10-31,326,St. Pölten,Männer,20 bis 24 Jahre,B9999,unbestimmt (nur Pst),1,20,24
252040,2019-10-31,326,St. Pölten,Männer,50 bis 54 Jahre,B9999,unbestimmt (nur Pst),1,50,54
252051,2019-10-31,326,St. Pölten,Männer,55 bis 59 Jahre,B9999,unbestimmt (nur Pst),1,55,59
252073,2019-10-31,328,Scheibbs,Frauen,20 bis 24 Jahre,B9999,unbestimmt (nur Pst),2,20,24
252120,2019-10-31,328,Scheibbs,Männer,bis 19 Jahre,B9999,unbestimmt (nur Pst),1,0,19
252169,2019-10-31,329,Schwechat,Frauen,bis 19 Jahre,B9999,unbestimmt (nur Pst),2,0,19
252391,2019-10-31,331,Tulln,Frauen,bis 19 Jahre,B9999,unbestimmt (nur Pst),10,0,19
252413,2019-10-31,331,Tulln,Frauen,20 bis 24 Jahre,B9999,unbestimmt (nur Pst),3,20,24
252430,2019-10-31,331,Tulln,Frauen,25 bis 29 Jahre,B9999,unbestimmt (nur Pst),1,25,29
252445,2019-10-31,331,Tulln,Frauen,30 bis 34 Jahre,B9999,unbestimmt (nur Pst),1,30,34
252467,2019-10-31,331,Tulln,Frauen,35 bis 39 Jahre,B9999,unbestimmt (nur Pst),1,35,39
252537,2019-10-31,331,Tulln,Männer,bis 19 Jahre,B9999,unbestimmt (nur Pst),12,0,19
252561,2019-10-31,331,Tulln,Männer,20 bis 24 Jahre,B9999,unbestimmt (nur Pst),4,20,24
252573,2019-10-31,331,Tulln,Männer,25 bis 29 Jahre,B9999,unbestimmt (nur Pst),1,25,29
252636,2019-10-31,331,Tulln,Männer,55 bis 59 Jahre,B9999,unbestimmt (nur Pst),1,55,59
252649,2019-10-31,332,Waidhofen/Thaya,Frauen,bis 19 Jahre,B9999,unbestimmt (nur Pst),1,0,19
252662,2019-10-31,332,Waidhofen/Thaya,Frauen,20 bis 24 Jahre,B9999,unbestimmt (nur Pst),1,20,24
252703,2019-10-31,332,Waidhofen/Thaya,Männer,bis 19 Jahre,B9999,unbestimmt (nur Pst),1,0,19
252784,2019-10-31,333,Waidhofen/Ybbs,Männer,bis 19 Jahre,B9999,unbestimmt (nur Pst),2,0,19
252831,2019-10-31,334,Wr. Neustadt,Frauen,bis 19 Jahre,B9999,unbestimmt (nur Pst),6,0,19
252857,2019-10-31,334,Wr. Neustadt,Frauen,20 bis 24 Jahre,B9999,unbestimmt (nur Pst),1,20,24
252886,2019-10-31,334,Wr. Neustadt,Frauen,25 bis 29 Jahre,B9999,unbestimmt (nur Pst),1,25,29
252992,2019-10-31,334,Wr. Neustadt,Frauen,50 bis 54 Jahre,B9999,unbestimmt (nur Pst),1,50,54
253035,2019-10-31,334,Wr. Neustadt,Männer,bis 19 Jahre,B9999,unbestimmt (nur Pst),2,0,19
253216,2019-10-31,335,Zwettl,Frauen,bis 19 Jahre,B9999,unbestimmt (nur Pst),1,0,19
253324,2019-10-31,401,Braunau,Frauen,bis 19 Jahre,B9999,unbestimmt (nur Pst),9,0,19
253352,2019-10-31,401,Braunau,Frauen,20 bis 24 Jahre,B9999,unbestimmt (nur Pst),1,20,24
253377,2019-10-31,401,Braunau,Frauen,25 bis 29 Jahre,B9999,unbestimmt (nur Pst),2,25,29
253479,2019-10-31,401,Braunau,Männer,bis 19 Jahre,B9999,unbestimmt (nur Pst),17,0,19
253506,2019-10-31,401,Braunau,Männer,20 bis 24 Jahre,B9999,unbestimmt (nur Pst),7,20,24
253519,2019-10-31,401,Braunau,Männer,25 bis 29 Jahre,B9999,unbestimmt (nur Pst),1,25,29
253535,2019-10-31,401,Braunau,Männer,30 bis 34 Jahre,B9999,unbestimmt (nur Pst),1,30,34
253620,2019-10-31,402,Eferding,Frauen,20 bis 24 Jahre,B9999,unbestimmt (nur Pst),1,20,24
253941,2019-10-31,404,Gmunden,Frauen,bis 19 Jahre,B9999,unbestimmt (nur Pst),3,0,19
254080,2019-10-31,404,Gmunden,Männer,bis 19 Jahre,B9999,unbestimmt (nur Pst),6,0,19
254226,2019-10-31,406,Grieskirchen,Frauen,bis 19 Jahre,B9999,unbestimmt (nur Pst),1,0,19
254345,2019-10-31,406,Grieskirchen,Männer,20 bis 24 Jahre,B9999,unbestimmt (nur Pst),1,20,24
254406,2019-10-31,407,Kirchdorf/Krems,Frauen,bis 19 Jahre,B9999,unbestimmt (nur Pst),4,0,19
254427,2019-10-31,407,Kirchdorf/Krems,Frauen,20 bis 24 Jahre,B9999,unbestimmt (nur Pst),1,20,24
254441,2019-10-31,407,Kirchdorf/Krems,Frauen,25 bis 29 Jahre,B9999,unbestimmt (nur Pst),1,25,29
254462,2019-10-31,407,Kirchdorf/Krems,Frauen,35 bis 39 Jahre,B9999,unbestimmt (nur Pst),1,35,39
254508,2019-10-31,407,Kirchdorf/Krems,Männer,bis 19 Jahre,B9999,unbestimmt (nur Pst),3,0,19
254612,2019-10-31,409,Linz neu,Frauen,bis 19 Jahre,B9999,unbestimmt (nur Pst),15,0,19
254660,2019-10-31,409,Linz neu,Frauen,20 bis 24 Jahre,B9999,unbestimmt (nur Pst),9,20,24
254698,2019-10-31,409,Linz neu,Frauen,25 bis 29 Jahre,B9999,unbestimmt (nur Pst),5,25,29
254740,2019-10-31,409,Linz neu,Frauen,30 bis 34 Jahre,B9999,unbestimmt (nur Pst),1,30,34
254784,2019-10-31,409,Linz neu,Frauen,35 bis 39 Jahre,B9999,unbestimmt (nur Pst),4,35,39
254824,2019-10-31,409,Linz neu,Frauen,40 bis 44 Jahre,B9999,unbestimmt (nur Pst),2,40,44
254942,2019-10-31,409,Linz neu,Männer,bis 19 Jahre,B9999,unbestimmt (nur Pst),33,0,19
255012,2019-10-31,409,Linz neu,Männer,20 bis 24 Jahre,B9999,unbestimmt (nur Pst),6,20,24
255108,2019-10-31,409,Linz neu,Männer,30 bis 34 Jahre,B9999,unbestimmt (nur Pst),1,30,34
255154,2019-10-31,409,Linz neu,Männer,35 bis 39 Jahre,B9999,unbestimmt (nur Pst),2,35,39
255193,2019-10-31,409,Linz neu,Männer,40 bis 44 Jahre,B9999,unbestimmt (nur Pst),1,40,44
255231,2019-10-31,409,Linz neu,Männer,45 bis 49 Jahre,B9999,unbestimmt (nur Pst),2,45,49
255261,2019-10-31,409,Linz neu,Männer,50 bis 54 Jahre,B9999,unbestimmt (nur Pst),1,50,54
255283,2019-10-31,409,Linz neu,Männer,55 bis 59 Jahre,B9999,unbestimmt (nur Pst),3,55,59
255302,2019-10-31,411,Perg,Frauen,bis 19 Jahre,B9999,unbestimmt (nur Pst),1,0,19
255312,2019-10-31,411,Perg,Frauen,20 bis 24 Jahre,B9999,unbestimmt (nur Pst),1,20,24
255360,2019-10-31,411,Perg,Frauen,35 bis 39 Jahre,B9999,unbestimmt (nur Pst),1,35,39
255386,2019-10-31,411,Perg,Frauen,45 bis 49 Jahre,B9999,unbestimmt (nur Pst),1,45,49
255422,2019-10-31,411,Perg,Männer,bis 19 Jahre,B9999,unbestimmt (nur Pst),1,0,19
255532,2019-10-31,412,Ried im Innkreis,Frauen,bis 19 Jahre,B9999,unbestimmt (nur Pst),3,0,19
255551,2019-10-31,412,Ried im Innkreis,Frauen,20 bis 24 Jahre,B9999,unbestimmt (nur Pst),1,20,24
255590,2019-10-31,412,Ried im Innkreis,Frauen,30 bis 34 Jahre,B9999,unbestimmt (nur Pst),2,30,34
255605,2019-10-31,412,Ried im Innkreis,Frauen,35 bis 39 Jahre,B9999,unbestimmt (nur Pst),1,35,39
255639,2019-10-31,412,Ried im Innkreis,Frauen,50 bis 54 Jahre,B9999,unbestimmt (nur Pst),1,50,54
255672,2019-10-31,412,Ried im Innkreis,Männer,bis 19 Jahre,B9999,unbestimmt (nur Pst),5,0,19
255695,2019-10-31,412,Ried im Innkreis,Männer,20 bis 24 Jahre,B9999,unbestimmt (nur Pst),3,20,24
255722,2019-10-31,412,Ried im Innkreis,Männer,30 bis 34 Jahre,B9999,unbestimmt (nur Pst),1,30,34
255786,2019-10-31,412,Ried im Innkreis,Männer,60 bis 64 Jahre,B9999,unbestimmt (nur Pst),1,60,64
255793,2019-10-31,413,Rohrbach,Frauen,bis 19 Jahre,B9999,unbestimmt (nur Pst),1,0,19
255805,2019-10-31,413,Rohrbach,Frauen,20 bis 24 Jahre,B9999,unbestimmt (nur Pst),1,20,24
255823,2019-10-31,413,Rohrbach,Frauen,25 bis 29 Jahre,B9999,unbestimmt (nur Pst),1,25,29
255837,2019-10-31,413,Rohrbach,Frauen,30 bis 34 Jahre,B9999,unbestimmt (nur Pst),1,30,34
255890,2019-10-31,413,Rohrbach,Männer,bis 19 Jahre,B9999,unbestimmt (nur Pst),1,0,19
255901,2019-10-31,413,Rohrbach,Männer,20 bis 24 Jahre,B9999,unbestimmt (nur Pst),1,20,24
255938,2019-10-31,413,Rohrbach,Männer,40 bis 44 Jahre,B9999,unbestimmt (nur Pst),1,40,44
255984,2019-10-31,414,Schärding,Frauen,30 bis 34 Jahre,B9999,unbestimmt (nur Pst),1,30,34
256141,2019-10-31,415,Steyr,Frauen,bis 19 Jahre,B9999,unbestimmt (nur Pst),9,0,19
256174,2019-10-31,415,Steyr,Frauen,20 bis 24 Jahre,B9999,unbestimmt (nur Pst),3,20,24
256203,2019-10-31,415,Steyr,Frauen,25 bis 29 Jahre,B9999,unbestimmt (nur Pst),1,25,29
256239,2019-10-31,415,Steyr,Frauen,35 bis 39 Jahre,B9999,unbestimmt (nur Pst),1,35,39
256283,2019-10-31,415,Steyr,Frauen,45 bis 49 Jahre,B9999,unbestimmt (nur Pst),1,45,49
256340,2019-10-31,415,Steyr,Männer,bis 19 Jahre,B9999,unbestimmt (nur Pst),9,0,19
256377,2019-10-31,415,Steyr,Männer,20 bis 24 Jahre,B9999,unbestimmt (nur Pst),2,20,24
256412,2019-10-31,415,Steyr,Männer,30 bis 34 Jahre,B9999,unbestimmt (nur Pst),1,30,34
256485,2019-10-31,418,Vöcklabruck,Frauen,bis 19 Jahre,B9999,unbestimmt (nur Pst),9,0,19
256503,2019-10-31,418,Vöcklabruck,Frauen,20 bis 24 Jahre,B9999,unbestimmt (nur Pst),4,20,24
256687,2019-10-31,418,Vöcklabruck,Männer,bis 19 Jahre,B9999,unbestimmt (nur Pst),9,0,19
256715,2019-10-31,418,Vöcklabruck,Männer,20 bis 24 Jahre,B9999,unbestimmt (nur Pst),1,20,24
256886,2019-10-31,419,Wels,Frauen,20 bis 24 Jahre,B9999,unbestimmt (nur Pst),2,20,24
256956,2019-10-31,419,Wels,Frauen,35 bis 39 Jahre,B9999,unbestimmt (nur Pst),3,35,39
256990,2019-10-31,419,Wels,Frauen,45 bis 49 Jahre,B9999,unbestimmt (nur Pst),1,45,49
257052,2019-10-31,419,Wels,Männer,bis 19 Jahre,B9999,unbestimmt (nur Pst),2,0,19
257138,2019-10-31,419,Wels,Männer,35 bis 39 Jahre,B9999,unbestimmt (nur Pst),1,35,39
257193,2019-10-31,419,Wels,Männer,50 bis 54 Jahre,B9999,unbestimmt (nur Pst),1,50,54
257242,2019-10-31,421,Traun,Frauen,bis 19 Jahre,B9999,unbestimmt (nur Pst),2,0,19
257267,2019-10-31,421,Traun,Frauen,20 bis 24 Jahre,B9999,unbestimmt (nur Pst),2,20,24
257295,2019-10-31,421,Traun,Frauen,25 bis 29 Jahre,B9999,unbestimmt (nur Pst),1,25,29
257318,2019-10-31,421,Traun,Frauen,30 bis 34 Jahre,B9999,unbestimmt (nur Pst),1,30,34
257356,2019-10-31,421,Traun,Frauen,35 bis 39 Jahre,B9999,unbestimmt (nur Pst),3,35,39
257439,2019-10-31,421,Traun,Frauen,55 bis 59 Jahre,B9999,unbestimmt (nur Pst),1,55,59
257477,2019-10-31,421,Traun,Männer,bis 19 Jahre,B9999,unbestimmt (nur Pst),2,0,19
257505,2019-10-31,421,Traun,Männer,20 bis 24 Jahre,B9999,unbestimmt (nur Pst),2,20,24
257547,2019-10-31,421,Traun,Männer,30 bis 34 Jahre,B9999,unbestimmt (nur Pst),1,30,34
257636,2019-10-31,421,Traun,Männer,55 bis 59 Jahre,B9999,unbestimmt (nur Pst),1,55,59
257707,2019-10-31,501,Bischofshofen,Frauen,30 bis 34 Jahre,B9999,unbestimmt (nur Pst),1,30,34
257730,2019-10-31,501,Bischofshofen,Frauen,35 bis 39 Jahre,B9999,unbestimmt (nur Pst),2,35,39
257747,2019-10-31,501,Bischofshofen,Frauen,40 bis 44 Jahre,B9999,unbestimmt (nur Pst),2,40,44
257777,2019-10-31,501,Bischofshofen,Frauen,55 bis 59 Jahre,B9999,unbestimmt (nur Pst),1,55,59
257801,2019-10-31,501,Bischofshofen,Männer,bis 19 Jahre,B9999,unbestimmt (nur Pst),2,0,19
257841,2019-10-31,501,Bischofshofen,Männer,30 bis 34 Jahre,B9999,unbestimmt (nur Pst),1,30,34
257978,2019-10-31,503,Hallein,Frauen,50 bis 54 Jahre,B9999,unbestimmt (nur Pst),1,50,54
257997,2019-10-31,503,Hallein,Männer,bis 19 Jahre,B9999,unbestimmt (nur Pst),1,0,19
258084,2019-10-31,504,Salzburg,Frauen,bis 19 Jahre,B9999,unbestimmt (nur Pst),1,0,19
258126,2019-10-31,504,Salzburg,Frauen,20 bis 24 Jahre,B9999,unbestimmt (nur Pst),1,20,24
258168,2019-10-31,504,Salzburg,Frauen,25 bis 29 Jahre,B9999,unbestimmt (nur Pst),1,25,29
258251,2019-10-31,504,Salzburg,Frauen,35 bis 39 Jahre,B9999,unbestimmt (nur Pst),1,35,39
258281,2019-10-31,504,Salzburg,Frauen,40 bis 44 Jahre,B9999,unbestimmt (nur Pst),1,40,44
258309,2019-10-31,504,Salzburg,Frauen,45 bis 49 Jahre,B9999,unbestimmt (nur Pst),2,45,49
258335,2019-10-31,504,Salzburg,Frauen,50 bis 54 Jahre,B9999,unbestimmt (nur Pst),1,50,54
258604,2019-10-31,504,Salzburg,Männer,40 bis 44 Jahre,B9999,unbestimmt (nur Pst),1,40,44
258663,2019-10-31,504,Salzburg,Männer,50 bis 54 Jahre,B9999,unbestimmt (nur Pst),2,50,54
258691,2019-10-31,504,Salzburg,Männer,55 bis 59 Jahre,B9999,unbestimmt (nur Pst),1,55,59
258747,2019-10-31,506,Zell am See,Frauen,bis 19 Jahre,B9999,unbestimmt (nur Pst),1,0,19
258773,2019-10-31,506,Zell am See,Frauen,25 bis 29 Jahre,B9999,unbestimmt (nur Pst),3,25,29
258826,2019-10-31,506,Zell am See,Frauen,45 bis 49 Jahre,B9999,unbestimmt (nur Pst),2,45,49
258855,2019-10-31,506,Zell am See,Männer,bis 19 Jahre,B9999,unbestimmt (nur Pst),5,0,19
258874,2019-10-31,506,Zell am See,Männer,20 bis 24 Jahre,B9999,unbestimmt (nur Pst),1,20,24
258934,2019-10-31,601,Bruck/Mur,Frauen,bis 19 Jahre,B9999,unbestimmt (nur Pst),4,0,19
258953,2019-10-31,601,Bruck/Mur,Frauen,20 bis 24 Jahre,B9999,unbestimmt (nur Pst),3,20,24
259032,2019-10-31,601,Bruck/Mur,Frauen,50 bis 54 Jahre,B9999,unbestimmt (nur Pst),1,50,54
259059,2019-10-31,601,Bruck/Mur,Männer,bis 19 Jahre,B9999,unbestimmt (nur Pst),3,0,19
259385,2019-10-31,604,Feldbach,Frauen,bis 19 Jahre,B9999,unbestimmt (nur Pst),2,0,19
259535,2019-10-31,604,Feldbach,Männer,bis 19 Jahre,B9999,unbestimmt (nur Pst),1,0,19
259636,2019-10-31,606,Gleisdorf,Frauen,bis 19 Jahre,B9999,unbestimmt (nur Pst),1,0,19
259655,2019-10-31,606,Gleisdorf,Frauen,20 bis 24 Jahre,B9999,unbestimmt (nur Pst),2,20,24
259747,2019-10-31,606,Gleisdorf,Männer,bis 19 Jahre,B9999,unbestimmt (nur Pst),3,0,19
259808,2019-10-31,609,Hartberg,Frauen,bis 19 Jahre,B9999,unbestimmt (nur Pst),7,0,19
259848,2019-10-31,609,Hartberg,Frauen,25 bis 29 Jahre,B9999,unbestimmt (nur Pst),1,25,29
259974,2019-10-31,609,Hartberg,Männer,bis 19 Jahre,B9999,unbestimmt (nur Pst),1,0,19
259996,2019-10-31,609,Hartberg,Männer,20 bis 24 Jahre,B9999,unbestimmt (nur Pst),1,20,24
260029,2019-10-31,609,Hartberg,Männer,30 bis 34 Jahre,B9999,unbestimmt (nur Pst),1,30,34
260107,2019-10-31,610,Judenburg,Frauen,bis 19 Jahre,B9999,unbestimmt (nur Pst),1,0,19
260124,2019-10-31,610,Judenburg,Frauen,20 bis 24 Jahre,B9999,unbestimmt (nur Pst),2,20,24
260144,2019-10-31,610,Judenburg,Frauen,25 bis 29 Jahre,B9999,unbestimmt (nur Pst),2,25,29
260155,2019-10-31,610,Judenburg,Frauen,30 bis 34 Jahre,B9999,unbestimmt (nur Pst),1,30,34
260211,2019-10-31,610,Judenburg,Frauen,50 bis 54 Jahre,B9999,unbestimmt (nur Pst),1,50,54
260232,2019-10-31,610,Judenburg,Männer,bis 19 Jahre,B9999,unbestimmt (nur Pst),5,0,19
260257,2019-10-31,610,Judenburg,Männer,20 bis 24 Jahre,B9999,unbestimmt (nur Pst),2,20,24
260283,2019-10-31,610,Judenburg,Männer,30 bis 34 Jahre,B9999,unbestimmt (nur Pst),1,30,34
260342,2019-10-31,611,Murau,Frauen,bis 19 Jahre,B9999,unbestimmt (nur Pst),2,0,19
260349,2019-10-31,611,Murau,Frauen,20 bis 24 Jahre,B9999,unbestimmt (nur Pst),3,20,24
260402,2019-10-31,611,Murau,Männer,bis 19 Jahre,B9999,unbestimmt (nur Pst),1,0,19
260422,2019-10-31,611,Murau,Männer,35 bis 39 Jahre,B9999,unbestimmt (nur Pst),1,35,39
260454,2019-10-31,614,Leibnitz,Frauen,bis 19 Jahre,B9999,unbestimmt (nur Pst),4,0,19
260484,2019-10-31,614,Leibnitz,Frauen,20 bis 24 Jahre,B9999,unbestimmt (nur Pst),1,20,24
260617,2019-10-31,614,Leibnitz,Männer,bis 19 Jahre,B9999,unbestimmt (nur Pst),1,0,19
260637,2019-10-31,614,Leibnitz,Männer,20 bis 24 Jahre,B9999,unbestimmt (nur Pst),1,20,24
260734,2019-10-31,616,Leoben,Frauen,bis 19 Jahre,B9999,unbestimmt (nur Pst),2,0,19
260760,2019-10-31,616,Leoben,Frauen,20 bis 24 Jahre,B9999,unbestimmt (nur Pst),1,20,24
260780,2019-10-31,616,Leoben,Frauen,25 bis 29 Jahre,B9999,unbestimmt (nur Pst),1,25,29
260828,2019-10-31,616,Leoben,Frauen,40 bis 44 Jahre,B9999,unbestimmt (nur Pst),1,40,44
260874,2019-10-31,616,Leoben,Männer,bis 19 Jahre,B9999,unbestimmt (nur Pst),1,0,19
260893,2019-10-31,616,Leoben,Männer,20 bis 24 Jahre,B9999,unbestimmt (nur Pst),2,20,24
260975,2019-10-31,618,Liezen,Frauen,bis 19 Jahre,B9999,unbestimmt (nur Pst),1,0,19
261184,2019-10-31,621,Mürzzuschlag,Frauen,bis 19 Jahre,B9999,unbestimmt (nur Pst),3,0,19
261205,2019-10-31,621,Mürzzuschlag,Frauen,20 bis 24 Jahre,B9999,unbestimmt (nur Pst),2,20,24
261238,2019-10-31,621,Mürzzuschlag,Frauen,40 bis 44 Jahre,B9999,unbestimmt (nur Pst),1,40,44
261271,2019-10-31,621,Mürzzuschlag,Männer,bis 19 Jahre,B9999,unbestimmt (nur Pst),2,0,19
261299,2019-10-31,621,Mürzzuschlag,Männer,25 bis 29 Jahre,B9999,unbestimmt (nur Pst),1,25,29
261361,2019-10-31,622,Voitsberg,Frauen,bis 19 Jahre,B9999,unbestimmt (nur Pst),3,0,19
261384,2019-10-31,622,Voitsberg,Frauen,20 bis 24 Jahre,B9999,unbestimmt (nur Pst),1,20,24
261562,2019-10-31,623,Weiz,Frauen,bis 19 Jahre,B9999,unbestimmt (nur Pst),1,0,19
261579,2019-10-31,623,Weiz,Frauen,25 bis 29 Jahre,B9999,unbestimmt (nur Pst),1,25,29
261611,2019-10-31,623,Weiz,Frauen,45 bis 49 Jahre,B9999,unbestimmt (nur Pst),1,45,49
261647,2019-10-31,623,Weiz,Männer,20 bis 24 Jahre,B9999,unbestimmt (nur Pst),1,20,24
261678,2019-10-31,623,Weiz,Männer,45 bis 49 Jahre,B9999,unbestimmt (nur Pst),1,45,49
261732,2019-10-31,630,Graz-West und Umgebung,Frauen,bis 19 Jahre,B9999,unbestimmt (nur Pst),13,0,19
261793,2019-10-31,630,Graz-West und Umgebung,Frauen,20 bis 24 Jahre,B9999,unbestimmt (nur Pst),6,20,24
261848,2019-10-31,630,Graz-West und Umgebung,Frauen,25 bis 29 Jahre,B9999,unbestimmt (nur Pst),1,25,29
261895,2019-10-31,630,Graz-West und Umgebung,Frauen,30 bis 34 Jahre,B9999,unbestimmt (nur Pst),1,30,34
261990,2019-10-31,630,Graz-West und Umgebung,Frauen,40 bis 44 Jahre,B9999,unbestimmt (nur Pst),1,40,44
262122,2019-10-31,630,Graz-West und Umgebung,Männer,bis 19 Jahre,B9999,unbestimmt (nur Pst),11,0,19
262199,2019-10-31,630,Graz-West und Umgebung,Männer,20 bis 24 Jahre,B9999,unbestimmt (nur Pst),3,20,24
262254,2019-10-31,630,Graz-West und Umgebung,Männer,25 bis 29 Jahre,B9999,unbestimmt (nur Pst),1,25,29
262341,2019-10-31,630,Graz-West und Umgebung,Männer,35 bis 39 Jahre,B9999,unbestimmt (nur Pst),1,35,39
262472,2019-10-31,631,Graz-Ost,Frauen,bis 19 Jahre,B9999,unbestimmt (nur Pst),3,0,19
262500,2019-10-31,631,Graz-Ost,Frauen,20 bis 24 Jahre,B9999,unbestimmt (nur Pst),3,20,24
262579,2019-10-31,631,Graz-Ost,Frauen,30 bis 34 Jahre,B9999,unbestimmt (nur Pst),1,30,34
262615,2019-10-31,631,Graz-Ost,Frauen,35 bis 39 Jahre,B9999,unbestimmt (nur Pst),2,35,39
262737,2019-10-31,631,Graz-Ost,Männer,bis 19 Jahre,B9999,unbestimmt (nur Pst),9,0,19
262782,2019-10-31,631,Graz-Ost,Männer,20 bis 24 Jahre,B9999,unbestimmt (nur Pst),1,20,24
262953,2019-10-31,701,Imst,Frauen,bis 19 Jahre,B9999,unbestimmt (nur Pst),1,0,19
263017,2019-10-31,701,Imst,Männer,bis 19 Jahre,B9999,unbestimmt (nur Pst),2,0,19
263060,2019-10-31,702,Innsbruck,Frauen,bis 19 Jahre,B9999,unbestimmt (nur Pst),3,0,19
263082,2019-10-31,702,Innsbruck,Frauen,20 bis 24 Jahre,B9999,unbestimmt (nur Pst),2,20,24
263107,2019-10-31,702,Innsbruck,Frauen,25 bis 29 Jahre,B9999,unbestimmt (nur Pst),4,25,29
263173,2019-10-31,702,Innsbruck,Frauen,35 bis 39 Jahre,B9999,unbestimmt (nur Pst),2,35,39
263214,2019-10-31,702,Innsbruck,Frauen,45 bis 49 Jahre,B9999,unbestimmt (nur Pst),3,45,49
263247,2019-10-31,702,Innsbruck,Frauen,55 bis 59 Jahre,B9999,unbestimmt (nur Pst),1,55,59
263278,2019-10-31,702,Innsbruck,Männer,bis 19 Jahre,B9999,unbestimmt (nur Pst),1,0,19
263370,2019-10-31,702,Innsbruck,Männer,30 bis 34 Jahre,B9999,unbestimmt (nur Pst),1,30,34
263395,2019-10-31,702,Innsbruck,Männer,35 bis 39 Jahre,B9999,unbestimmt (nur Pst),5,35,39
263419,2019-10-31,702,Innsbruck,Männer,40 bis 44 Jahre,B9999,unbestimmt (nur Pst),1,40,44
263441,2019-10-31,702,Innsbruck,Männer,45 bis 49 Jahre,B9999,unbestimmt (nur Pst),1,45,49
263620,2019-10-31,705,Kufstein,Frauen,bis 19 Jahre,B9999,unbestimmt (nur Pst),3,0,19
263636,2019-10-31,705,Kufstein,Frauen,20 bis 24 Jahre,B9999,unbestimmt (nur Pst),1,20,24
263653,2019-10-31,705,Kufstein,Frauen,25 bis 29 Jahre,B9999,unbestimmt (nur Pst),1,25,29
263665,2019-10-31,705,Kufstein,Frauen,30 bis 34 Jahre,B9999,unbestimmt (nur Pst),1,30,34
263744,2019-10-31,705,Kufstein,Männer,bis 19 Jahre,B9999,unbestimmt (nur Pst),8,0,19
263783,2019-10-31,705,Kufstein,Männer,25 bis 29 Jahre,B9999,unbestimmt (nur Pst),1,25,29
263825,2019-10-31,705,Kufstein,Männer,50 bis 54 Jahre,B9999,unbestimmt (nur Pst),1,50,54
263835,2019-10-31,706,Landeck,Frauen,bis 19 Jahre,B9999,unbestimmt (nur Pst),6,0,19
263895,2019-10-31,706,Landeck,Männer,bis 19 Jahre,B9999,unbestimmt (nur Pst),4,0,19
263902,2019-10-31,706,Landeck,Männer,20 bis 24 Jahre,B9999,unbestimmt (nur Pst),2,20,24
263990,2019-10-31,707,Lienz,Männer,25 bis 29 Jahre,B9999,unbestimmt (nur Pst),1,25,29
264067,2019-10-31,708,Reutte,Männer,55 bis 59 Jahre,B9999,unbestimmt (nur Pst),1,55,59
264079,2019-10-31,709,Schwaz,Frauen,bis 19 Jahre,B9999,unbestimmt (nur Pst),8,0,19
264162,2019-10-31,709,Schwaz,Männer,bis 19 Jahre,B9999,unbestimmt (nur Pst),3,0,19
264170,2019-10-31,709,Schwaz,Männer,20 bis 24 Jahre,B9999,unbestimmt (nur Pst),1,20,24
264180,2019-10-31,709,Schwaz,Männer,25 bis 29 Jahre,B9999,unbestimmt (nur Pst),1,25,29
264192,2019-10-31,709,Schwaz,Männer,35 bis 39 Jahre,B9999,unbestimmt (nur Pst),1,35,39
264204,2019-10-31,709,Schwaz,Männer,45 bis 49 Jahre,B9999,unbestimmt (nur Pst),1,45,49
264243,2019-10-31,801,Bludenz,Frauen,20 bis 24 Jahre,B9999,unbestimmt (nur Pst),1,20,24
264278,2019-10-31,801,Bludenz,Frauen,30 bis 34 Jahre,B9999,unbestimmt (nur Pst),1,30,34
264291,2019-10-31,801,Bludenz,Frauen,35 bis 39 Jahre,B9999,unbestimmt (nur Pst),1,35,39
264370,2019-10-31,801,Bludenz,Männer,25 bis 29 Jahre,B9999,unbestimmt (nur Pst),2,25,29
264384,2019-10-31,801,Bludenz,Männer,30 bis 34 Jahre,B9999,unbestimmt (nur Pst),1,30,34
264436,2019-10-31,802,Bregenz,Frauen,bis 19 Jahre,B9999,unbestimmt (nur Pst),1,0,19
264467,2019-10-31,802,Bregenz,Frauen,20 bis 24 Jahre,B9999,unbestimmt (nur Pst),2,20,24
264488,2019-10-31,802,Bregenz,Frauen,25 bis 29 Jahre,B9999,unbestimmt (nur Pst),1,25,29
264512,2019-10-31,802,Bregenz,Frauen,30 bis 34 Jahre,B9999,unbestimmt (nur Pst),1,30,34
264534,2019-10-31,802,Bregenz,Frauen,35 bis 39 Jahre,B9999,unbestimmt (nur Pst),1,35,39
264589,2019-10-31,802,Bregenz,Frauen,50 bis 54 Jahre,B9999,unbestimmt (nur Pst),1,50,54
264633,2019-10-31,802,Bregenz,Männer,bis 19 Jahre,B9999,unbestimmt (nur Pst),2,0,19
264676,2019-10-31,802,Bregenz,Männer,20 bis 24 Jahre,B9999,unbestimmt (nur Pst),1,20,24
264793,2019-10-31,802,Bregenz,Männer,55 bis 59 Jahre,B9999,unbestimmt (nur Pst),1,55,59
264815,2019-10-31,804,Dornbirn,Frauen,bis 19 Jahre,B9999,unbestimmt (nur Pst),1,0,19
264888,2019-10-31,804,Dornbirn,Frauen,30 bis 34 Jahre,B9999,unbestimmt (nur Pst),1,30,34
264927,2019-10-31,804,Dornbirn,Frauen,40 bis 44 Jahre,B9999,unbestimmt (nur Pst),1,40,44
264953,2019-10-31,804,Dornbirn,Frauen,50 bis 54 Jahre,B9999,unbestimmt (nur Pst),1,50,54
265015,2019-10-31,804,Dornbirn,Männer,20 bis 24 Jahre,B9999,unbestimmt (nur Pst),1,20,24
265093,2019-10-31,804,Dornbirn,Männer,50 bis 54 Jahre,B9999,unbestimmt (nur Pst),1,50,54
265096,2019-10-31,804,Dornbirn,Männer,55 bis 59 Jahre,B9999,unbestimmt (nur Pst),1,55,59
265115,2019-10-31,805,Feldkirch,Frauen,bis 19 Jahre,B9999,unbestimmt (nur Pst),6,0,19
265144,2019-10-31,805,Feldkirch,Frauen,20 bis 24 Jahre,B9999,unbestimmt (nur Pst),1,20,24
265171,2019-10-31,805,Feldkirch,Frauen,25 bis 29 Jahre,B9999,unbestimmt (nur Pst),1,25,29
265207,2019-10-31,805,Feldkirch,Frauen,35 bis 39 Jahre,B9999,unbestimmt (nur Pst),2,35,39
265241,2019-10-31,805,Feldkirch,Frauen,45 bis 49 Jahre,B9999,unbestimmt (nur Pst),1,45,49
265286,2019-10-31,805,Feldkirch,Männer,bis 19 Jahre,B9999,unbestimmt (nur Pst),5,0,19
265316,2019-10-31,805,Feldkirch,Männer,20 bis 24 Jahre,B9999,unbestimmt (nur Pst),1,20,24
265340,2019-10-31,805,Feldkirch,Männer,25 bis 29 Jahre,B9999,unbestimmt (nur Pst),2,25,29
265360,2019-10-31,805,Feldkirch,Männer,30 bis 34 Jahre,B9999,unbestimmt (nur Pst),1,30,34
265375,2019-10-31,805,Feldkirch,Männer,35 bis 39 Jahre,B9999,unbestimmt (nur Pst),1,35,39
265403,2019-10-31,805,Feldkirch,Männer,45 bis 49 Jahre,B9999,unbestimmt (nur Pst),1,45,49
265710,2019-10-31,958,Wien Johnstraße,Männer,20 bis 24 Jahre,B9999,unbestimmt (nur Pst),2,20,24
266589,2019-10-31,960,Wien Esteplatz,Frauen,20 bis 24 Jahre,B9999,unbestimmt (nur Pst),1,20,24
267830,2019-10-31,962,Wien Redergasse,Männer,55 bis 59 Jahre,B9999,unbestimmt (nur Pst),1,55,59
268498,2019-10-31,964,Wien Favoritenstraße,Frauen,30 bis 34 Jahre,B9999,unbestimmt (nur Pst),2,30,34
268643,2019-10-31,964,Wien Favoritenstraße,Frauen,45 bis 49 Jahre,B9999,unbestimmt (nur Pst),2,45,49
268777,2019-10-31,964,Wien Favoritenstraße,Männer,20 bis 24 Jahre,B9999,unbestimmt (nur Pst),1,20,24
269230,2019-10-31,965,Wien Schönbrunner Straße,Frauen,20 bis 24 Jahre,B9999,unbestimmt (nur Pst),1,20,24
269458,2019-10-31,965,Wien Schönbrunner Straße,Frauen,45 bis 49 Jahre,B9999,unbestimmt (nur Pst),1,45,49
269483,2019-10-31,965,Wien Schönbrunner Straße,Frauen,50 bis 54 Jahre,B9999,unbestimmt (nur Pst),1,50,54
269576,2019-10-31,965,Wien Schönbrunner Straße,Männer,20 bis 24 Jahre,B9999,unbestimmt (nur Pst),1,20,24
269630,2019-10-31,965,Wien Schönbrunner Straße,Männer,25 bis 29 Jahre,B9999,unbestimmt (nur Pst),1,25,29
269693,2019-10-31,965,Wien Schönbrunner Straße,Männer,30 bis 34 Jahre,B9999,unbestimmt (nur Pst),1,30,34
270079,2019-10-31,966,Wien Hietzinger Kai,Frauen,35 bis 39 Jahre,B9999,unbestimmt (nur Pst),1,35,39
270440,2019-10-31,966,Wien Hietzinger Kai,Männer,40 bis 44 Jahre,B9999,unbestimmt (nur Pst),1,40,44
270555,2019-10-31,966,Wien Hietzinger Kai,Männer,60 bis 64 Jahre,B9999,unbestimmt (nur Pst),1,60,64
270593,2019-10-31,967,Wien Huttengasse,Frauen,20 bis 24 Jahre,B9999,unbestimmt (nur Pst),1,20,24
271195,2019-10-31,967,Wien Huttengasse,Männer,35 bis 39 Jahre,B9999,unbestimmt (nur Pst),1,35,39
271768,2019-10-31,968,Wien Schloßhofer Straße,Männer,20 bis 24 Jahre,B9999,unbestimmt (nur Pst),1,20,24
272186,2019-10-31,969,Wien-Wagramer Straße,Frauen,30 bis 34 Jahre,B9999,unbestimmt (nur Pst),1,30,34
272848,2019-10-31,970,Wien Jugendliche,Frauen,bis 19 Jahre,B9999,unbestimmt (nur Pst),26,0,19
272921,2019-10-31,970,Wien Jugendliche,Frauen,20 bis 24 Jahre,B9999,unbestimmt (nur Pst),3,20,24
273019,2019-10-31,970,Wien Jugendliche,Männer,bis 19 Jahre,B9999,unbestimmt (nur Pst),17,0,19
273103,2019-10-31,970,Wien Jugendliche,Männer,20 bis 24 Jahre,B9999,unbestimmt (nur Pst),3,20,24
273135,2019-10-31,974,Wien Austria Campus,Frauen,20 bis 24 Jahre,B9999,unbestimmt (nur Pst),1,20,24
273208,2019-10-31,974,Wien Austria Campus,Frauen,30 bis 34 Jahre,B9999,unbestimmt (nur Pst),1,30,34
274298,2019-11-30,101,Eisenstadt,Männer,bis 19 Jahre,B9999,unbestimmt (nur Pst),2,0,19
274375,2019-11-30,102,Mattersburg,Frauen,bis 19 Jahre,B9999,unbestimmt (nur Pst),1,0,19
274436,2019-11-30,102,Mattersburg,Männer,bis 19 Jahre,B9999,unbestimmt (nur Pst),1,0,19
274905,2019-11-30,105,Oberwart,Frauen,45 bis 49 Jahre,B9999,unbestimmt (nur Pst),1,45,49
275068,2019-11-30,106,Stegersbach,Frauen,bis 19 Jahre,B9999,unbestimmt (nur Pst),1,0,19
275411,2019-11-30,203,Klagenfurt,Frauen,bis 19 Jahre,B9999,unbestimmt (nur Pst),2,0,19
275441,2019-11-30,203,Klagenfurt,Frauen,20 bis 24 Jahre,B9999,unbestimmt (nur Pst),3,20,24
275466,2019-11-30,203,Klagenfurt,Frauen,25 bis 29 Jahre,B9999,unbestimmt (nur Pst),1,25,29
275526,2019-11-30,203,Klagenfurt,Frauen,35 bis 39 Jahre,B9999,unbestimmt (nur Pst),1,35,39
275590,2019-11-30,203,Klagenfurt,Frauen,50 bis 54 Jahre,B9999,unbestimmt (nur Pst),1,50,54
275633,2019-11-30,203,Klagenfurt,Männer,bis 19 Jahre,B9999,unbestimmt (nur Pst),2,0,19
275681,2019-11-30,203,Klagenfurt,Männer,20 bis 24 Jahre,B9999,unbestimmt (nur Pst),3,20,24
275740,2019-11-30,203,Klagenfurt,Männer,30 bis 34 Jahre,B9999,unbestimmt (nur Pst),2,30,34
275774,2019-11-30,203,Klagenfurt,Männer,40 bis 44 Jahre,B9999,unbestimmt (nur Pst),3,40,44
275792,2019-11-30,203,Klagenfurt,Männer,45 bis 49 Jahre,B9999,unbestimmt (nur Pst),1,45,49
275838,2019-11-30,204,Spittal/Drau,Frauen,bis 19 Jahre,B9999,unbestimmt (nur Pst),1,0,19
275961,2019-11-30,204,Spittal/Drau,Männer,bis 19 Jahre,B9999,unbestimmt (nur Pst),1,0,19
276179,2019-11-30,206,Villach,Frauen,bis 19 Jahre,B9999,unbestimmt (nur Pst),1,0,19
276611,2019-11-30,207,Völkermarkt,Männer,bis 19 Jahre,B9999,unbestimmt (nur Pst),2,0,19
276681,2019-11-30,208,Wolfsberg,Frauen,20 bis 24 Jahre,B9999,unbestimmt (nur Pst),1,20,24
276748,2019-11-30,208,Wolfsberg,Männer,bis 19 Jahre,B9999,unbestimmt (nur Pst),1,0,19
276812,2019-11-30,301,Amstetten,Frauen,bis 19 Jahre,B9999,unbestimmt (nur Pst),6,0,19
276835,2019-11-30,301,Amstetten,Frauen,20 bis 24 Jahre,B9999,unbestimmt (nur Pst),2,20,24
276849,2019-11-30,301,Amstetten,Frauen,25 bis 29 Jahre,B9999,unbestimmt (nur Pst),1,25,29
276864,2019-11-30,301,Amstetten,Frauen,30 bis 34 Jahre,B9999,unbestimmt (nur Pst),1,30,34
276947,2019-11-30,301,Amstetten,Männer,bis 19 Jahre,B9999,unbestimmt (nur Pst),10,0,19
276991,2019-11-30,301,Amstetten,Männer,25 bis 29 Jahre,B9999,unbestimmt (nur Pst),2,25,29
277079,2019-11-30,304,Baden neu,Frauen,bis 19 Jahre,B9999,unbestimmt (nur Pst),7,0,19
277111,2019-11-30,304,Baden neu,Frauen,20 bis 24 Jahre,B9999,unbestimmt (nur Pst),4,20,24
277186,2019-11-30,304,Baden neu,Frauen,35 bis 39 Jahre,B9999,unbestimmt (nur Pst),1,35,39
277211,2019-11-30,304,Baden neu,Frauen,40 bis 44 Jahre,B9999,unbestimmt (nur Pst),1,40,44
277258,2019-11-30,304,Baden neu,Frauen,50 bis 54 Jahre,B9999,unbestimmt (nur Pst),1,50,54
277302,2019-11-30,304,Baden neu,Männer,bis 19 Jahre,B9999,unbestimmt (nur Pst),10,0,19
277346,2019-11-30,304,Baden neu,Männer,20 bis 24 Jahre,B9999,unbestimmt (nur Pst),2,20,24
277368,2019-11-30,304,Baden neu,Männer,25 bis 29 Jahre,B9999,unbestimmt (nur Pst),1,25,29
277386,2019-11-30,304,Baden neu,Männer,30 bis 34 Jahre,B9999,unbestimmt (nur Pst),2,30,34
277419,2019-11-30,304,Baden neu,Männer,40 bis 44 Jahre,B9999,unbestimmt (nur Pst),1,40,44
277476,2019-11-30,306,Bruck/Leitha,Frauen,bis 19 Jahre,B9999,unbestimmt (nur Pst),2,0,19
277489,2019-11-30,306,Bruck/Leitha,Frauen,20 bis 24 Jahre,B9999,unbestimmt (nur Pst),1,20,24
277523,2019-11-30,306,Bruck/Leitha,Frauen,40 bis 44 Jahre,B9999,unbestimmt (nur Pst),1,40,44
277559,2019-11-30,306,Bruck/Leitha,Männer,bis 19 Jahre,B9999,unbestimmt (nur Pst),6,0,19
277602,2019-11-30,306,Bruck/Leitha,Männer,45 bis 49 Jahre,B9999,unbestimmt (nur Pst),1,45,49
277636,2019-11-30,308,Gänserndorf,Frauen,bis 19 Jahre,B9999,unbestimmt (nur Pst),3,0,19
277676,2019-11-30,308,Gänserndorf,Frauen,20 bis 24 Jahre,B9999,unbestimmt (nur Pst),2,20,24
277842,2019-11-30,308,Gänserndorf,Männer,bis 19 Jahre,B9999,unbestimmt (nur Pst),5,0,19
277892,2019-11-30,308,Gänserndorf,Männer,20 bis 24 Jahre,B9999,unbestimmt (nur Pst),2,20,24
277990,2019-11-30,311,Gmünd,Frauen,bis 19 Jahre,B9999,unbestimmt (nur Pst),1,0,19
278121,2019-11-30,312,Hollabrunn,Frauen,bis 19 Jahre,B9999,unbestimmt (nur Pst),2,0,19
278131,2019-11-30,312,Hollabrunn,Frauen,20 bis 24 Jahre,B9999,unbestimmt (nur Pst),1,20,24
278281,2019-11-30,313,Horn,Frauen,bis 19 Jahre,B9999,unbestimmt (nur Pst),1,0,19
278291,2019-11-30,313,Horn,Frauen,20 bis 24 Jahre,B9999,unbestimmt (nur Pst),1,20,24
278338,2019-11-30,313,Horn,Männer,bis 19 Jahre,B9999,unbestimmt (nur Pst),4,0,19
278346,2019-11-30,313,Horn,Männer,20 bis 24 Jahre,B9999,unbestimmt (nur Pst),2,20,24
278352,2019-11-30,313,Horn,Männer,25 bis 29 Jahre,B9999,unbestimmt (nur Pst),1,25,29
278382,2019-11-30,314,Korneuburg,Frauen,bis 19 Jahre,B9999,unbestimmt (nur Pst),1,0,19
278405,2019-11-30,314,Korneuburg,Frauen,20 bis 24 Jahre,B9999,unbestimmt (nur Pst),1,20,24
278433,2019-11-30,314,Korneuburg,Frauen,30 bis 34 Jahre,B9999,unbestimmt (nur Pst),1,30,34
278531,2019-11-30,314,Korneuburg,Männer,bis 19 Jahre,B9999,unbestimmt (nur Pst),6,0,19
278645,2019-11-30,315,Krems,Frauen,bis 19 Jahre,B9999,unbestimmt (nur Pst),5,0,19
278672,2019-11-30,315,Krems,Frauen,20 bis 24 Jahre,B9999,unbestimmt (nur Pst),1,20,24
278727,2019-11-30,315,Krems,Frauen,35 bis 39 Jahre,B9999,unbestimmt (nur Pst),1,35,39
278804,2019-11-30,315,Krems,Männer,bis 19 Jahre,B9999,unbestimmt (nur Pst),1,0,19
278826,2019-11-30,315,Krems,Männer,20 bis 24 Jahre,B9999,unbestimmt (nur Pst),2,20,24
278920,2019-11-30,316,Lilienfeld,Frauen,bis 19 Jahre,B9999,unbestimmt (nur Pst),2,0,19
278927,2019-11-30,316,Lilienfeld,Frauen,20 bis 24 Jahre,B9999,unbestimmt (nur Pst),2,20,24
278939,2019-11-30,316,Lilienfeld,Frauen,25 bis 29 Jahre,B9999,unbestimmt (nur Pst),1,25,29
278950,2019-11-30,316,Lilienfeld,Frauen,30 bis 34 Jahre,B9999,unbestimmt (nur Pst),1,30,34
278978,2019-11-30,316,Lilienfeld,Frauen,45 bis 49 Jahre,B9999,unbestimmt (nur Pst),1,45,49
278986,2019-11-30,316,Lilienfeld,Frauen,50 bis 54 Jahre,B9999,unbestimmt (nur Pst),1,50,54
279000,2019-11-30,316,Lilienfeld,Männer,bis 19 Jahre,B9999,unbestimmt (nur Pst),2,0,19
279008,2019-11-30,316,Lilienfeld,Männer,20 bis 24 Jahre,B9999,unbestimmt (nur Pst),1,20,24
279130,2019-11-30,317,Melk,Frauen,40 bis 44 Jahre,B9999,unbestimmt (nur Pst),1,40,44
279198,2019-11-30,317,Melk,Männer,20 bis 24 Jahre,B9999,unbestimmt (nur Pst),1,20,24
279269,2019-11-30,319,Mistelbach,Frauen,bis 19 Jahre,B9999,unbestimmt (nur Pst),7,0,19
279295,2019-11-30,319,Mistelbach,Frauen,25 bis 29 Jahre,B9999,unbestimmt (nur Pst),1,25,29
279306,2019-11-30,319,Mistelbach,Frauen,30 bis 34 Jahre,B9999,unbestimmt (nur Pst),1,30,34
279386,2019-11-30,319,Mistelbach,Männer,bis 19 Jahre,B9999,unbestimmt (nur Pst),4,0,19
279481,2019-11-30,321,Mödling,Frauen,bis 19 Jahre,B9999,unbestimmt (nur Pst),1,0,19
279506,2019-11-30,321,Mödling,Frauen,20 bis 24 Jahre,B9999,unbestimmt (nur Pst),2,20,24
279624,2019-11-30,321,Mödling,Frauen,50 bis 54 Jahre,B9999,unbestimmt (nur Pst),1,50,54
279659,2019-11-30,321,Mödling,Männer,bis 19 Jahre,B9999,unbestimmt (nur Pst),7,0,19
279694,2019-11-30,321,Mödling,Männer,20 bis 24 Jahre,B9999,unbestimmt (nur Pst),2,20,24
279807,2019-11-30,323,Neunkirchen,Frauen,bis 19 Jahre,B9999,unbestimmt (nur Pst),2,0,19
279993,2019-11-30,323,Neunkirchen,Männer,20 bis 24 Jahre,B9999,unbestimmt (nur Pst),1,20,24
280106,2019-11-30,326,St. Pölten,Frauen,bis 19 Jahre,B9999,unbestimmt (nur Pst),10,0,19
280140,2019-11-30,326,St. Pölten,Frauen,20 bis 24 Jahre,B9999,unbestimmt (nur Pst),1,20,24
280246,2019-11-30,326,St. Pölten,Frauen,40 bis 44 Jahre,B9999,unbestimmt (nur Pst),1,40,44
280297,2019-11-30,326,St. Pölten,Frauen,50 bis 54 Jahre,B9999,unbestimmt (nur Pst),1,50,54
280310,2019-11-30,326,St. Pölten,Frauen,55 bis 59 Jahre,B9999,unbestimmt (nur Pst),1,55,59
280348,2019-11-30,326,St. Pölten,Männer,bis 19 Jahre,B9999,unbestimmt (nur Pst),9,0,19
280389,2019-11-30,326,St. Pölten,Männer,20 bis 24 Jahre,B9999,unbestimmt (nur Pst),2,20,24
280552,2019-11-30,326,St. Pölten,Männer,50 bis 54 Jahre,B9999,unbestimmt (nur Pst),1,50,54
280562,2019-11-30,326,St. Pölten,Männer,55 bis 59 Jahre,B9999,unbestimmt (nur Pst),1,55,59
280578,2019-11-30,328,Scheibbs,Frauen,bis 19 Jahre,B9999,unbestimmt (nur Pst),2,0,19
280585,2019-11-30,328,Scheibbs,Frauen,20 bis 24 Jahre,B9999,unbestimmt (nur Pst),2,20,24
280634,2019-11-30,328,Scheibbs,Männer,bis 19 Jahre,B9999,unbestimmt (nur Pst),2,0,19
280688,2019-11-30,329,Schwechat,Frauen,bis 19 Jahre,B9999,unbestimmt (nur Pst),2,0,19
280726,2019-11-30,329,Schwechat,Frauen,25 bis 29 Jahre,B9999,unbestimmt (nur Pst),1,25,29
280924,2019-11-30,331,Tulln,Frauen,bis 19 Jahre,B9999,unbestimmt (nur Pst),10,0,19
280944,2019-11-30,331,Tulln,Frauen,20 bis 24 Jahre,B9999,unbestimmt (nur Pst),3,20,24
280962,2019-11-30,331,Tulln,Frauen,25 bis 29 Jahre,B9999,unbestimmt (nur Pst),1,25,29
280978,2019-11-30,331,Tulln,Frauen,30 bis 34 Jahre,B9999,unbestimmt (nur Pst),1,30,34
281001,2019-11-30,331,Tulln,Frauen,35 bis 39 Jahre,B9999,unbestimmt (nur Pst),1,35,39
281069,2019-11-30,331,Tulln,Männer,bis 19 Jahre,B9999,unbestimmt (nur Pst),13,0,19
281089,2019-11-30,331,Tulln,Männer,20 bis 24 Jahre,B9999,unbestimmt (nur Pst),3,20,24
281103,2019-11-30,331,Tulln,Männer,25 bis 29 Jahre,B9999,unbestimmt (nur Pst),1,25,29
281173,2019-11-30,332,Waidhofen/Thaya,Frauen,bis 19 Jahre,B9999,unbestimmt (nur Pst),1,0,19
281185,2019-11-30,332,Waidhofen/Thaya,Frauen,20 bis 24 Jahre,B9999,unbestimmt (nur Pst),1,20,24
281226,2019-11-30,332,Waidhofen/Thaya,Männer,bis 19 Jahre,B9999,unbestimmt (nur Pst),1,0,19
281302,2019-11-30,333,Waidhofen/Ybbs,Männer,bis 19 Jahre,B9999,unbestimmt (nur Pst),2,0,19
281344,2019-11-30,334,Wr. Neustadt,Frauen,bis 19 Jahre,B9999,unbestimmt (nur Pst),7,0,19
281371,2019-11-30,334,Wr. Neustadt,Frauen,20 bis 24 Jahre,B9999,unbestimmt (nur Pst),1,20,24
281396,2019-11-30,334,Wr. Neustadt,Frauen,25 bis 29 Jahre,B9999,unbestimmt (nur Pst),1,25,29
281465,2019-11-30,334,Wr. Neustadt,Frauen,40 bis 44 Jahre,B9999,unbestimmt (nur Pst),1,40,44
281497,2019-11-30,334,Wr. Neustadt,Frauen,50 bis 54 Jahre,B9999,unbestimmt (nur Pst),1,50,54
281536,2019-11-30,334,Wr. Neustadt,Männer,bis 19 Jahre,B9999,unbestimmt (nur Pst),3,0,19
281701,2019-11-30,335,Zwettl,Frauen,bis 19 Jahre,B9999,unbestimmt (nur Pst),1,0,19
281823,2019-11-30,401,Braunau,Frauen,bis 19 Jahre,B9999,unbestimmt (nur Pst),10,0,19
281873,2019-11-30,401,Braunau,Frauen,25 bis 29 Jahre,B9999,unbestimmt (nur Pst),1,25,29
281887,2019-11-30,401,Braunau,Frauen,30 bis 34 Jahre,B9999,unbestimmt (nur Pst),1,30,34
281975,2019-11-30,401,Braunau,Männer,bis 19 Jahre,B9999,unbestimmt (nur Pst),17,0,19
282001,2019-11-30,401,Braunau,Männer,20 bis 24 Jahre,B9999,unbestimmt (nur Pst),6,20,24
282016,2019-11-30,401,Braunau,Männer,25 bis 29 Jahre,B9999,unbestimmt (nur Pst),1,25,29
282031,2019-11-30,401,Braunau,Männer,30 bis 34 Jahre,B9999,unbestimmt (nur Pst),1,30,34
282122,2019-11-30,402,Eferding,Frauen,30 bis 34 Jahre,B9999,unbestimmt (nur Pst),1,30,34
282429,2019-11-30,404,Gmunden,Frauen,bis 19 Jahre,B9999,unbestimmt (nur Pst),3,0,19
282573,2019-11-30,404,Gmunden,Männer,bis 19 Jahre,B9999,unbestimmt (nur Pst),6,0,19
282734,2019-11-30,406,Grieskirchen,Frauen,bis 19 Jahre,B9999,unbestimmt (nur Pst),1,0,19
282850,2019-11-30,406,Grieskirchen,Männer,20 bis 24 Jahre,B9999,unbestimmt (nur Pst),1,20,24
282905,2019-11-30,407,Kirchdorf/Krems,Frauen,bis 19 Jahre,B9999,unbestimmt (nur Pst),4,0,19
282925,2019-11-30,407,Kirchdorf/Krems,Frauen,20 bis 24 Jahre,B9999,unbestimmt (nur Pst),1,20,24
282939,2019-11-30,407,Kirchdorf/Krems,Frauen,25 bis 29 Jahre,B9999,unbestimmt (nur Pst),1,25,29
282958,2019-11-30,407,Kirchdorf/Krems,Frauen,35 bis 39 Jahre,B9999,unbestimmt (nur Pst),1,35,39
283006,2019-11-30,407,Kirchdorf/Krems,Männer,bis 19 Jahre,B9999,unbestimmt (nur Pst),4,0,19
283107,2019-11-30,409,Linz neu,Frauen,bis 19 Jahre,B9999,unbestimmt (nur Pst),16,0,19
283154,2019-11-30,409,Linz neu,Frauen,20 bis 24 Jahre,B9999,unbestimmt (nur Pst),11,20,24
283193,2019-11-30,409,Linz neu,Frauen,25 bis 29 Jahre,B9999,unbestimmt (nur Pst),4,25,29
283235,2019-11-30,409,Linz neu,Frauen,30 bis 34 Jahre,B9999,unbestimmt (nur Pst),2,30,34
283275,2019-11-30,409,Linz neu,Frauen,35 bis 39 Jahre,B9999,unbestimmt (nur Pst),3,35,39
283315,2019-11-30,409,Linz neu,Frauen,40 bis 44 Jahre,B9999,unbestimmt (nur Pst),2,40,44
283351,2019-11-30,409,Linz neu,Frauen,45 bis 49 Jahre,B9999,unbestimmt (nur Pst),1,45,49
283373,2019-11-30,409,Linz neu,Frauen,50 bis 54 Jahre,B9999,unbestimmt (nur Pst),1,50,54
283430,2019-11-30,409,Linz neu,Männer,bis 19 Jahre,B9999,unbestimmt (nur Pst),35,0,19
283499,2019-11-30,409,Linz neu,Männer,20 bis 24 Jahre,B9999,unbestimmt (nur Pst),5,20,24
283601,2019-11-30,409,Linz neu,Männer,30 bis 34 Jahre,B9999,unbestimmt (nur Pst),1,30,34
283649,2019-11-30,409,Linz neu,Männer,35 bis 39 Jahre,B9999,unbestimmt (nur Pst),2,35,39
283723,2019-11-30,409,Linz neu,Männer,45 bis 49 Jahre,B9999,unbestimmt (nur Pst),1,45,49
283755,2019-11-30,409,Linz neu,Männer,50 bis 54 Jahre,B9999,unbestimmt (nur Pst),1,50,54
283781,2019-11-30,409,Linz neu,Männer,55 bis 59 Jahre,B9999,unbestimmt (nur Pst),3,55,59
283799,2019-11-30,411,Perg,Frauen,bis 19 Jahre,B9999,unbestimmt (nur Pst),1,0,19
283809,2019-11-30,411,Perg,Frauen,20 bis 24 Jahre,B9999,unbestimmt (nur Pst),1,20,24
283856,2019-11-30,411,Perg,Frauen,35 bis 39 Jahre,B9999,unbestimmt (nur Pst),1,35,39
283880,2019-11-30,411,Perg,Frauen,45 bis 49 Jahre,B9999,unbestimmt (nur Pst),1,45,49
283916,2019-11-30,411,Perg,Männer,bis 19 Jahre,B9999,unbestimmt (nur Pst),1,0,19
284019,2019-11-30,412,Ried im Innkreis,Frauen,bis 19 Jahre,B9999,unbestimmt (nur Pst),4,0,19
284037,2019-11-30,412,Ried im Innkreis,Frauen,20 bis 24 Jahre,B9999,unbestimmt (nur Pst),2,20,24
284074,2019-11-30,412,Ried im Innkreis,Frauen,30 bis 34 Jahre,B9999,unbestimmt (nur Pst),1,30,34
284089,2019-11-30,412,Ried im Innkreis,Frauen,35 bis 39 Jahre,B9999,unbestimmt (nur Pst),1,35,39
284125,2019-11-30,412,Ried im Innkreis,Frauen,50 bis 54 Jahre,B9999,unbestimmt (nur Pst),1,50,54
284156,2019-11-30,412,Ried im Innkreis,Männer,bis 19 Jahre,B9999,unbestimmt (nur Pst),4,0,19
284181,2019-11-30,412,Ried im Innkreis,Männer,20 bis 24 Jahre,B9999,unbestimmt (nur Pst),3,20,24
284206,2019-11-30,412,Ried im Innkreis,Männer,30 bis 34 Jahre,B9999,unbestimmt (nur Pst),1,30,34
284271,2019-11-30,413,Rohrbach,Frauen,bis 19 Jahre,B9999,unbestimmt (nur Pst),1,0,19
284296,2019-11-30,413,Rohrbach,Frauen,25 bis 29 Jahre,B9999,unbestimmt (nur Pst),1,25,29
284366,2019-11-30,413,Rohrbach,Männer,bis 19 Jahre,B9999,unbestimmt (nur Pst),1,0,19
284417,2019-11-30,413,Rohrbach,Männer,40 bis 44 Jahre,B9999,unbestimmt (nur Pst),1,40,44
284467,2019-11-30,414,Schärding,Frauen,30 bis 34 Jahre,B9999,unbestimmt (nur Pst),1,30,34
284615,2019-11-30,415,Steyr,Frauen,bis 19 Jahre,B9999,unbestimmt (nur Pst),9,0,19
284645,2019-11-30,415,Steyr,Frauen,20 bis 24 Jahre,B9999,unbestimmt (nur Pst),3,20,24
284671,2019-11-30,415,Steyr,Frauen,25 bis 29 Jahre,B9999,unbestimmt (nur Pst),1,25,29
284707,2019-11-30,415,Steyr,Frauen,35 bis 39 Jahre,B9999,unbestimmt (nur Pst),1,35,39
284752,2019-11-30,415,Steyr,Frauen,45 bis 49 Jahre,B9999,unbestimmt (nur Pst),1,45,49
284810,2019-11-30,415,Steyr,Männer,bis 19 Jahre,B9999,unbestimmt (nur Pst),9,0,19
284844,2019-11-30,415,Steyr,Männer,20 bis 24 Jahre,B9999,unbestimmt (nur Pst),3,20,24
284882,2019-11-30,415,Steyr,Männer,30 bis 34 Jahre,B9999,unbestimmt (nur Pst),1,30,34
284955,2019-11-30,418,Vöcklabruck,Frauen,bis 19 Jahre,B9999,unbestimmt (nur Pst),9,0,19
284973,2019-11-30,418,Vöcklabruck,Frauen,20 bis 24 Jahre,B9999,unbestimmt (nur Pst),4,20,24
285155,2019-11-30,418,Vöcklabruck,Männer,bis 19 Jahre,B9999,unbestimmt (nur Pst),9,0,19
285183,2019-11-30,418,Vöcklabruck,Männer,20 bis 24 Jahre,B9999,unbestimmt (nur Pst),1,20,24
285353,2019-11-30,419,Wels,Frauen,20 bis 24 Jahre,B9999,unbestimmt (nur Pst),2,20,24
285422,2019-11-30,419,Wels,Frauen,35 bis 39 Jahre,B9999,unbestimmt (nur Pst),3,35,39
285451,2019-11-30,419,Wels,Frauen,45 bis 49 Jahre,B9999,unbestimmt (nur Pst),1,45,49
285591,2019-11-30,419,Wels,Männer,35 bis 39 Jahre,B9999,unbestimmt (nur Pst),1,35,39
285646,2019-11-30,419,Wels,Männer,50 bis 54 Jahre,B9999,unbestimmt (nur Pst),1,50,54
285692,2019-11-30,421,Traun,Frauen,bis 19 Jahre,B9999,unbestimmt (nur Pst),2,0,19
285717,2019-11-30,421,Traun,Frauen,20 bis 24 Jahre,B9999,unbestimmt (nur Pst),2,20,24
285744,2019-11-30,421,Traun,Frauen,25 bis 29 Jahre,B9999,unbestimmt (nur Pst),1,25,29
285768,2019-11-30,421,Traun,Frauen,30 bis 34 Jahre,B9999,unbestimmt (nur Pst),2,30,34
285799,2019-11-30,421,Traun,Frauen,35 bis 39 Jahre,B9999,unbestimmt (nur Pst),2,35,39
285877,2019-11-30,421,Traun,Frauen,55 bis 59 Jahre,B9999,unbestimmt (nur Pst),1,55,59
285917,2019-11-30,421,Traun,Männer,bis 19 Jahre,B9999,unbestimmt (nur Pst),3,0,19
285945,2019-11-30,421,Traun,Männer,20 bis 24 Jahre,B9999,unbestimmt (nur Pst),2,20,24
285989,2019-11-30,421,Traun,Männer,30 bis 34 Jahre,B9999,unbestimmt (nur Pst),1,30,34
286076,2019-11-30,421,Traun,Männer,55 bis 59 Jahre,B9999,unbestimmt (nur Pst),1,55,59
286098,2019-11-30,501,Bischofshofen,Frauen,bis 19 Jahre,B9999,unbestimmt (nur Pst),1,0,19
286151,2019-11-30,501,Bischofshofen,Frauen,30 bis 34 Jahre,B9999,unbestimmt (nur Pst),1,30,34
286169,2019-11-30,501,Bischofshofen,Frauen,35 bis 39 Jahre,B9999,unbestimmt (nur Pst),2,35,39
286184,2019-11-30,501,Bischofshofen,Frauen,40 bis 44 Jahre,B9999,unbestimmt (nur Pst),1,40,44
286198,2019-11-30,501,Bischofshofen,Frauen,45 bis 49 Jahre,B9999,unbestimmt (nur Pst),1,45,49
286207,2019-11-30,501,Bischofshofen,Frauen,50 bis 54 Jahre,B9999,unbestimmt (nur Pst),1,50,54
286234,2019-11-30,501,Bischofshofen,Männer,bis 19 Jahre,B9999,unbestimmt (nur Pst),2,0,19
286269,2019-11-30,501,Bischofshofen,Männer,30 bis 34 Jahre,B9999,unbestimmt (nur Pst),1,30,34
286382,2019-11-30,503,Hallein,Frauen,50 bis 54 Jahre,B9999,unbestimmt (nur Pst),1,50,54
286480,2019-11-30,504,Salzburg,Frauen,bis 19 Jahre,B9999,unbestimmt (nur Pst),1,0,19
286521,2019-11-30,504,Salzburg,Frauen,20 bis 24 Jahre,B9999,unbestimmt (nur Pst),1,20,24
286641,2019-11-30,504,Salzburg,Frauen,35 bis 39 Jahre,B9999,unbestimmt (nur Pst),1,35,39
286671,2019-11-30,504,Salzburg,Frauen,40 bis 44 Jahre,B9999,unbestimmt (nur Pst),1,40,44
286698,2019-11-30,504,Salzburg,Frauen,45 bis 49 Jahre,B9999,unbestimmt (nur Pst),3,45,49
286968,2019-11-30,504,Salzburg,Männer,40 bis 44 Jahre,B9999,unbestimmt (nur Pst),1,40,44
287030,2019-11-30,504,Salzburg,Männer,50 bis 54 Jahre,B9999,unbestimmt (nur Pst),1,50,54
287106,2019-11-30,506,Zell am See,Frauen,bis 19 Jahre,B9999,unbestimmt (nur Pst),1,0,19
287127,2019-11-30,506,Zell am See,Frauen,25 bis 29 Jahre,B9999,unbestimmt (nur Pst),3,25,29
287174,2019-11-30,506,Zell am See,Frauen,45 bis 49 Jahre,B9999,unbestimmt (nur Pst),2,45,49
287198,2019-11-30,506,Zell am See,Männer,bis 19 Jahre,B9999,unbestimmt (nur Pst),5,0,19
287213,2019-11-30,506,Zell am See,Männer,20 bis 24 Jahre,B9999,unbestimmt (nur Pst),1,20,24
287268,2019-11-30,601,Bruck/Mur,Frauen,bis 19 Jahre,B9999,unbestimmt (nur Pst),4,0,19
287290,2019-11-30,601,Bruck/Mur,Frauen,20 bis 24 Jahre,B9999,unbestimmt (nur Pst),4,20,24
287367,2019-11-30,601,Bruck/Mur,Frauen,50 bis 54 Jahre,B9999,unbestimmt (nur Pst),1,50,54
287393,2019-11-30,601,Bruck/Mur,Männer,bis 19 Jahre,B9999,unbestimmt (nur Pst),3,0,19
287736,2019-11-30,604,Feldbach,Frauen,bis 19 Jahre,B9999,unbestimmt (nur Pst),2,0,19
287872,2019-11-30,604,Feldbach,Männer,bis 19 Jahre,B9999,unbestimmt (nur Pst),1,0,19
287972,2019-11-30,606,Gleisdorf,Frauen,bis 19 Jahre,B9999,unbestimmt (nur Pst),1,0,19
287991,2019-11-30,606,Gleisdorf,Frauen,20 bis 24 Jahre,B9999,unbestimmt (nur Pst),2,20,24
288075,2019-11-30,606,Gleisdorf,Männer,bis 19 Jahre,B9999,unbestimmt (nur Pst),2,0,19
288137,2019-11-30,609,Hartberg,Frauen,bis 19 Jahre,B9999,unbestimmt (nur Pst),5,0,19
288176,2019-11-30,609,Hartberg,Frauen,25 bis 29 Jahre,B9999,unbestimmt (nur Pst),1,25,29
288306,2019-11-30,609,Hartberg,Männer,bis 19 Jahre,B9999,unbestimmt (nur Pst),1,0,19
288329,2019-11-30,609,Hartberg,Männer,20 bis 24 Jahre,B9999,unbestimmt (nur Pst),2,20,24
288366,2019-11-30,609,Hartberg,Männer,30 bis 34 Jahre,B9999,unbestimmt (nur Pst),1,30,34
288449,2019-11-30,610,Judenburg,Frauen,bis 19 Jahre,B9999,unbestimmt (nur Pst),1,0,19
288471,2019-11-30,610,Judenburg,Frauen,20 bis 24 Jahre,B9999,unbestimmt (nur Pst),1,20,24
288491,2019-11-30,610,Judenburg,Frauen,25 bis 29 Jahre,B9999,unbestimmt (nur Pst),1,25,29
288503,2019-11-30,610,Judenburg,Frauen,30 bis 34 Jahre,B9999,unbestimmt (nur Pst),1,30,34
288575,2019-11-30,610,Judenburg,Männer,bis 19 Jahre,B9999,unbestimmt (nur Pst),3,0,19
288595,2019-11-30,610,Judenburg,Männer,20 bis 24 Jahre,B9999,unbestimmt (nur Pst),3,20,24
288612,2019-11-30,610,Judenburg,Männer,25 bis 29 Jahre,B9999,unbestimmt (nur Pst),1,25,29
288626,2019-11-30,610,Judenburg,Männer,30 bis 34 Jahre,B9999,unbestimmt (nur Pst),1,30,34
288685,2019-11-30,611,Murau,Frauen,bis 19 Jahre,B9999,unbestimmt (nur Pst),3,0,19
288692,2019-11-30,611,Murau,Frauen,20 bis 24 Jahre,B9999,unbestimmt (nur Pst),3,20,24
288754,2019-11-30,611,Murau,Männer,35 bis 39 Jahre,B9999,unbestimmt (nur Pst),1,35,39
288781,2019-11-30,614,Leibnitz,Frauen,bis 19 Jahre,B9999,unbestimmt (nur Pst),5,0,19
288805,2019-11-30,614,Leibnitz,Frauen,20 bis 24 Jahre,B9999,unbestimmt (nur Pst),1,20,24
288937,2019-11-30,614,Leibnitz,Männer,bis 19 Jahre,B9999,unbestimmt (nur Pst),1,0,19
288962,2019-11-30,614,Leibnitz,Männer,20 bis 24 Jahre,B9999,unbestimmt (nur Pst),1,20,24
289058,2019-11-30,616,Leoben,Frauen,bis 19 Jahre,B9999,unbestimmt (nur Pst),2,0,19
289083,2019-11-30,616,Leoben,Frauen,20 bis 24 Jahre,B9999,unbestimmt (nur Pst),1,20,24
289099,2019-11-30,616,Leoben,Frauen,25 bis 29 Jahre,B9999,unbestimmt (nur Pst),1,25,29
289149,2019-11-30,616,Leoben,Frauen,40 bis 44 Jahre,B9999,unbestimmt (nur Pst),1,40,44
289194,2019-11-30,616,Leoben,Männer,bis 19 Jahre,B9999,unbestimmt (nur Pst),3,0,19
289233,2019-11-30,616,Leoben,Männer,25 bis 29 Jahre,B9999,unbestimmt (nur Pst),1,25,29
289305,2019-11-30,618,Liezen,Frauen,bis 19 Jahre,B9999,unbestimmt (nur Pst),1,0,19
289519,2019-11-30,621,Mürzzuschlag,Frauen,bis 19 Jahre,B9999,unbestimmt (nur Pst),2,0,19
289541,2019-11-30,621,Mürzzuschlag,Frauen,20 bis 24 Jahre,B9999,unbestimmt (nur Pst),2,20,24
289573,2019-11-30,621,Mürzzuschlag,Frauen,40 bis 44 Jahre,B9999,unbestimmt (nur Pst),1,40,44
289604,2019-11-30,621,Mürzzuschlag,Männer,bis 19 Jahre,B9999,unbestimmt (nur Pst),3,0,19
289632,2019-11-30,621,Mürzzuschlag,Männer,25 bis 29 Jahre,B9999,unbestimmt (nur Pst),1,25,29
289693,2019-11-30,622,Voitsberg,Frauen,bis 19 Jahre,B9999,unbestimmt (nur Pst),3,0,19
289717,2019-11-30,622,Voitsberg,Frauen,20 bis 24 Jahre,B9999,unbestimmt (nur Pst),1,20,24
289892,2019-11-30,623,Weiz,Frauen,bis 19 Jahre,B9999,unbestimmt (nur Pst),1,0,19
289913,2019-11-30,623,Weiz,Frauen,25 bis 29 Jahre,B9999,unbestimmt (nur Pst),1,25,29
289938,2019-11-30,623,Weiz,Frauen,40 bis 44 Jahre,B9999,unbestimmt (nur Pst),1,40,44
289946,2019-11-30,623,Weiz,Frauen,45 bis 49 Jahre,B9999,unbestimmt (nur Pst),1,45,49
289980,2019-11-30,623,Weiz,Männer,20 bis 24 Jahre,B9999,unbestimmt (nur Pst),1,20,24
290005,2019-11-30,623,Weiz,Männer,40 bis 44 Jahre,B9999,unbestimmt (nur Pst),1,40,44
290011,2019-11-30,623,Weiz,Männer,45 bis 49 Jahre,B9999,unbestimmt (nur Pst),1,45,49
290066,2019-11-30,630,Graz-West und Umgebung,Frauen,bis 19 Jahre,B9999,unbestimmt (nur Pst),13,0,19
290121,2019-11-30,630,Graz-West und Umgebung,Frauen,20 bis 24 Jahre,B9999,unbestimmt (nur Pst),4,20,24
290181,2019-11-30,630,Graz-West und Umgebung,Frauen,25 bis 29 Jahre,B9999,unbestimmt (nur Pst),1,25,29
290228,2019-11-30,630,Graz-West und Umgebung,Frauen,30 bis 34 Jahre,B9999,unbestimmt (nur Pst),1,30,34
290368,2019-11-30,630,Graz-West und Umgebung,Frauen,45 bis 49 Jahre,B9999,unbestimmt (nur Pst),1,45,49
290462,2019-11-30,630,Graz-West und Umgebung,Männer,bis 19 Jahre,B9999,unbestimmt (nur Pst),9,0,19
290543,2019-11-30,630,Graz-West und Umgebung,Männer,20 bis 24 Jahre,B9999,unbestimmt (nur Pst),3,20,24
290688,2019-11-30,630,Graz-West und Umgebung,Männer,35 bis 39 Jahre,B9999,unbestimmt (nur Pst),1,35,39
290820,2019-11-30,631,Graz-Ost,Frauen,bis 19 Jahre,B9999,unbestimmt (nur Pst),3,0,19
290853,2019-11-30,631,Graz-Ost,Frauen,20 bis 24 Jahre,B9999,unbestimmt (nur Pst),4,20,24
290934,2019-11-30,631,Graz-Ost,Frauen,30 bis 34 Jahre,B9999,unbestimmt (nur Pst),1,30,34
290971,2019-11-30,631,Graz-Ost,Frauen,35 bis 39 Jahre,B9999,unbestimmt (nur Pst),3,35,39
291065,2019-11-30,631,Graz-Ost,Frauen,55 bis 59 Jahre,B9999,unbestimmt (nur Pst),2,55,59
291097,2019-11-30,631,Graz-Ost,Männer,bis 19 Jahre,B9999,unbestimmt (nur Pst),10,0,19
291142,2019-11-30,631,Graz-Ost,Männer,20 bis 24 Jahre,B9999,unbestimmt (nur Pst),1,20,24
291181,2019-11-30,631,Graz-Ost,Männer,25 bis 29 Jahre,B9999,unbestimmt (nur Pst),1,25,29
291320,2019-11-30,701,Imst,Frauen,bis 19 Jahre,B9999,unbestimmt (nur Pst),1,0,19
291382,2019-11-30,701,Imst,Männer,bis 19 Jahre,B9999,unbestimmt (nur Pst),3,0,19
291428,2019-11-30,702,Innsbruck,Frauen,bis 19 Jahre,B9999,unbestimmt (nur Pst),4,0,19
291453,2019-11-30,702,Innsbruck,Frauen,20 bis 24 Jahre,B9999,unbestimmt (nur Pst),1,20,24
291482,2019-11-30,702,Innsbruck,Frauen,25 bis 29 Jahre,B9999,unbestimmt (nur Pst),4,25,29
291548,2019-11-30,702,Innsbruck,Frauen,35 bis 39 Jahre,B9999,unbestimmt (nur Pst),1,35,39
291592,2019-11-30,702,Innsbruck,Frauen,45 bis 49 Jahre,B9999,unbestimmt (nur Pst),4,45,49
291624,2019-11-30,702,Innsbruck,Frauen,55 bis 59 Jahre,B9999,unbestimmt (nur Pst),1,55,59
291659,2019-11-30,702,Innsbruck,Männer,bis 19 Jahre,B9999,unbestimmt (nur Pst),3,0,19
291772,2019-11-30,702,Innsbruck,Männer,35 bis 39 Jahre,B9999,unbestimmt (nur Pst),5,35,39
291821,2019-11-30,702,Innsbruck,Männer,45 bis 49 Jahre,B9999,unbestimmt (nur Pst),2,45,49
291929,2019-11-30,704,Kitzbühel,Männer,bis 19 Jahre,B9999,unbestimmt (nur Pst),1,0,19
291998,2019-11-30,705,Kufstein,Frauen,bis 19 Jahre,B9999,unbestimmt (nur Pst),2,0,19
292017,2019-11-30,705,Kufstein,Frauen,20 bis 24 Jahre,B9999,unbestimmt (nur Pst),1,20,24
292034,2019-11-30,705,Kufstein,Frauen,25 bis 29 Jahre,B9999,unbestimmt (nur Pst),1,25,29
292049,2019-11-30,705,Kufstein,Frauen,30 bis 34 Jahre,B9999,unbestimmt (nur Pst),1,30,34
292127,2019-11-30,705,Kufstein,Männer,bis 19 Jahre,B9999,unbestimmt (nur Pst),7,0,19
292150,2019-11-30,705,Kufstein,Männer,20 bis 24 Jahre,B9999,unbestimmt (nur Pst),1,20,24
292167,2019-11-30,705,Kufstein,Männer,25 bis 29 Jahre,B9999,unbestimmt (nur Pst),1,25,29
292214,2019-11-30,705,Kufstein,Männer,50 bis 54 Jahre,B9999,unbestimmt (nur Pst),1,50,54
292227,2019-11-30,706,Landeck,Frauen,bis 19 Jahre,B9999,unbestimmt (nur Pst),4,0,19
292278,2019-11-30,706,Landeck,Männer,bis 19 Jahre,B9999,unbestimmt (nur Pst),4,0,19
292285,2019-11-30,706,Landeck,Männer,20 bis 24 Jahre,B9999,unbestimmt (nur Pst),2,20,24
292442,2019-11-30,708,Reutte,Männer,55 bis 59 Jahre,B9999,unbestimmt (nur Pst),1,55,59
292458,2019-11-30,709,Schwaz,Frauen,bis 19 Jahre,B9999,unbestimmt (nur Pst),9,0,19
292477,2019-11-30,709,Schwaz,Frauen,25 bis 29 Jahre,B9999,unbestimmt (nur Pst),1,25,29
292507,2019-11-30,709,Schwaz,Frauen,40 bis 44 Jahre,B9999,unbestimmt (nur Pst),1,40,44
292542,2019-11-30,709,Schwaz,Männer,bis 19 Jahre,B9999,unbestimmt (nur Pst),3,0,19
292559,2019-11-30,709,Schwaz,Männer,25 bis 29 Jahre,B9999,unbestimmt (nur Pst),2,25,29
292571,2019-11-30,709,Schwaz,Männer,35 bis 39 Jahre,B9999,unbestimmt (nur Pst),1,35,39
292583,2019-11-30,709,Schwaz,Männer,45 bis 49 Jahre,B9999,unbestimmt (nur Pst),1,45,49
292615,2019-11-30,801,Bludenz,Frauen,20 bis 24 Jahre,B9999,unbestimmt (nur Pst),1,20,24
292648,2019-11-30,801,Bludenz,Frauen,30 bis 34 Jahre,B9999,unbestimmt (nur Pst),1,30,34
292662,2019-11-30,801,Bludenz,Frauen,35 bis 39 Jahre,B9999,unbestimmt (nur Pst),1,35,39
292736,2019-11-30,801,Bludenz,Männer,25 bis 29 Jahre,B9999,unbestimmt (nur Pst),2,25,29
292839,2019-11-30,802,Bregenz,Frauen,20 bis 24 Jahre,B9999,unbestimmt (nur Pst),2,20,24
292861,2019-11-30,802,Bregenz,Frauen,25 bis 29 Jahre,B9999,unbestimmt (nur Pst),1,25,29
292886,2019-11-30,802,Bregenz,Frauen,30 bis 34 Jahre,B9999,unbestimmt (nur Pst),1,30,34
292913,2019-11-30,802,Bregenz,Frauen,35 bis 39 Jahre,B9999,unbestimmt (nur Pst),1,35,39
292970,2019-11-30,802,Bregenz,Frauen,50 bis 54 Jahre,B9999,unbestimmt (nur Pst),1,50,54
293021,2019-11-30,802,Bregenz,Männer,bis 19 Jahre,B9999,unbestimmt (nur Pst),1,0,19
293061,2019-11-30,802,Bregenz,Männer,20 bis 24 Jahre,B9999,unbestimmt (nur Pst),1,20,24
293205,2019-11-30,804,Dornbirn,Frauen,bis 19 Jahre,B9999,unbestimmt (nur Pst),1,0,19
293278,2019-11-30,804,Dornbirn,Frauen,30 bis 34 Jahre,B9999,unbestimmt (nur Pst),1,30,34
293317,2019-11-30,804,Dornbirn,Frauen,40 bis 44 Jahre,B9999,unbestimmt (nur Pst),1,40,44
293343,2019-11-30,804,Dornbirn,Frauen,50 bis 54 Jahre,B9999,unbestimmt (nur Pst),1,50,54
293411,2019-11-30,804,Dornbirn,Männer,20 bis 24 Jahre,B9999,unbestimmt (nur Pst),1,20,24
293502,2019-11-30,804,Dornbirn,Männer,50 bis 54 Jahre,B9999,unbestimmt (nur Pst),1,50,54
293510,2019-11-30,804,Dornbirn,Männer,55 bis 59 Jahre,B9999,unbestimmt (nur Pst),1,55,59
293531,2019-11-30,805,Feldkirch,Frauen,bis 19 Jahre,B9999,unbestimmt (nur Pst),5,0,19
293563,2019-11-30,805,Feldkirch,Frauen,20 bis 24 Jahre,B9999,unbestimmt (nur Pst),1,20,24
293589,2019-11-30,805,Feldkirch,Frauen,25 bis 29 Jahre,B9999,unbestimmt (nur Pst),1,25,29
293632,2019-11-30,805,Feldkirch,Frauen,35 bis 39 Jahre,B9999,unbestimmt (nur Pst),2,35,39
293668,2019-11-30,805,Feldkirch,Frauen,45 bis 49 Jahre,B9999,unbestimmt (nur Pst),1,45,49
293711,2019-11-30,805,Feldkirch,Männer,bis 19 Jahre,B9999,unbestimmt (nur Pst),6,0,19
293747,2019-11-30,805,Feldkirch,Männer,20 bis 24 Jahre,B9999,unbestimmt (nur Pst),1,20,24
293774,2019-11-30,805,Feldkirch,Männer,25 bis 29 Jahre,B9999,unbestimmt (nur Pst),1,25,29
293798,2019-11-30,805,Feldkirch,Männer,30 bis 34 Jahre,B9999,unbestimmt (nur Pst),1,30,34
293842,2019-11-30,805,Feldkirch,Männer,45 bis 49 Jahre,B9999,unbestimmt (nur Pst),1,45,49
294148,2019-11-30,958,Wien Johnstraße,Männer,20 bis 24 Jahre,B9999,unbestimmt (nur Pst),2,20,24
295040,2019-11-30,960,Wien Esteplatz,Frauen,20 bis 24 Jahre,B9999,unbestimmt (nur Pst),1,20,24
296328,2019-11-30,962,Wien Redergasse,Männer,55 bis 59 Jahre,B9999,unbestimmt (nur Pst),1,55,59
296879,2019-11-30,964,Wien Favoritenstraße,Frauen,20 bis 24 Jahre,B9999,unbestimmt (nur Pst),1,20,24
296998,2019-11-30,964,Wien Favoritenstraße,Frauen,30 bis 34 Jahre,B9999,unbestimmt (nur Pst),1,30,34
297141,2019-11-30,964,Wien Favoritenstraße,Frauen,45 bis 49 Jahre,B9999,unbestimmt (nur Pst),2,45,49
297729,2019-11-30,965,Wien Schönbrunner Straße,Frauen,20 bis 24 Jahre,B9999,unbestimmt (nur Pst),1,20,24
297955,2019-11-30,965,Wien Schönbrunner Straße,Frauen,45 bis 49 Jahre,B9999,unbestimmt (nur Pst),1,45,49
297980,2019-11-30,965,Wien Schönbrunner Straße,Frauen,50 bis 54 Jahre,B9999,unbestimmt (nur Pst),1,50,54
298078,2019-11-30,965,Wien Schönbrunner Straße,Männer,20 bis 24 Jahre,B9999,unbestimmt (nur Pst),1,20,24
298127,2019-11-30,965,Wien Schönbrunner Straße,Männer,25 bis 29 Jahre,B9999,unbestimmt (nur Pst),1,25,29
298190,2019-11-30,965,Wien Schönbrunner Straße,Männer,30 bis 34 Jahre,B9999,unbestimmt (nur Pst),1,30,34
298937,2019-11-30,966,Wien Hietzinger Kai,Männer,40 bis 44 Jahre,B9999,unbestimmt (nur Pst),1,40,44
299045,2019-11-30,966,Wien Hietzinger Kai,Männer,60 bis 64 Jahre,B9999,unbestimmt (nur Pst),1,60,64
299089,2019-11-30,967,Wien Huttengasse,Frauen,20 bis 24 Jahre,B9999,unbestimmt (nur Pst),1,20,24
299687,2019-11-30,967,Wien Huttengasse,Männer,35 bis 39 Jahre,B9999,unbestimmt (nur Pst),1,35,39
300266,2019-11-30,968,Wien Schloßhofer Straße,Männer,20 bis 24 Jahre,B9999,unbestimmt (nur Pst),1,20,24
300685,2019-11-30,969,Wien-Wagramer Straße,Frauen,30 bis 34 Jahre,B9999,unbestimmt (nur Pst),1,30,34
300801,2019-11-30,969,Wien-Wagramer Straße,Frauen,40 bis 44 Jahre,B9999,unbestimmt (nur Pst),1,40,44
301355,2019-11-30,970,Wien Jugendliche,Frauen,bis 19 Jahre,B9999,unbestimmt (nur Pst),28,0,19
301419,2019-11-30,970,Wien Jugendliche,Frauen,20 bis 24 Jahre,B9999,unbestimmt (nur Pst),2,20,24
301517,2019-11-30,970,Wien Jugendliche,Männer,bis 19 Jahre,B9999,unbestimmt (nur Pst),20,0,19
301601,2019-11-30,970,Wien Jugendliche,Männer,20 bis 24 Jahre,B9999,unbestimmt (nur Pst),5,20,24
301629,2019-11-30,974,Wien Austria Campus,Frauen,20 bis 24 Jahre,B9999,unbestimmt (nur Pst),2,20,24
301710,2019-11-30,974,Wien Austria Campus,Frauen,30 bis 34 Jahre,B9999,unbestimmt (nur Pst),1,30,34
302783,2019-12-31,101,Eisenstadt,Männer,bis 19 Jahre,B9999,unbestimmt (nur Pst),2,0,19
302848,2019-12-31,102,Mattersburg,Frauen,bis 19 Jahre,B9999,unbestimmt (nur Pst),1,0,19
302908,2019-12-31,102,Mattersburg,Männer,bis 19 Jahre,B9999,unbestimmt (nur Pst),1,0,19
302917,2019-12-31,102,Mattersburg,Männer,20 bis 24 Jahre,B9999,unbestimmt (nur Pst),1,20,24
303318,2019-12-31,105,Oberwart,Frauen,45 bis 49 Jahre,B9999,unbestimmt (nur Pst),1,45,49
303469,2019-12-31,106,Stegersbach,Frauen,bis 19 Jahre,B9999,unbestimmt (nur Pst),1,0,19
303714,2019-12-31,203,Klagenfurt,Frauen,bis 19 Jahre,B9999,unbestimmt (nur Pst),2,0,19
303736,2019-12-31,203,Klagenfurt,Frauen,20 bis 24 Jahre,B9999,unbestimmt (nur Pst),3,20,24
303804,2019-12-31,203,Klagenfurt,Frauen,35 bis 39 Jahre,B9999,unbestimmt (nur Pst),1,35,39
303861,2019-12-31,203,Klagenfurt,Frauen,50 bis 54 Jahre,B9999,unbestimmt (nur Pst),1,50,54
303898,2019-12-31,203,Klagenfurt,Männer,bis 19 Jahre,B9999,unbestimmt (nur Pst),3,0,19
303941,2019-12-31,203,Klagenfurt,Männer,20 bis 24 Jahre,B9999,unbestimmt (nur Pst),2,20,24
303989,2019-12-31,203,Klagenfurt,Männer,30 bis 34 Jahre,B9999,unbestimmt (nur Pst),2,30,34
304017,2019-12-31,203,Klagenfurt,Männer,40 bis 44 Jahre,B9999,unbestimmt (nur Pst),1,40,44
304068,2019-12-31,204,Spittal/Drau,Frauen,bis 19 Jahre,B9999,unbestimmt (nur Pst),1,0,19
304317,2019-12-31,206,Villach,Frauen,bis 19 Jahre,B9999,unbestimmt (nur Pst),1,0,19
304644,2019-12-31,207,Völkermarkt,Männer,bis 19 Jahre,B9999,unbestimmt (nur Pst),2,0,19
304704,2019-12-31,208,Wolfsberg,Frauen,20 bis 24 Jahre,B9999,unbestimmt (nur Pst),1,20,24
304747,2019-12-31,208,Wolfsberg,Männer,bis 19 Jahre,B9999,unbestimmt (nur Pst),1,0,19
304794,2019-12-31,301,Amstetten,Frauen,bis 19 Jahre,B9999,unbestimmt (nur Pst),4,0,19
304816,2019-12-31,301,Amstetten,Frauen,20 bis 24 Jahre,B9999,unbestimmt (nur Pst),1,20,24
304916,2019-12-31,301,Amstetten,Männer,bis 19 Jahre,B9999,unbestimmt (nur Pst),10,0,19
304955,2019-12-31,301,Amstetten,Männer,25 bis 29 Jahre,B9999,unbestimmt (nur Pst),1,25,29
305021,2019-12-31,304,Baden neu,Frauen,bis 19 Jahre,B9999,unbestimmt (nur Pst),8,0,19
305054,2019-12-31,304,Baden neu,Frauen,20 bis 24 Jahre,B9999,unbestimmt (nur Pst),4,20,24
305077,2019-12-31,304,Baden neu,Frauen,25 bis 29 Jahre,B9999,unbestimmt (nur Pst),2,25,29
305118,2019-12-31,304,Baden neu,Frauen,35 bis 39 Jahre,B9999,unbestimmt (nur Pst),2,35,39
305141,2019-12-31,304,Baden neu,Frauen,40 bis 44 Jahre,B9999,unbestimmt (nur Pst),1,40,44
305222,2019-12-31,304,Baden neu,Männer,bis 19 Jahre,B9999,unbestimmt (nur Pst),9,0,19
305269,2019-12-31,304,Baden neu,Männer,20 bis 24 Jahre,B9999,unbestimmt (nur Pst),2,20,24
305310,2019-12-31,304,Baden neu,Männer,30 bis 34 Jahre,B9999,unbestimmt (nur Pst),2,30,34
305343,2019-12-31,304,Baden neu,Männer,40 bis 44 Jahre,B9999,unbestimmt (nur Pst),1,40,44
305396,2019-12-31,306,Bruck/Leitha,Frauen,bis 19 Jahre,B9999,unbestimmt (nur Pst),1,0,19
305407,2019-12-31,306,Bruck/Leitha,Frauen,20 bis 24 Jahre,B9999,unbestimmt (nur Pst),1,20,24
305437,2019-12-31,306,Bruck/Leitha,Frauen,40 bis 44 Jahre,B9999,unbestimmt (nur Pst),2,40,44
305474,2019-12-31,306,Bruck/Leitha,Männer,bis 19 Jahre,B9999,unbestimmt (nur Pst),5,0,19
305515,2019-12-31,306,Bruck/Leitha,Männer,45 bis 49 Jahre,B9999,unbestimmt (nur Pst),1,45,49
305543,2019-12-31,308,Gänserndorf,Frauen,bis 19 Jahre,B9999,unbestimmt (nur Pst),3,0,19
305584,2019-12-31,308,Gänserndorf,Frauen,20 bis 24 Jahre,B9999,unbestimmt (nur Pst),2,20,24
305729,2019-12-31,308,Gänserndorf,Männer,bis 19 Jahre,B9999,unbestimmt (nur Pst),4,0,19
305776,2019-12-31,308,Gänserndorf,Männer,20 bis 24 Jahre,B9999,unbestimmt (nur Pst),1,20,24
305862,2019-12-31,311,Gmünd,Frauen,bis 19 Jahre,B9999,unbestimmt (nur Pst),1,0,19
305982,2019-12-31,312,Hollabrunn,Frauen,bis 19 Jahre,B9999,unbestimmt (nur Pst),2,0,19
305995,2019-12-31,312,Hollabrunn,Frauen,20 bis 24 Jahre,B9999,unbestimmt (nur Pst),1,20,24
306117,2019-12-31,313,Horn,Frauen,bis 19 Jahre,B9999,unbestimmt (nur Pst),1,0,19
306126,2019-12-31,313,Horn,Frauen,20 bis 24 Jahre,B9999,unbestimmt (nur Pst),1,20,24
306162,2019-12-31,313,Horn,Männer,bis 19 Jahre,B9999,unbestimmt (nur Pst),4,0,19
306171,2019-12-31,313,Horn,Männer,20 bis 24 Jahre,B9999,unbestimmt (nur Pst),2,20,24
306176,2019-12-31,313,Horn,Männer,25 bis 29 Jahre,B9999,unbestimmt (nur Pst),1,25,29
306206,2019-12-31,314,Korneuburg,Frauen,bis 19 Jahre,B9999,unbestimmt (nur Pst),1,0,19
306224,2019-12-31,314,Korneuburg,Frauen,20 bis 24 Jahre,B9999,unbestimmt (nur Pst),1,20,24
306331,2019-12-31,314,Korneuburg,Männer,bis 19 Jahre,B9999,unbestimmt (nur Pst),6,0,19
306427,2019-12-31,315,Krems,Frauen,bis 19 Jahre,B9999,unbestimmt (nur Pst),3,0,19
306451,2019-12-31,315,Krems,Frauen,20 bis 24 Jahre,B9999,unbestimmt (nur Pst),2,20,24
306566,2019-12-31,315,Krems,Männer,bis 19 Jahre,B9999,unbestimmt (nur Pst),1,0,19
306592,2019-12-31,315,Krems,Männer,20 bis 24 Jahre,B9999,unbestimmt (nur Pst),1,20,24
306677,2019-12-31,316,Lilienfeld,Frauen,bis 19 Jahre,B9999,unbestimmt (nur Pst),2,0,19
306686,2019-12-31,316,Lilienfeld,Frauen,20 bis 24 Jahre,B9999,unbestimmt (nur Pst),2,20,24
306696,2019-12-31,316,Lilienfeld,Frauen,25 bis 29 Jahre,B9999,unbestimmt (nur Pst),2,25,29
306706,2019-12-31,316,Lilienfeld,Frauen,30 bis 34 Jahre,B9999,unbestimmt (nur Pst),1,30,34
306727,2019-12-31,316,Lilienfeld,Frauen,45 bis 49 Jahre,B9999,unbestimmt (nur Pst),1,45,49
306732,2019-12-31,316,Lilienfeld,Frauen,50 bis 54 Jahre,B9999,unbestimmt (nur Pst),1,50,54
306744,2019-12-31,316,Lilienfeld,Männer,bis 19 Jahre,B9999,unbestimmt (nur Pst),2,0,19
306749,2019-12-31,316,Lilienfeld,Männer,20 bis 24 Jahre,B9999,unbestimmt (nur Pst),2,20,24
306858,2019-12-31,317,Melk,Frauen,40 bis 44 Jahre,B9999,unbestimmt (nur Pst),1,40,44
306983,2019-12-31,319,Mistelbach,Frauen,bis 19 Jahre,B9999,unbestimmt (nur Pst),8,0,19
307000,2019-12-31,319,Mistelbach,Frauen,20 bis 24 Jahre,B9999,unbestimmt (nur Pst),1,20,24
307007,2019-12-31,319,Mistelbach,Frauen,25 bis 29 Jahre,B9999,unbestimmt (nur Pst),1,25,29
307094,2019-12-31,319,Mistelbach,Männer,bis 19 Jahre,B9999,unbestimmt (nur Pst),3,0,19
307174,2019-12-31,321,Mödling,Frauen,bis 19 Jahre,B9999,unbestimmt (nur Pst),1,0,19
307201,2019-12-31,321,Mödling,Frauen,20 bis 24 Jahre,B9999,unbestimmt (nur Pst),2,20,24
307310,2019-12-31,321,Mödling,Frauen,50 bis 54 Jahre,B9999,unbestimmt (nur Pst),1,50,54
307343,2019-12-31,321,Mödling,Männer,bis 19 Jahre,B9999,unbestimmt (nur Pst),5,0,19
307379,2019-12-31,321,Mödling,Männer,20 bis 24 Jahre,B9999,unbestimmt (nur Pst),2,20,24
307474,2019-12-31,323,Neunkirchen,Frauen,bis 19 Jahre,B9999,unbestimmt (nur Pst),2,0,19
307623,2019-12-31,323,Neunkirchen,Männer,20 bis 24 Jahre,B9999,unbestimmt (nur Pst),1,20,24
307720,2019-12-31,326,St. Pölten,Frauen,bis 19 Jahre,B9999,unbestimmt (nur Pst),7,0,19
307752,2019-12-31,326,St. Pölten,Frauen,20 bis 24 Jahre,B9999,unbestimmt (nur Pst),2,20,24
307823,2019-12-31,326,St. Pölten,Frauen,35 bis 39 Jahre,B9999,unbestimmt (nur Pst),1,35,39
307847,2019-12-31,326,St. Pölten,Frauen,40 bis 44 Jahre,B9999,unbestimmt (nur Pst),1,40,44
307892,2019-12-31,326,St. Pölten,Frauen,50 bis 54 Jahre,B9999,unbestimmt (nur Pst),1,50,54
307901,2019-12-31,326,St. Pölten,Frauen,55 bis 59 Jahre,B9999,unbestimmt (nur Pst),1,55,59
307940,2019-12-31,326,St. Pölten,Männer,bis 19 Jahre,B9999,unbestimmt (nur Pst),6,0,19
307979,2019-12-31,326,St. Pölten,Männer,20 bis 24 Jahre,B9999,unbestimmt (nur Pst),2,20,24
308125,2019-12-31,326,St. Pölten,Männer,50 bis 54 Jahre,B9999,unbestimmt (nur Pst),1,50,54
308133,2019-12-31,326,St. Pölten,Männer,55 bis 59 Jahre,B9999,unbestimmt (nur Pst),1,55,59
308149,2019-12-31,328,Scheibbs,Frauen,bis 19 Jahre,B9999,unbestimmt (nur Pst),2,0,19
308156,2019-12-31,328,Scheibbs,Frauen,20 bis 24 Jahre,B9999,unbestimmt (nur Pst),2,20,24
308198,2019-12-31,328,Scheibbs,Männer,bis 19 Jahre,B9999,unbestimmt (nur Pst),2,0,19
308250,2019-12-31,329,Schwechat,Frauen,bis 19 Jahre,B9999,unbestimmt (nur Pst),2,0,19
308284,2019-12-31,329,Schwechat,Frauen,25 bis 29 Jahre,B9999,unbestimmt (nur Pst),1,25,29
308449,2019-12-31,331,Tulln,Frauen,bis 19 Jahre,B9999,unbestimmt (nur Pst),9,0,19
308467,2019-12-31,331,Tulln,Frauen,20 bis 24 Jahre,B9999,unbestimmt (nur Pst),2,20,24
308485,2019-12-31,331,Tulln,Frauen,25 bis 29 Jahre,B9999,unbestimmt (nur Pst),1,25,29
308495,2019-12-31,331,Tulln,Frauen,30 bis 34 Jahre,B9999,unbestimmt (nur Pst),1,30,34
308575,2019-12-31,331,Tulln,Männer,bis 19 Jahre,B9999,unbestimmt (nur Pst),11,0,19
308592,2019-12-31,331,Tulln,Männer,20 bis 24 Jahre,B9999,unbestimmt (nur Pst),3,20,24
308603,2019-12-31,331,Tulln,Männer,25 bis 29 Jahre,B9999,unbestimmt (nur Pst),1,25,29
308663,2019-12-31,332,Waidhofen/Thaya,Frauen,bis 19 Jahre,B9999,unbestimmt (nur Pst),1,0,19
308674,2019-12-31,332,Waidhofen/Thaya,Frauen,20 bis 24 Jahre,B9999,unbestimmt (nur Pst),1,20,24
308704,2019-12-31,332,Waidhofen/Thaya,Männer,bis 19 Jahre,B9999,unbestimmt (nur Pst),1,0,19
308776,2019-12-31,333,Waidhofen/Ybbs,Männer,bis 19 Jahre,B9999,unbestimmt (nur Pst),2,0,19
308813,2019-12-31,334,Wr. Neustadt,Frauen,bis 19 Jahre,B9999,unbestimmt (nur Pst),5,0,19
308841,2019-12-31,334,Wr. Neustadt,Frauen,20 bis 24 Jahre,B9999,unbestimmt (nur Pst),1,20,24
308919,2019-12-31,334,Wr. Neustadt,Frauen,40 bis 44 Jahre,B9999,unbestimmt (nur Pst),1,40,44
308983,2019-12-31,334,Wr. Neustadt,Männer,bis 19 Jahre,B9999,unbestimmt (nur Pst),3,0,19
309221,2019-12-31,401,Braunau,Frauen,bis 19 Jahre,B9999,unbestimmt (nur Pst),10,0,19
309273,2019-12-31,401,Braunau,Frauen,25 bis 29 Jahre,B9999,unbestimmt (nur Pst),1,25,29
309288,2019-12-31,401,Braunau,Frauen,30 bis 34 Jahre,B9999,unbestimmt (nur Pst),1,30,34
309368,2019-12-31,401,Braunau,Männer,bis 19 Jahre,B9999,unbestimmt (nur Pst),19,0,19
309393,2019-12-31,401,Braunau,Männer,20 bis 24 Jahre,B9999,unbestimmt (nur Pst),3,20,24
309407,2019-12-31,401,Braunau,Männer,25 bis 29 Jahre,B9999,unbestimmt (nur Pst),1,25,29
309421,2019-12-31,401,Braunau,Männer,30 bis 34 Jahre,B9999,unbestimmt (nur Pst),1,30,34
309506,2019-12-31,402,Eferding,Frauen,30 bis 34 Jahre,B9999,unbestimmt (nur Pst),1,30,34
309788,2019-12-31,404,Gmunden,Frauen,bis 19 Jahre,B9999,unbestimmt (nur Pst),3,0,19
309908,2019-12-31,404,Gmunden,Männer,bis 19 Jahre,B9999,unbestimmt (nur Pst),6,0,19
310028,2019-12-31,406,Grieskirchen,Frauen,bis 19 Jahre,B9999,unbestimmt (nur Pst),1,0,19
310140,2019-12-31,406,Grieskirchen,Männer,20 bis 24 Jahre,B9999,unbestimmt (nur Pst),1,20,24
310195,2019-12-31,407,Kirchdorf/Krems,Frauen,bis 19 Jahre,B9999,unbestimmt (nur Pst),3,0,19
310216,2019-12-31,407,Kirchdorf/Krems,Frauen,20 bis 24 Jahre,B9999,unbestimmt (nur Pst),1,20,24
310230,2019-12-31,407,Kirchdorf/Krems,Frauen,25 bis 29 Jahre,B9999,unbestimmt (nur Pst),1,25,29
310292,2019-12-31,407,Kirchdorf/Krems,Männer,bis 19 Jahre,B9999,unbestimmt (nur Pst),4,0,19
310385,2019-12-31,409,Linz neu,Frauen,bis 19 Jahre,B9999,unbestimmt (nur Pst),14,0,19
310429,2019-12-31,409,Linz neu,Frauen,20 bis 24 Jahre,B9999,unbestimmt (nur Pst),8,20,24
310468,2019-12-31,409,Linz neu,Frauen,25 bis 29 Jahre,B9999,unbestimmt (nur Pst),4,25,29
310509,2019-12-31,409,Linz neu,Frauen,30 bis 34 Jahre,B9999,unbestimmt (nur Pst),2,30,34
310547,2019-12-31,409,Linz neu,Frauen,35 bis 39 Jahre,B9999,unbestimmt (nur Pst),3,35,39
310580,2019-12-31,409,Linz neu,Frauen,40 bis 44 Jahre,B9999,unbestimmt (nur Pst),2,40,44
310610,2019-12-31,409,Linz neu,Frauen,45 bis 49 Jahre,B9999,unbestimmt (nur Pst),1,45,49
310637,2019-12-31,409,Linz neu,Frauen,50 bis 54 Jahre,B9999,unbestimmt (nur Pst),1,50,54
310694,2019-12-31,409,Linz neu,Männer,bis 19 Jahre,B9999,unbestimmt (nur Pst),30,0,19
310760,2019-12-31,409,Linz neu,Männer,20 bis 24 Jahre,B9999,unbestimmt (nur Pst),6,20,24
310855,2019-12-31,409,Linz neu,Männer,30 bis 34 Jahre,B9999,unbestimmt (nur Pst),1,30,34
310897,2019-12-31,409,Linz neu,Männer,35 bis 39 Jahre,B9999,unbestimmt (nur Pst),1,35,39
310992,2019-12-31,409,Linz neu,Männer,50 bis 54 Jahre,B9999,unbestimmt (nur Pst),1,50,54
311009,2019-12-31,409,Linz neu,Männer,55 bis 59 Jahre,B9999,unbestimmt (nur Pst),1,55,59
311025,2019-12-31,411,Perg,Frauen,bis 19 Jahre,B9999,unbestimmt (nur Pst),1,0,19
311036,2019-12-31,411,Perg,Frauen,20 bis 24 Jahre,B9999,unbestimmt (nur Pst),1,20,24
311078,2019-12-31,411,Perg,Frauen,35 bis 39 Jahre,B9999,unbestimmt (nur Pst),1,35,39
311101,2019-12-31,411,Perg,Frauen,45 bis 49 Jahre,B9999,unbestimmt (nur Pst),1,45,49
311135,2019-12-31,411,Perg,Männer,bis 19 Jahre,B9999,unbestimmt (nur Pst),1,0,19
311236,2019-12-31,412,Ried im Innkreis,Frauen,bis 19 Jahre,B9999,unbestimmt (nur Pst),2,0,19
311254,2019-12-31,412,Ried im Innkreis,Frauen,20 bis 24 Jahre,B9999,unbestimmt (nur Pst),2,20,24
311290,2019-12-31,412,Ried im Innkreis,Frauen,30 bis 34 Jahre,B9999,unbestimmt (nur Pst),1,30,34
311307,2019-12-31,412,Ried im Innkreis,Frauen,35 bis 39 Jahre,B9999,unbestimmt (nur Pst),1,35,39
311343,2019-12-31,412,Ried im Innkreis,Frauen,50 bis 54 Jahre,B9999,unbestimmt (nur Pst),1,50,54
311375,2019-12-31,412,Ried im Innkreis,Männer,bis 19 Jahre,B9999,unbestimmt (nur Pst),3,0,19
311401,2019-12-31,412,Ried im Innkreis,Männer,20 bis 24 Jahre,B9999,unbestimmt (nur Pst),3,20,24
311423,2019-12-31,412,Ried im Innkreis,Männer,30 bis 34 Jahre,B9999,unbestimmt (nur Pst),1,30,34
311481,2019-12-31,413,Rohrbach,Frauen,bis 19 Jahre,B9999,unbestimmt (nur Pst),1,0,19
311504,2019-12-31,413,Rohrbach,Frauen,25 bis 29 Jahre,B9999,unbestimmt (nur Pst),1,25,29
311568,2019-12-31,413,Rohrbach,Männer,bis 19 Jahre,B9999,unbestimmt (nur Pst),1,0,19
311614,2019-12-31,413,Rohrbach,Männer,40 bis 44 Jahre,B9999,unbestimmt (nur Pst),1,40,44
311797,2019-12-31,415,Steyr,Frauen,bis 19 Jahre,B9999,unbestimmt (nur Pst),9,0,19
311822,2019-12-31,415,Steyr,Frauen,20 bis 24 Jahre,B9999,unbestimmt (nur Pst),2,20,24
311847,2019-12-31,415,Steyr,Frauen,25 bis 29 Jahre,B9999,unbestimmt (nur Pst),1,25,29
311882,2019-12-31,415,Steyr,Frauen,35 bis 39 Jahre,B9999,unbestimmt (nur Pst),1,35,39
311971,2019-12-31,415,Steyr,Männer,bis 19 Jahre,B9999,unbestimmt (nur Pst),7,0,19
312011,2019-12-31,415,Steyr,Männer,20 bis 24 Jahre,B9999,unbestimmt (nur Pst),2,20,24
312052,2019-12-31,415,Steyr,Männer,30 bis 34 Jahre,B9999,unbestimmt (nur Pst),1,30,34
312122,2019-12-31,418,Vöcklabruck,Frauen,bis 19 Jahre,B9999,unbestimmt (nur Pst),8,0,19
312139,2019-12-31,418,Vöcklabruck,Frauen,20 bis 24 Jahre,B9999,unbestimmt (nur Pst),4,20,24
312308,2019-12-31,418,Vöcklabruck,Männer,bis 19 Jahre,B9999,unbestimmt (nur Pst),9,0,19
312502,2019-12-31,419,Wels,Frauen,20 bis 24 Jahre,B9999,unbestimmt (nur Pst),1,20,24
312563,2019-12-31,419,Wels,Frauen,35 bis 39 Jahre,B9999,unbestimmt (nur Pst),3,35,39
312588,2019-12-31,419,Wels,Frauen,45 bis 49 Jahre,B9999,unbestimmt (nur Pst),1,45,49
312728,2019-12-31,419,Wels,Männer,35 bis 39 Jahre,B9999,unbestimmt (nur Pst),1,35,39
312778,2019-12-31,419,Wels,Männer,50 bis 54 Jahre,B9999,unbestimmt (nur Pst),1,50,54
312820,2019-12-31,421,Traun,Frauen,bis 19 Jahre,B9999,unbestimmt (nur Pst),2,0,19
312844,2019-12-31,421,Traun,Frauen,20 bis 24 Jahre,B9999,unbestimmt (nur Pst),2,20,24
312865,2019-12-31,421,Traun,Frauen,25 bis 29 Jahre,B9999,unbestimmt (nur Pst),1,25,29
312889,2019-12-31,421,Traun,Frauen,30 bis 34 Jahre,B9999,unbestimmt (nur Pst),2,30,34
312914,2019-12-31,421,Traun,Frauen,35 bis 39 Jahre,B9999,unbestimmt (nur Pst),1,35,39
313025,2019-12-31,421,Traun,Männer,bis 19 Jahre,B9999,unbestimmt (nur Pst),3,0,19
313051,2019-12-31,421,Traun,Männer,20 bis 24 Jahre,B9999,unbestimmt (nur Pst),2,20,24
313098,2019-12-31,421,Traun,Männer,30 bis 34 Jahre,B9999,unbestimmt (nur Pst),1,30,34
313199,2019-12-31,501,Bischofshofen,Frauen,bis 19 Jahre,B9999,unbestimmt (nur Pst),1,0,19
313247,2019-12-31,501,Bischofshofen,Frauen,35 bis 39 Jahre,B9999,unbestimmt (nur Pst),3,35,39
313260,2019-12-31,501,Bischofshofen,Frauen,40 bis 44 Jahre,B9999,unbestimmt (nur Pst),1,40,44
313274,2019-12-31,501,Bischofshofen,Frauen,45 bis 49 Jahre,B9999,unbestimmt (nur Pst),1,45,49
313280,2019-12-31,501,Bischofshofen,Frauen,50 bis 54 Jahre,B9999,unbestimmt (nur Pst),1,50,54
313304,2019-12-31,501,Bischofshofen,Männer,bis 19 Jahre,B9999,unbestimmt (nur Pst),2,0,19
313333,2019-12-31,501,Bischofshofen,Männer,30 bis 34 Jahre,B9999,unbestimmt (nur Pst),1,30,34
313418,2019-12-31,503,Hallein,Frauen,50 bis 54 Jahre,B9999,unbestimmt (nur Pst),1,50,54
313511,2019-12-31,504,Salzburg,Frauen,bis 19 Jahre,B9999,unbestimmt (nur Pst),1,0,19
313551,2019-12-31,504,Salzburg,Frauen,20 bis 24 Jahre,B9999,unbestimmt (nur Pst),1,20,24
313652,2019-12-31,504,Salzburg,Frauen,35 bis 39 Jahre,B9999,unbestimmt (nur Pst),1,35,39
313681,2019-12-31,504,Salzburg,Frauen,40 bis 44 Jahre,B9999,unbestimmt (nur Pst),1,40,44
313705,2019-12-31,504,Salzburg,Frauen,45 bis 49 Jahre,B9999,unbestimmt (nur Pst),2,45,49
313959,2019-12-31,504,Salzburg,Männer,40 bis 44 Jahre,B9999,unbestimmt (nur Pst),1,40,44
314017,2019-12-31,504,Salzburg,Männer,50 bis 54 Jahre,B9999,unbestimmt (nur Pst),1,50,54
314087,2019-12-31,506,Zell am See,Frauen,bis 19 Jahre,B9999,unbestimmt (nur Pst),1,0,19
314106,2019-12-31,506,Zell am See,Frauen,25 bis 29 Jahre,B9999,unbestimmt (nur Pst),1,25,29
314130,2019-12-31,506,Zell am See,Frauen,45 bis 49 Jahre,B9999,unbestimmt (nur Pst),1,45,49
314146,2019-12-31,506,Zell am See,Männer,bis 19 Jahre,B9999,unbestimmt (nur Pst),4,0,19
314156,2019-12-31,506,Zell am See,Männer,20 bis 24 Jahre,B9999,unbestimmt (nur Pst),1,20,24
314191,2019-12-31,601,Bruck/Mur,Frauen,bis 19 Jahre,B9999,unbestimmt (nur Pst),4,0,19
314209,2019-12-31,601,Bruck/Mur,Frauen,20 bis 24 Jahre,B9999,unbestimmt (nur Pst),4,20,24
314287,2019-12-31,601,Bruck/Mur,Frauen,50 bis 54 Jahre,B9999,unbestimmt (nur Pst),1,50,54
314311,2019-12-31,601,Bruck/Mur,Männer,bis 19 Jahre,B9999,unbestimmt (nur Pst),2,0,19
314616,2019-12-31,604,Feldbach,Frauen,bis 19 Jahre,B9999,unbestimmt (nur Pst),2,0,19
314738,2019-12-31,604,Feldbach,Männer,bis 19 Jahre,B9999,unbestimmt (nur Pst),2,0,19
314851,2019-12-31,606,Gleisdorf,Frauen,20 bis 24 Jahre,B9999,unbestimmt (nur Pst),2,20,24
314933,2019-12-31,606,Gleisdorf,Männer,bis 19 Jahre,B9999,unbestimmt (nur Pst),1,0,19
314992,2019-12-31,609,Hartberg,Frauen,bis 19 Jahre,B9999,unbestimmt (nur Pst),4,0,19
315031,2019-12-31,609,Hartberg,Frauen,25 bis 29 Jahre,B9999,unbestimmt (nur Pst),1,25,29
315171,2019-12-31,609,Hartberg,Männer,20 bis 24 Jahre,B9999,unbestimmt (nur Pst),2,20,24
315282,2019-12-31,610,Judenburg,Frauen,bis 19 Jahre,B9999,unbestimmt (nur Pst),1,0,19
315300,2019-12-31,610,Judenburg,Frauen,20 bis 24 Jahre,B9999,unbestimmt (nur Pst),1,20,24
315319,2019-12-31,610,Judenburg,Frauen,25 bis 29 Jahre,B9999,unbestimmt (nur Pst),1,25,29
315330,2019-12-31,610,Judenburg,Frauen,30 bis 34 Jahre,B9999,unbestimmt (nur Pst),1,30,34
315398,2019-12-31,610,Judenburg,Männer,bis 19 Jahre,B9999,unbestimmt (nur Pst),2,0,19
315416,2019-12-31,610,Judenburg,Männer,20 bis 24 Jahre,B9999,unbestimmt (nur Pst),1,20,24
315430,2019-12-31,610,Judenburg,Männer,25 bis 29 Jahre,B9999,unbestimmt (nur Pst),1,25,29
315442,2019-12-31,610,Judenburg,Männer,30 bis 34 Jahre,B9999,unbestimmt (nur Pst),1,30,34
315492,2019-12-31,611,Murau,Frauen,bis 19 Jahre,B9999,unbestimmt (nur Pst),2,0,19
315500,2019-12-31,611,Murau,Frauen,20 bis 24 Jahre,B9999,unbestimmt (nur Pst),3,20,24
315553,2019-12-31,611,Murau,Männer,35 bis 39 Jahre,B9999,unbestimmt (nur Pst),1,35,39
315577,2019-12-31,614,Leibnitz,Frauen,bis 19 Jahre,B9999,unbestimmt (nur Pst),5,0,19
315598,2019-12-31,614,Leibnitz,Frauen,20 bis 24 Jahre,B9999,unbestimmt (nur Pst),1,20,24
315735,2019-12-31,614,Leibnitz,Männer,20 bis 24 Jahre,B9999,unbestimmt (nur Pst),1,20,24
315813,2019-12-31,616,Leoben,Frauen,bis 19 Jahre,B9999,unbestimmt (nur Pst),2,0,19
315837,2019-12-31,616,Leoben,Frauen,20 bis 24 Jahre,B9999,unbestimmt (nur Pst),1,20,24
315853,2019-12-31,616,Leoben,Frauen,25 bis 29 Jahre,B9999,unbestimmt (nur Pst),1,25,29
315936,2019-12-31,616,Leoben,Männer,bis 19 Jahre,B9999,unbestimmt (nur Pst),3,0,19
315966,2019-12-31,616,Leoben,Männer,25 bis 29 Jahre,B9999,unbestimmt (nur Pst),1,25,29
316034,2019-12-31,618,Liezen,Frauen,bis 19 Jahre,B9999,unbestimmt (nur Pst),1,0,19
316102,2019-12-31,618,Liezen,Frauen,45 bis 49 Jahre,B9999,unbestimmt (nur Pst),1,45,49
316225,2019-12-31,621,Mürzzuschlag,Frauen,bis 19 Jahre,B9999,unbestimmt (nur Pst),2,0,19
316248,2019-12-31,621,Mürzzuschlag,Frauen,20 bis 24 Jahre,B9999,unbestimmt (nur Pst),1,20,24
316276,2019-12-31,621,Mürzzuschlag,Frauen,40 bis 44 Jahre,B9999,unbestimmt (nur Pst),1,40,44
316305,2019-12-31,621,Mürzzuschlag,Männer,bis 19 Jahre,B9999,unbestimmt (nur Pst),4,0,19
316335,2019-12-31,621,Mürzzuschlag,Männer,25 bis 29 Jahre,B9999,unbestimmt (nur Pst),1,25,29
316389,2019-12-31,622,Voitsberg,Frauen,bis 19 Jahre,B9999,unbestimmt (nur Pst),3,0,19
316410,2019-12-31,622,Voitsberg,Frauen,20 bis 24 Jahre,B9999,unbestimmt (nur Pst),1,20,24
316574,2019-12-31,623,Weiz,Frauen,bis 19 Jahre,B9999,unbestimmt (nur Pst),1,0,19
316590,2019-12-31,623,Weiz,Frauen,25 bis 29 Jahre,B9999,unbestimmt (nur Pst),1,25,29
316613,2019-12-31,623,Weiz,Frauen,40 bis 44 Jahre,B9999,unbestimmt (nur Pst),1,40,44
316621,2019-12-31,623,Weiz,Frauen,45 bis 49 Jahre,B9999,unbestimmt (nur Pst),1,45,49
316656,2019-12-31,623,Weiz,Männer,20 bis 24 Jahre,B9999,unbestimmt (nur Pst),1,20,24
316684,2019-12-31,623,Weiz,Männer,40 bis 44 Jahre,B9999,unbestimmt (nur Pst),1,40,44
316691,2019-12-31,623,Weiz,Männer,45 bis 49 Jahre,B9999,unbestimmt (nur Pst),1,45,49
316744,2019-12-31,630,Graz-West und Umgebung,Frauen,bis 19 Jahre,B9999,unbestimmt (nur Pst),12,0,19
316796,2019-12-31,630,Graz-West und Umgebung,Frauen,20 bis 24 Jahre,B9999,unbestimmt (nur Pst),4,20,24
316851,2019-12-31,630,Graz-West und Umgebung,Frauen,25 bis 29 Jahre,B9999,unbestimmt (nur Pst),1,25,29
317025,2019-12-31,630,Graz-West und Umgebung,Frauen,45 bis 49 Jahre,B9999,unbestimmt (nur Pst),1,45,49
317120,2019-12-31,630,Graz-West und Umgebung,Männer,bis 19 Jahre,B9999,unbestimmt (nur Pst),10,0,19
317195,2019-12-31,630,Graz-West und Umgebung,Männer,20 bis 24 Jahre,B9999,unbestimmt (nur Pst),4,20,24
317249,2019-12-31,630,Graz-West und Umgebung,Männer,25 bis 29 Jahre,B9999,unbestimmt (nur Pst),1,25,29
317325,2019-12-31,630,Graz-West und Umgebung,Männer,35 bis 39 Jahre,B9999,unbestimmt (nur Pst),1,35,39
317449,2019-12-31,631,Graz-Ost,Frauen,bis 19 Jahre,B9999,unbestimmt (nur Pst),4,0,19
317480,2019-12-31,631,Graz-Ost,Frauen,20 bis 24 Jahre,B9999,unbestimmt (nur Pst),3,20,24
317559,2019-12-31,631,Graz-Ost,Frauen,30 bis 34 Jahre,B9999,unbestimmt (nur Pst),1,30,34
317592,2019-12-31,631,Graz-Ost,Frauen,35 bis 39 Jahre,B9999,unbestimmt (nur Pst),2,35,39
317675,2019-12-31,631,Graz-Ost,Frauen,55 bis 59 Jahre,B9999,unbestimmt (nur Pst),1,55,59
317705,2019-12-31,631,Graz-Ost,Männer,bis 19 Jahre,B9999,unbestimmt (nur Pst),9,0,19
317751,2019-12-31,631,Graz-Ost,Männer,20 bis 24 Jahre,B9999,unbestimmt (nur Pst),1,20,24
317789,2019-12-31,631,Graz-Ost,Männer,25 bis 29 Jahre,B9999,unbestimmt (nur Pst),1,25,29
317915,2019-12-31,701,Imst,Frauen,bis 19 Jahre,B9999,unbestimmt (nur Pst),1,0,19
317965,2019-12-31,701,Imst,Männer,bis 19 Jahre,B9999,unbestimmt (nur Pst),3,0,19
318007,2019-12-31,702,Innsbruck,Frauen,bis 19 Jahre,B9999,unbestimmt (nur Pst),4,0,19
318028,2019-12-31,702,Innsbruck,Frauen,20 bis 24 Jahre,B9999,unbestimmt (nur Pst),1,20,24
318055,2019-12-31,702,Innsbruck,Frauen,25 bis 29 Jahre,B9999,unbestimmt (nur Pst),5,25,29
318115,2019-12-31,702,Innsbruck,Frauen,35 bis 39 Jahre,B9999,unbestimmt (nur Pst),1,35,39
318151,2019-12-31,702,Innsbruck,Frauen,45 bis 49 Jahre,B9999,unbestimmt (nur Pst),3,45,49
318178,2019-12-31,702,Innsbruck,Frauen,55 bis 59 Jahre,B9999,unbestimmt (nur Pst),1,55,59
318213,2019-12-31,702,Innsbruck,Männer,bis 19 Jahre,B9999,unbestimmt (nur Pst),3,0,19
318297,2019-12-31,702,Innsbruck,Männer,30 bis 34 Jahre,B9999,unbestimmt (nur Pst),1,30,34
318318,2019-12-31,702,Innsbruck,Männer,35 bis 39 Jahre,B9999,unbestimmt (nur Pst),5,35,39
318363,2019-12-31,702,Innsbruck,Männer,45 bis 49 Jahre,B9999,unbestimmt (nur Pst),1,45,49
318427,2019-12-31,704,Kitzbühel,Männer,bis 19 Jahre,B9999,unbestimmt (nur Pst),1,0,19
318470,2019-12-31,705,Kufstein,Frauen,bis 19 Jahre,B9999,unbestimmt (nur Pst),2,0,19
318489,2019-12-31,705,Kufstein,Frauen,20 bis 24 Jahre,B9999,unbestimmt (nur Pst),1,20,24
318506,2019-12-31,705,Kufstein,Frauen,25 bis 29 Jahre,B9999,unbestimmt (nur Pst),1,25,29
318521,2019-12-31,705,Kufstein,Frauen,30 bis 34 Jahre,B9999,unbestimmt (nur Pst),1,30,34
318585,2019-12-31,705,Kufstein,Männer,bis 19 Jahre,B9999,unbestimmt (nur Pst),9,0,19
318607,2019-12-31,705,Kufstein,Männer,20 bis 24 Jahre,B9999,unbestimmt (nur Pst),1,20,24
318620,2019-12-31,705,Kufstein,Männer,25 bis 29 Jahre,B9999,unbestimmt (nur Pst),1,25,29
318656,2019-12-31,705,Kufstein,Männer,50 bis 54 Jahre,B9999,unbestimmt (nur Pst),1,50,54
318668,2019-12-31,706,Landeck,Frauen,bis 19 Jahre,B9999,unbestimmt (nur Pst),4,0,19
318705,2019-12-31,706,Landeck,Männer,bis 19 Jahre,B9999,unbestimmt (nur Pst),4,0,19
318713,2019-12-31,706,Landeck,Männer,20 bis 24 Jahre,B9999,unbestimmt (nur Pst),2,20,24
318772,2019-12-31,707,Lienz,Männer,bis 19 Jahre,B9999,unbestimmt (nur Pst),1,0,19
318854,2019-12-31,708,Reutte,Männer,55 bis 59 Jahre,B9999,unbestimmt (nur Pst),1,55,59
318869,2019-12-31,709,Schwaz,Frauen,bis 19 Jahre,B9999,unbestimmt (nur Pst),8,0,19
318885,2019-12-31,709,Schwaz,Frauen,25 bis 29 Jahre,B9999,unbestimmt (nur Pst),1,25,29
318940,2019-12-31,709,Schwaz,Männer,bis 19 Jahre,B9999,unbestimmt (nur Pst),2,0,19
318955,2019-12-31,709,Schwaz,Männer,25 bis 29 Jahre,B9999,unbestimmt (nur Pst),1,25,29
318970,2019-12-31,709,Schwaz,Männer,35 bis 39 Jahre,B9999,unbestimmt (nur Pst),1,35,39
318978,2019-12-31,709,Schwaz,Männer,45 bis 49 Jahre,B9999,unbestimmt (nur Pst),1,45,49
319010,2019-12-31,801,Bludenz,Frauen,20 bis 24 Jahre,B9999,unbestimmt (nur Pst),1,20,24
319040,2019-12-31,801,Bludenz,Frauen,30 bis 34 Jahre,B9999,unbestimmt (nur Pst),1,30,34
319050,2019-12-31,801,Bludenz,Frauen,35 bis 39 Jahre,B9999,unbestimmt (nur Pst),1,35,39
319116,2019-12-31,801,Bludenz,Männer,25 bis 29 Jahre,B9999,unbestimmt (nur Pst),2,25,29
319208,2019-12-31,802,Bregenz,Frauen,20 bis 24 Jahre,B9999,unbestimmt (nur Pst),2,20,24
319230,2019-12-31,802,Bregenz,Frauen,25 bis 29 Jahre,B9999,unbestimmt (nur Pst),1,25,29
319275,2019-12-31,802,Bregenz,Frauen,35 bis 39 Jahre,B9999,unbestimmt (nur Pst),1,35,39
319404,2019-12-31,802,Bregenz,Männer,20 bis 24 Jahre,B9999,unbestimmt (nur Pst),1,20,24
319532,2019-12-31,804,Dornbirn,Frauen,bis 19 Jahre,B9999,unbestimmt (nur Pst),1,0,19
319628,2019-12-31,804,Dornbirn,Frauen,40 bis 44 Jahre,B9999,unbestimmt (nur Pst),1,40,44
319649,2019-12-31,804,Dornbirn,Frauen,50 bis 54 Jahre,B9999,unbestimmt (nur Pst),1,50,54
319717,2019-12-31,804,Dornbirn,Männer,20 bis 24 Jahre,B9999,unbestimmt (nur Pst),1,20,24
319791,2019-12-31,804,Dornbirn,Männer,50 bis 54 Jahre,B9999,unbestimmt (nur Pst),1,50,54
319821,2019-12-31,805,Feldkirch,Frauen,bis 19 Jahre,B9999,unbestimmt (nur Pst),5,0,19
319851,2019-12-31,805,Feldkirch,Frauen,20 bis 24 Jahre,B9999,unbestimmt (nur Pst),1,20,24
319911,2019-12-31,805,Feldkirch,Frauen,35 bis 39 Jahre,B9999,unbestimmt (nur Pst),2,35,39
319945,2019-12-31,805,Feldkirch,Frauen,45 bis 49 Jahre,B9999,unbestimmt (nur Pst),1,45,49
319983,2019-12-31,805,Feldkirch,Männer,bis 19 Jahre,B9999,unbestimmt (nur Pst),6,0,19
320016,2019-12-31,805,Feldkirch,Männer,20 bis 24 Jahre,B9999,unbestimmt (nur Pst),1,20,24
320041,2019-12-31,805,Feldkirch,Männer,25 bis 29 Jahre,B9999,unbestimmt (nur Pst),1,25,29
320060,2019-12-31,805,Feldkirch,Männer,30 bis 34 Jahre,B9999,unbestimmt (nur Pst),1,30,34
320384,2019-12-31,958,Wien Johnstraße,Männer,20 bis 24 Jahre,B9999,unbestimmt (nur Pst),1,20,24
321176,2019-12-31,960,Wien Esteplatz,Frauen,20 bis 24 Jahre,B9999,unbestimmt (nur Pst),1,20,24
321364,2019-12-31,960,Wien Esteplatz,Frauen,45 bis 49 Jahre,B9999,unbestimmt (nur Pst),1,45,49
322041,2019-12-31,962,Wien Redergasse,Männer,20 bis 24 Jahre,B9999,unbestimmt (nur Pst),1,20,24
322879,2019-12-31,964,Wien Favoritenstraße,Frauen,20 bis 24 Jahre,B9999,unbestimmt (nur Pst),1,20,24
322997,2019-12-31,964,Wien Favoritenstraße,Frauen,30 bis 34 Jahre,B9999,unbestimmt (nur Pst),1,30,34
323134,2019-12-31,964,Wien Favoritenstraße,Frauen,45 bis 49 Jahre,B9999,unbestimmt (nur Pst),1,45,49
323680,2019-12-31,965,Wien Schönbrunner Straße,Frauen,20 bis 24 Jahre,B9999,unbestimmt (nur Pst),1,20,24
324124,2019-12-31,965,Wien Schönbrunner Straße,Männer,30 bis 34 Jahre,B9999,unbestimmt (nur Pst),1,30,34
324855,2019-12-31,966,Wien Hietzinger Kai,Männer,40 bis 44 Jahre,B9999,unbestimmt (nur Pst),1,40,44
324962,2019-12-31,966,Wien Hietzinger Kai,Männer,60 bis 64 Jahre,B9999,unbestimmt (nur Pst),1,60,64
325003,2019-12-31,967,Wien Huttengasse,Frauen,20 bis 24 Jahre,B9999,unbestimmt (nur Pst),1,20,24
325567,2019-12-31,967,Wien Huttengasse,Männer,35 bis 39 Jahre,B9999,unbestimmt (nur Pst),1,35,39
326106,2019-12-31,968,Wien Schloßhofer Straße,Männer,20 bis 24 Jahre,B9999,unbestimmt (nur Pst),1,20,24
327150,2019-12-31,970,Wien Jugendliche,Frauen,bis 19 Jahre,B9999,unbestimmt (nur Pst),22,0,19
327214,2019-12-31,970,Wien Jugendliche,Frauen,20 bis 24 Jahre,B9999,unbestimmt (nur Pst),2,20,24
327310,2019-12-31,970,Wien Jugendliche,Männer,bis 19 Jahre,B9999,unbestimmt (nur Pst),15,0,19
327396,2019-12-31,970,Wien Jugendliche,Männer,20 bis 24 Jahre,B9999,unbestimmt (nur Pst),2,20,24
327426,2019-12-31,974,Wien Austria Campus,Frauen,20 bis 24 Jahre,B9999,unbestimmt (nur Pst),1,20,24
327688,2019-12-31,974,Wien Austria Campus,Männer,20 bis 24 Jahre,B9999,unbestimmt (nur Pst),1,20,24
328520,2020-01-31,101,Eisenstadt,Männer,bis 19 Jahre,B9999,unbestimmt (nur Pst),2,0,19
328609,2020-01-31,102,Mattersburg,Frauen,bis 19 Jahre,B9999,unbestimmt (nur Pst),1,0,19
328690,2020-01-31,102,Mattersburg,Männer,25 bis 29 Jahre,B9999,unbestimmt (nur Pst),1,25,29
329148,2020-01-31,105,Oberwart,Frauen,45 bis 49 Jahre,B9999,unbestimmt (nur Pst),1,45,49
329313,2020-01-31,106,Stegersbach,Frauen,bis 19 Jahre,B9999,unbestimmt (nur Pst),1,0,19
329678,2020-01-31,203,Klagenfurt,Frauen,bis 19 Jahre,B9999,unbestimmt (nur Pst),2,0,19
329708,2020-01-31,203,Klagenfurt,Frauen,20 bis 24 Jahre,B9999,unbestimmt (nur Pst),3,20,24
329728,2020-01-31,203,Klagenfurt,Frauen,25 bis 29 Jahre,B9999,unbestimmt (nur Pst),1,25,29
329842,2020-01-31,203,Klagenfurt,Frauen,50 bis 54 Jahre,B9999,unbestimmt (nur Pst),1,50,54
329885,2020-01-31,203,Klagenfurt,Männer,bis 19 Jahre,B9999,unbestimmt (nur Pst),3,0,19
329929,2020-01-31,203,Klagenfurt,Männer,20 bis 24 Jahre,B9999,unbestimmt (nur Pst),2,20,24
329985,2020-01-31,203,Klagenfurt,Männer,30 bis 34 Jahre,B9999,unbestimmt (nur Pst),2,30,34
330021,2020-01-31,203,Klagenfurt,Männer,40 bis 44 Jahre,B9999,unbestimmt (nur Pst),1,40,44
330837,2020-01-31,207,Völkermarkt,Männer,bis 19 Jahre,B9999,unbestimmt (nur Pst),2,0,19
330924,2020-01-31,208,Wolfsberg,Frauen,20 bis 24 Jahre,B9999,unbestimmt (nur Pst),1,20,24
330993,2020-01-31,208,Wolfsberg,Männer,bis 19 Jahre,B9999,unbestimmt (nur Pst),1,0,19
331091,2020-01-31,301,Amstetten,Frauen,bis 19 Jahre,B9999,unbestimmt (nur Pst),4,0,19
331114,2020-01-31,301,Amstetten,Frauen,20 bis 24 Jahre,B9999,unbestimmt (nur Pst),2,20,24
331227,2020-01-31,301,Amstetten,Männer,bis 19 Jahre,B9999,unbestimmt (nur Pst),10,0,19
331270,2020-01-31,301,Amstetten,Männer,25 bis 29 Jahre,B9999,unbestimmt (nur Pst),1,25,29
331350,2020-01-31,304,Baden neu,Frauen,bis 19 Jahre,B9999,unbestimmt (nur Pst),8,0,19
331385,2020-01-31,304,Baden neu,Frauen,20 bis 24 Jahre,B9999,unbestimmt (nur Pst),6,20,24
331409,2020-01-31,304,Baden neu,Frauen,25 bis 29 Jahre,B9999,unbestimmt (nur Pst),2,25,29
331461,2020-01-31,304,Baden neu,Frauen,35 bis 39 Jahre,B9999,unbestimmt (nur Pst),2,35,39
331484,2020-01-31,304,Baden neu,Frauen,40 bis 44 Jahre,B9999,unbestimmt (nur Pst),1,40,44
331581,2020-01-31,304,Baden neu,Männer,bis 19 Jahre,B9999,unbestimmt (nur Pst),7,0,19
331629,2020-01-31,304,Baden neu,Männer,20 bis 24 Jahre,B9999,unbestimmt (nur Pst),3,20,24
331653,2020-01-31,304,Baden neu,Männer,25 bis 29 Jahre,B9999,unbestimmt (nur Pst),1,25,29
331673,2020-01-31,304,Baden neu,Männer,30 bis 34 Jahre,B9999,unbestimmt (nur Pst),2,30,34
331708,2020-01-31,304,Baden neu,Männer,40 bis 44 Jahre,B9999,unbestimmt (nur Pst),1,40,44
331768,2020-01-31,306,Bruck/Leitha,Frauen,bis 19 Jahre,B9999,unbestimmt (nur Pst),1,0,19
331782,2020-01-31,306,Bruck/Leitha,Frauen,20 bis 24 Jahre,B9999,unbestimmt (nur Pst),1,20,24
331820,2020-01-31,306,Bruck/Leitha,Frauen,40 bis 44 Jahre,B9999,unbestimmt (nur Pst),2,40,44
331853,2020-01-31,306,Bruck/Leitha,Männer,bis 19 Jahre,B9999,unbestimmt (nur Pst),5,0,19
331902,2020-01-31,306,Bruck/Leitha,Männer,45 bis 49 Jahre,B9999,unbestimmt (nur Pst),1,45,49
331932,2020-01-31,308,Gänserndorf,Frauen,bis 19 Jahre,B9999,unbestimmt (nur Pst),2,0,19
331976,2020-01-31,308,Gänserndorf,Frauen,20 bis 24 Jahre,B9999,unbestimmt (nur Pst),2,20,24
332150,2020-01-31,308,Gänserndorf,Männer,bis 19 Jahre,B9999,unbestimmt (nur Pst),4,0,19
332200,2020-01-31,308,Gänserndorf,Männer,20 bis 24 Jahre,B9999,unbestimmt (nur Pst),2,20,24
332316,2020-01-31,311,Gmünd,Frauen,bis 19 Jahre,B9999,unbestimmt (nur Pst),1,0,19
332450,2020-01-31,312,Hollabrunn,Frauen,bis 19 Jahre,B9999,unbestimmt (nur Pst),1,0,19
332462,2020-01-31,312,Hollabrunn,Frauen,20 bis 24 Jahre,B9999,unbestimmt (nur Pst),1,20,24
332607,2020-01-31,313,Horn,Frauen,bis 19 Jahre,B9999,unbestimmt (nur Pst),2,0,19
332613,2020-01-31,313,Horn,Frauen,20 bis 24 Jahre,B9999,unbestimmt (nur Pst),1,20,24
332659,2020-01-31,313,Horn,Männer,bis 19 Jahre,B9999,unbestimmt (nur Pst),4,0,19
332671,2020-01-31,313,Horn,Männer,20 bis 24 Jahre,B9999,unbestimmt (nur Pst),2,20,24
332676,2020-01-31,313,Horn,Männer,25 bis 29 Jahre,B9999,unbestimmt (nur Pst),1,25,29
332713,2020-01-31,314,Korneuburg,Frauen,bis 19 Jahre,B9999,unbestimmt (nur Pst),2,0,19
332735,2020-01-31,314,Korneuburg,Frauen,20 bis 24 Jahre,B9999,unbestimmt (nur Pst),1,20,24
332793,2020-01-31,314,Korneuburg,Frauen,40 bis 44 Jahre,B9999,unbestimmt (nur Pst),1,40,44
332861,2020-01-31,314,Korneuburg,Männer,bis 19 Jahre,B9999,unbestimmt (nur Pst),5,0,19
332967,2020-01-31,315,Krems,Frauen,bis 19 Jahre,B9999,unbestimmt (nur Pst),4,0,19
332991,2020-01-31,315,Krems,Frauen,20 bis 24 Jahre,B9999,unbestimmt (nur Pst),1,20,24
333107,2020-01-31,315,Krems,Männer,bis 19 Jahre,B9999,unbestimmt (nur Pst),1,0,19
333224,2020-01-31,316,Lilienfeld,Frauen,bis 19 Jahre,B9999,unbestimmt (nur Pst),1,0,19
333234,2020-01-31,316,Lilienfeld,Frauen,20 bis 24 Jahre,B9999,unbestimmt (nur Pst),2,20,24
333243,2020-01-31,316,Lilienfeld,Frauen,25 bis 29 Jahre,B9999,unbestimmt (nur Pst),2,25,29
333271,2020-01-31,316,Lilienfeld,Frauen,45 bis 49 Jahre,B9999,unbestimmt (nur Pst),1,45,49
333276,2020-01-31,316,Lilienfeld,Frauen,50 bis 54 Jahre,B9999,unbestimmt (nur Pst),1,50,54
333292,2020-01-31,316,Lilienfeld,Männer,bis 19 Jahre,B9999,unbestimmt (nur Pst),2,0,19
333298,2020-01-31,316,Lilienfeld,Männer,20 bis 24 Jahre,B9999,unbestimmt (nur Pst),1,20,24
333412,2020-01-31,317,Melk,Frauen,40 bis 44 Jahre,B9999,unbestimmt (nur Pst),1,40,44
333542,2020-01-31,319,Mistelbach,Frauen,bis 19 Jahre,B9999,unbestimmt (nur Pst),8,0,19
333565,2020-01-31,319,Mistelbach,Frauen,20 bis 24 Jahre,B9999,unbestimmt (nur Pst),2,20,24
333574,2020-01-31,319,Mistelbach,Frauen,25 bis 29 Jahre,B9999,unbestimmt (nur Pst),1,25,29
333669,2020-01-31,319,Mistelbach,Männer,bis 19 Jahre,B9999,unbestimmt (nur Pst),4,0,19
333762,2020-01-31,321,Mödling,Frauen,bis 19 Jahre,B9999,unbestimmt (nur Pst),3,0,19
333789,2020-01-31,321,Mödling,Frauen,20 bis 24 Jahre,B9999,unbestimmt (nur Pst),2,20,24
333897,2020-01-31,321,Mödling,Frauen,50 bis 54 Jahre,B9999,unbestimmt (nur Pst),1,50,54
333930,2020-01-31,321,Mödling,Männer,bis 19 Jahre,B9999,unbestimmt (nur Pst),3,0,19
333964,2020-01-31,321,Mödling,Männer,20 bis 24 Jahre,B9999,unbestimmt (nur Pst),2,20,24
334066,2020-01-31,323,Neunkirchen,Frauen,bis 19 Jahre,B9999,unbestimmt (nur Pst),2,0,19
334240,2020-01-31,323,Neunkirchen,Männer,20 bis 24 Jahre,B9999,unbestimmt (nur Pst),1,20,24
334355,2020-01-31,326,St. Pölten,Frauen,bis 19 Jahre,B9999,unbestimmt (nur Pst),4,0,19
334391,2020-01-31,326,St. Pölten,Frauen,20 bis 24 Jahre,B9999,unbestimmt (nur Pst),3,20,24
334460,2020-01-31,326,St. Pölten,Frauen,35 bis 39 Jahre,B9999,unbestimmt (nur Pst),1,35,39
334487,2020-01-31,326,St. Pölten,Frauen,40 bis 44 Jahre,B9999,unbestimmt (nur Pst),1,40,44
334538,2020-01-31,326,St. Pölten,Frauen,50 bis 54 Jahre,B9999,unbestimmt (nur Pst),1,50,54
334549,2020-01-31,326,St. Pölten,Frauen,55 bis 59 Jahre,B9999,unbestimmt (nur Pst),1,55,59
334586,2020-01-31,326,St. Pölten,Männer,bis 19 Jahre,B9999,unbestimmt (nur Pst),7,0,19
334630,2020-01-31,326,St. Pölten,Männer,20 bis 24 Jahre,B9999,unbestimmt (nur Pst),2,20,24
334792,2020-01-31,326,St. Pölten,Männer,50 bis 54 Jahre,B9999,unbestimmt (nur Pst),1,50,54
334802,2020-01-31,326,St. Pölten,Männer,55 bis 59 Jahre,B9999,unbestimmt (nur Pst),1,55,59
334817,2020-01-31,328,Scheibbs,Frauen,bis 19 Jahre,B9999,unbestimmt (nur Pst),2,0,19
334824,2020-01-31,328,Scheibbs,Frauen,20 bis 24 Jahre,B9999,unbestimmt (nur Pst),2,20,24
334874,2020-01-31,328,Scheibbs,Männer,bis 19 Jahre,B9999,unbestimmt (nur Pst),2,0,19
334930,2020-01-31,329,Schwechat,Frauen,bis 19 Jahre,B9999,unbestimmt (nur Pst),2,0,19
334964,2020-01-31,329,Schwechat,Frauen,25 bis 29 Jahre,B9999,unbestimmt (nur Pst),1,25,29
335143,2020-01-31,331,Tulln,Frauen,bis 19 Jahre,B9999,unbestimmt (nur Pst),8,0,19
335163,2020-01-31,331,Tulln,Frauen,20 bis 24 Jahre,B9999,unbestimmt (nur Pst),3,20,24
335180,2020-01-31,331,Tulln,Frauen,25 bis 29 Jahre,B9999,unbestimmt (nur Pst),1,25,29
335189,2020-01-31,331,Tulln,Frauen,30 bis 34 Jahre,B9999,unbestimmt (nur Pst),1,30,34
335269,2020-01-31,331,Tulln,Männer,bis 19 Jahre,B9999,unbestimmt (nur Pst),12,0,19
335291,2020-01-31,331,Tulln,Männer,20 bis 24 Jahre,B9999,unbestimmt (nur Pst),2,20,24
335307,2020-01-31,331,Tulln,Männer,25 bis 29 Jahre,B9999,unbestimmt (nur Pst),1,25,29
335378,2020-01-31,332,Waidhofen/Thaya,Frauen,bis 19 Jahre,B9999,unbestimmt (nur Pst),1,0,19
335391,2020-01-31,332,Waidhofen/Thaya,Frauen,20 bis 24 Jahre,B9999,unbestimmt (nur Pst),1,20,24
335430,2020-01-31,332,Waidhofen/Thaya,Männer,bis 19 Jahre,B9999,unbestimmt (nur Pst),1,0,19
335505,2020-01-31,333,Waidhofen/Ybbs,Männer,bis 19 Jahre,B9999,unbestimmt (nur Pst),1,0,19
335545,2020-01-31,334,Wr. Neustadt,Frauen,bis 19 Jahre,B9999,unbestimmt (nur Pst),5,0,19
335570,2020-01-31,334,Wr. Neustadt,Frauen,20 bis 24 Jahre,B9999,unbestimmt (nur Pst),1,20,24
335661,2020-01-31,334,Wr. Neustadt,Frauen,40 bis 44 Jahre,B9999,unbestimmt (nur Pst),1,40,44
335733,2020-01-31,334,Wr. Neustadt,Männer,bis 19 Jahre,B9999,unbestimmt (nur Pst),3,0,19
336020,2020-01-31,401,Braunau,Frauen,bis 19 Jahre,B9999,unbestimmt (nur Pst),9,0,19
336072,2020-01-31,401,Braunau,Frauen,25 bis 29 Jahre,B9999,unbestimmt (nur Pst),1,25,29
336176,2020-01-31,401,Braunau,Männer,bis 19 Jahre,B9999,unbestimmt (nur Pst),18,0,19
336203,2020-01-31,401,Braunau,Männer,20 bis 24 Jahre,B9999,unbestimmt (nur Pst),5,20,24
336220,2020-01-31,401,Braunau,Männer,25 bis 29 Jahre,B9999,unbestimmt (nur Pst),1,25,29
336237,2020-01-31,401,Braunau,Männer,30 bis 34 Jahre,B9999,unbestimmt (nur Pst),1,30,34
336347,2020-01-31,402,Eferding,Frauen,40 bis 44 Jahre,B9999,unbestimmt (nur Pst),1,40,44
336636,2020-01-31,404,Gmunden,Frauen,bis 19 Jahre,B9999,unbestimmt (nur Pst),5,0,19
336791,2020-01-31,404,Gmunden,Männer,bis 19 Jahre,B9999,unbestimmt (nur Pst),5,0,19
336943,2020-01-31,406,Grieskirchen,Frauen,bis 19 Jahre,B9999,unbestimmt (nur Pst),1,0,19
337057,2020-01-31,406,Grieskirchen,Männer,20 bis 24 Jahre,B9999,unbestimmt (nur Pst),1,20,24
337122,2020-01-31,407,Kirchdorf/Krems,Frauen,bis 19 Jahre,B9999,unbestimmt (nur Pst),4,0,19
337147,2020-01-31,407,Kirchdorf/Krems,Frauen,20 bis 24 Jahre,B9999,unbestimmt (nur Pst),1,20,24
337161,2020-01-31,407,Kirchdorf/Krems,Frauen,25 bis 29 Jahre,B9999,unbestimmt (nur Pst),1,25,29
337228,2020-01-31,407,Kirchdorf/Krems,Männer,bis 19 Jahre,B9999,unbestimmt (nur Pst),3,0,19
337326,2020-01-31,409,Linz neu,Frauen,bis 19 Jahre,B9999,unbestimmt (nur Pst),14,0,19
337368,2020-01-31,409,Linz neu,Frauen,20 bis 24 Jahre,B9999,unbestimmt (nur Pst),5,20,24
337411,2020-01-31,409,Linz neu,Frauen,25 bis 29 Jahre,B9999,unbestimmt (nur Pst),6,25,29
337458,2020-01-31,409,Linz neu,Frauen,30 bis 34 Jahre,B9999,unbestimmt (nur Pst),4,30,34
337499,2020-01-31,409,Linz neu,Frauen,35 bis 39 Jahre,B9999,unbestimmt (nur Pst),3,35,39
337535,2020-01-31,409,Linz neu,Frauen,40 bis 44 Jahre,B9999,unbestimmt (nur Pst),4,40,44
337588,2020-01-31,409,Linz neu,Frauen,50 bis 54 Jahre,B9999,unbestimmt (nur Pst),1,50,54
337641,2020-01-31,409,Linz neu,Männer,bis 19 Jahre,B9999,unbestimmt (nur Pst),30,0,19
337708,2020-01-31,409,Linz neu,Männer,20 bis 24 Jahre,B9999,unbestimmt (nur Pst),6,20,24
337757,2020-01-31,409,Linz neu,Männer,25 bis 29 Jahre,B9999,unbestimmt (nur Pst),1,25,29
337808,2020-01-31,409,Linz neu,Männer,30 bis 34 Jahre,B9999,unbestimmt (nur Pst),1,30,34
337852,2020-01-31,409,Linz neu,Männer,35 bis 39 Jahre,B9999,unbestimmt (nur Pst),2,35,39
337893,2020-01-31,409,Linz neu,Männer,40 bis 44 Jahre,B9999,unbestimmt (nur Pst),1,40,44
337928,2020-01-31,409,Linz neu,Männer,45 bis 49 Jahre,B9999,unbestimmt (nur Pst),1,45,49
337956,2020-01-31,409,Linz neu,Männer,50 bis 54 Jahre,B9999,unbestimmt (nur Pst),1,50,54
337974,2020-01-31,409,Linz neu,Männer,55 bis 59 Jahre,B9999,unbestimmt (nur Pst),1,55,59
337994,2020-01-31,411,Perg,Frauen,bis 19 Jahre,B9999,unbestimmt (nur Pst),1,0,19
338004,2020-01-31,411,Perg,Frauen,20 bis 24 Jahre,B9999,unbestimmt (nur Pst),1,20,24
338048,2020-01-31,411,Perg,Frauen,35 bis 39 Jahre,B9999,unbestimmt (nur Pst),1,35,39
338077,2020-01-31,411,Perg,Frauen,45 bis 49 Jahre,B9999,unbestimmt (nur Pst),1,45,49
338115,2020-01-31,411,Perg,Männer,bis 19 Jahre,B9999,unbestimmt (nur Pst),1,0,19
338229,2020-01-31,412,Ried im Innkreis,Frauen,bis 19 Jahre,B9999,unbestimmt (nur Pst),3,0,19
338247,2020-01-31,412,Ried im Innkreis,Frauen,20 bis 24 Jahre,B9999,unbestimmt (nur Pst),1,20,24
338268,2020-01-31,412,Ried im Innkreis,Frauen,25 bis 29 Jahre,B9999,unbestimmt (nur Pst),2,25,29
338299,2020-01-31,412,Ried im Innkreis,Frauen,35 bis 39 Jahre,B9999,unbestimmt (nur Pst),1,35,39
338362,2020-01-31,412,Ried im Innkreis,Männer,bis 19 Jahre,B9999,unbestimmt (nur Pst),3,0,19
338387,2020-01-31,412,Ried im Innkreis,Männer,20 bis 24 Jahre,B9999,unbestimmt (nur Pst),4,20,24
338412,2020-01-31,412,Ried im Innkreis,Männer,30 bis 34 Jahre,B9999,unbestimmt (nur Pst),1,30,34
338472,2020-01-31,413,Rohrbach,Frauen,bis 19 Jahre,B9999,unbestimmt (nur Pst),1,0,19
338559,2020-01-31,413,Rohrbach,Männer,bis 19 Jahre,B9999,unbestimmt (nur Pst),1,0,19
338607,2020-01-31,413,Rohrbach,Männer,40 bis 44 Jahre,B9999,unbestimmt (nur Pst),1,40,44
338670,2020-01-31,414,Schärding,Frauen,30 bis 34 Jahre,B9999,unbestimmt (nur Pst),1,30,34
338814,2020-01-31,415,Steyr,Frauen,bis 19 Jahre,B9999,unbestimmt (nur Pst),11,0,19
338843,2020-01-31,415,Steyr,Frauen,20 bis 24 Jahre,B9999,unbestimmt (nur Pst),1,20,24
338873,2020-01-31,415,Steyr,Frauen,25 bis 29 Jahre,B9999,unbestimmt (nur Pst),1,25,29
338910,2020-01-31,415,Steyr,Frauen,35 bis 39 Jahre,B9999,unbestimmt (nur Pst),1,35,39
339004,2020-01-31,415,Steyr,Männer,bis 19 Jahre,B9999,unbestimmt (nur Pst),5,0,19
339040,2020-01-31,415,Steyr,Männer,20 bis 24 Jahre,B9999,unbestimmt (nur Pst),2,20,24
339088,2020-01-31,415,Steyr,Männer,30 bis 34 Jahre,B9999,unbestimmt (nur Pst),1,30,34
339178,2020-01-31,418,Vöcklabruck,Frauen,bis 19 Jahre,B9999,unbestimmt (nur Pst),9,0,19
339195,2020-01-31,418,Vöcklabruck,Frauen,20 bis 24 Jahre,B9999,unbestimmt (nur Pst),4,20,24
339373,2020-01-31,418,Vöcklabruck,Männer,bis 19 Jahre,B9999,unbestimmt (nur Pst),9,0,19
339582,2020-01-31,419,Wels,Frauen,20 bis 24 Jahre,B9999,unbestimmt (nur Pst),1,20,24
339650,2020-01-31,419,Wels,Frauen,35 bis 39 Jahre,B9999,unbestimmt (nur Pst),3,35,39
339678,2020-01-31,419,Wels,Frauen,45 bis 49 Jahre,B9999,unbestimmt (nur Pst),1,45,49
339817,2020-01-31,419,Wels,Männer,35 bis 39 Jahre,B9999,unbestimmt (nur Pst),1,35,39
339868,2020-01-31,419,Wels,Männer,50 bis 54 Jahre,B9999,unbestimmt (nur Pst),1,50,54
339908,2020-01-31,421,Traun,Frauen,bis 19 Jahre,B9999,unbestimmt (nur Pst),1,0,19
339934,2020-01-31,421,Traun,Frauen,20 bis 24 Jahre,B9999,unbestimmt (nur Pst),2,20,24
339985,2020-01-31,421,Traun,Frauen,30 bis 34 Jahre,B9999,unbestimmt (nur Pst),4,30,34
340015,2020-01-31,421,Traun,Frauen,35 bis 39 Jahre,B9999,unbestimmt (nur Pst),1,35,39
340059,2020-01-31,421,Traun,Frauen,45 bis 49 Jahre,B9999,unbestimmt (nur Pst),1,45,49
340130,2020-01-31,421,Traun,Männer,bis 19 Jahre,B9999,unbestimmt (nur Pst),1,0,19
340163,2020-01-31,421,Traun,Männer,20 bis 24 Jahre,B9999,unbestimmt (nur Pst),2,20,24
340210,2020-01-31,421,Traun,Männer,30 bis 34 Jahre,B9999,unbestimmt (nur Pst),1,30,34
340326,2020-01-31,501,Bischofshofen,Frauen,bis 19 Jahre,B9999,unbestimmt (nur Pst),1,0,19
340422,2020-01-31,501,Bischofshofen,Frauen,45 bis 49 Jahre,B9999,unbestimmt (nur Pst),2,45,49
340453,2020-01-31,501,Bischofshofen,Männer,bis 19 Jahre,B9999,unbestimmt (nur Pst),2,0,19
340497,2020-01-31,501,Bischofshofen,Männer,30 bis 34 Jahre,B9999,unbestimmt (nur Pst),2,30,34
340605,2020-01-31,503,Hallein,Frauen,50 bis 54 Jahre,B9999,unbestimmt (nur Pst),1,50,54
340737,2020-01-31,504,Salzburg,Frauen,20 bis 24 Jahre,B9999,unbestimmt (nur Pst),1,20,24
340891,2020-01-31,504,Salzburg,Frauen,45 bis 49 Jahre,B9999,unbestimmt (nur Pst),3,45,49
341163,2020-01-31,504,Salzburg,Männer,40 bis 44 Jahre,B9999,unbestimmt (nur Pst),1,40,44
341312,2020-01-31,506,Zell am See,Frauen,bis 19 Jahre,B9999,unbestimmt (nur Pst),1,0,19
341334,2020-01-31,506,Zell am See,Frauen,25 bis 29 Jahre,B9999,unbestimmt (nur Pst),1,25,29
341348,2020-01-31,506,Zell am See,Frauen,30 bis 34 Jahre,B9999,unbestimmt (nur Pst),1,30,34
341378,2020-01-31,506,Zell am See,Frauen,45 bis 49 Jahre,B9999,unbestimmt (nur Pst),2,45,49
341403,2020-01-31,506,Zell am See,Männer,bis 19 Jahre,B9999,unbestimmt (nur Pst),4,0,19
341420,2020-01-31,506,Zell am See,Männer,20 bis 24 Jahre,B9999,unbestimmt (nur Pst),1,20,24
341437,2020-01-31,506,Zell am See,Männer,30 bis 34 Jahre,B9999,unbestimmt (nur Pst),1,30,34
341475,2020-01-31,601,Bruck/Mur,Frauen,bis 19 Jahre,B9999,unbestimmt (nur Pst),2,0,19
341496,2020-01-31,601,Bruck/Mur,Frauen,20 bis 24 Jahre,B9999,unbestimmt (nur Pst),4,20,24
341601,2020-01-31,601,Bruck/Mur,Männer,bis 19 Jahre,B9999,unbestimmt (nur Pst),2,0,19
341724,2020-01-31,603,Deutschlandsberg,Frauen,bis 19 Jahre,B9999,unbestimmt (nur Pst),1,0,19
341949,2020-01-31,604,Feldbach,Frauen,bis 19 Jahre,B9999,unbestimmt (nur Pst),3,0,19
341969,2020-01-31,604,Feldbach,Frauen,20 bis 24 Jahre,B9999,unbestimmt (nur Pst),1,20,24
342195,2020-01-31,606,Gleisdorf,Frauen,20 bis 24 Jahre,B9999,unbestimmt (nur Pst),2,20,24
342288,2020-01-31,606,Gleisdorf,Männer,bis 19 Jahre,B9999,unbestimmt (nur Pst),1,0,19
342362,2020-01-31,609,Hartberg,Frauen,bis 19 Jahre,B9999,unbestimmt (nur Pst),3,0,19
342385,2020-01-31,609,Hartberg,Frauen,20 bis 24 Jahre,B9999,unbestimmt (nur Pst),1,20,24
342564,2020-01-31,609,Hartberg,Männer,20 bis 24 Jahre,B9999,unbestimmt (nur Pst),2,20,24
342703,2020-01-31,610,Judenburg,Frauen,bis 19 Jahre,B9999,unbestimmt (nur Pst),1,0,19
342736,2020-01-31,610,Judenburg,Frauen,25 bis 29 Jahre,B9999,unbestimmt (nur Pst),1,25,29
342788,2020-01-31,610,Judenburg,Frauen,45 bis 49 Jahre,B9999,unbestimmt (nur Pst),1,45,49
342822,2020-01-31,610,Judenburg,Männer,bis 19 Jahre,B9999,unbestimmt (nur Pst),2,0,19
342850,2020-01-31,610,Judenburg,Männer,20 bis 24 Jahre,B9999,unbestimmt (nur Pst),1,20,24
342865,2020-01-31,610,Judenburg,Männer,25 bis 29 Jahre,B9999,unbestimmt (nur Pst),1,25,29
342945,2020-01-31,611,Murau,Frauen,bis 19 Jahre,B9999,unbestimmt (nur Pst),2,0,19
342954,2020-01-31,611,Murau,Frauen,20 bis 24 Jahre,B9999,unbestimmt (nur Pst),3,20,24
343004,2020-01-31,611,Murau,Männer,20 bis 24 Jahre,B9999,unbestimmt (nur Pst),1,20,24
343019,2020-01-31,611,Murau,Männer,35 bis 39 Jahre,B9999,unbestimmt (nur Pst),1,35,39
343046,2020-01-31,614,Leibnitz,Frauen,bis 19 Jahre,B9999,unbestimmt (nur Pst),5,0,19
343069,2020-01-31,614,Leibnitz,Frauen,20 bis 24 Jahre,B9999,unbestimmt (nur Pst),1,20,24
343187,2020-01-31,614,Leibnitz,Männer,bis 19 Jahre,B9999,unbestimmt (nur Pst),1,0,19
343215,2020-01-31,614,Leibnitz,Männer,20 bis 24 Jahre,B9999,unbestimmt (nur Pst),1,20,24
343337,2020-01-31,616,Leoben,Frauen,20 bis 24 Jahre,B9999,unbestimmt (nur Pst),1,20,24
343433,2020-01-31,616,Leoben,Männer,bis 19 Jahre,B9999,unbestimmt (nur Pst),4,0,19
343468,2020-01-31,616,Leoben,Männer,25 bis 29 Jahre,B9999,unbestimmt (nur Pst),1,25,29
343535,2020-01-31,618,Liezen,Frauen,bis 19 Jahre,B9999,unbestimmt (nur Pst),1,0,19
343615,2020-01-31,618,Liezen,Frauen,45 bis 49 Jahre,B9999,unbestimmt (nur Pst),1,45,49
343745,2020-01-31,621,Mürzzuschlag,Frauen,bis 19 Jahre,B9999,unbestimmt (nur Pst),2,0,19
343767,2020-01-31,621,Mürzzuschlag,Frauen,20 bis 24 Jahre,B9999,unbestimmt (nur Pst),1,20,24
343800,2020-01-31,621,Mürzzuschlag,Frauen,40 bis 44 Jahre,B9999,unbestimmt (nur Pst),1,40,44
343835,2020-01-31,621,Mürzzuschlag,Männer,bis 19 Jahre,B9999,unbestimmt (nur Pst),4,0,19
343854,2020-01-31,621,Mürzzuschlag,Männer,20 bis 24 Jahre,B9999,unbestimmt (nur Pst),1,20,24
343867,2020-01-31,621,Mürzzuschlag,Männer,25 bis 29 Jahre,B9999,unbestimmt (nur Pst),1,25,29
343925,2020-01-31,622,Voitsberg,Frauen,bis 19 Jahre,B9999,unbestimmt (nur Pst),4,0,19
343947,2020-01-31,622,Voitsberg,Frauen,20 bis 24 Jahre,B9999,unbestimmt (nur Pst),1,20,24
344116,2020-01-31,623,Weiz,Frauen,bis 19 Jahre,B9999,unbestimmt (nur Pst),1,0,19
344133,2020-01-31,623,Weiz,Frauen,25 bis 29 Jahre,B9999,unbestimmt (nur Pst),1,25,29
344152,2020-01-31,623,Weiz,Frauen,40 bis 44 Jahre,B9999,unbestimmt (nur Pst),1,40,44
344159,2020-01-31,623,Weiz,Frauen,45 bis 49 Jahre,B9999,unbestimmt (nur Pst),2,45,49
344197,2020-01-31,623,Weiz,Männer,20 bis 24 Jahre,B9999,unbestimmt (nur Pst),1,20,24
344214,2020-01-31,623,Weiz,Männer,30 bis 34 Jahre,B9999,unbestimmt (nur Pst),1,30,34
344284,2020-01-31,630,Graz-West und Umgebung,Frauen,bis 19 Jahre,B9999,unbestimmt (nur Pst),10,0,19
344337,2020-01-31,630,Graz-West und Umgebung,Frauen,20 bis 24 Jahre,B9999,unbestimmt (nur Pst),5,20,24
344388,2020-01-31,630,Graz-West und Umgebung,Frauen,25 bis 29 Jahre,B9999,unbestimmt (nur Pst),1,25,29
344532,2020-01-31,630,Graz-West und Umgebung,Frauen,40 bis 44 Jahre,B9999,unbestimmt (nur Pst),1,40,44
344572,2020-01-31,630,Graz-West und Umgebung,Frauen,45 bis 49 Jahre,B9999,unbestimmt (nur Pst),1,45,49
344664,2020-01-31,630,Graz-West und Umgebung,Männer,bis 19 Jahre,B9999,unbestimmt (nur Pst),10,0,19
344741,2020-01-31,630,Graz-West und Umgebung,Männer,20 bis 24 Jahre,B9999,unbestimmt (nur Pst),3,20,24
344798,2020-01-31,630,Graz-West und Umgebung,Männer,25 bis 29 Jahre,B9999,unbestimmt (nur Pst),1,25,29
344885,2020-01-31,630,Graz-West und Umgebung,Männer,35 bis 39 Jahre,B9999,unbestimmt (nur Pst),1,35,39
345016,2020-01-31,631,Graz-Ost,Frauen,bis 19 Jahre,B9999,unbestimmt (nur Pst),4,0,19
345047,2020-01-31,631,Graz-Ost,Frauen,20 bis 24 Jahre,B9999,unbestimmt (nur Pst),3,20,24
345133,2020-01-31,631,Graz-Ost,Frauen,30 bis 34 Jahre,B9999,unbestimmt (nur Pst),1,30,34
345170,2020-01-31,631,Graz-Ost,Frauen,35 bis 39 Jahre,B9999,unbestimmt (nur Pst),1,35,39
345195,2020-01-31,631,Graz-Ost,Frauen,40 bis 44 Jahre,B9999,unbestimmt (nur Pst),1,40,44
345255,2020-01-31,631,Graz-Ost,Frauen,60 bis 64 Jahre,B9999,unbestimmt (nur Pst),1,60,64
345288,2020-01-31,631,Graz-Ost,Männer,bis 19 Jahre,B9999,unbestimmt (nur Pst),9,0,19
345334,2020-01-31,631,Graz-Ost,Männer,20 bis 24 Jahre,B9999,unbestimmt (nur Pst),1,20,24
345375,2020-01-31,631,Graz-Ost,Männer,25 bis 29 Jahre,B9999,unbestimmt (nur Pst),1,25,29
345521,2020-01-31,701,Imst,Frauen,bis 19 Jahre,B9999,unbestimmt (nur Pst),1,0,19
345572,2020-01-31,701,Imst,Männer,bis 19 Jahre,B9999,unbestimmt (nur Pst),3,0,19
345582,2020-01-31,701,Imst,Männer,25 bis 29 Jahre,B9999,unbestimmt (nur Pst),1,25,29
345619,2020-01-31,702,Innsbruck,Frauen,bis 19 Jahre,B9999,unbestimmt (nur Pst),4,0,19
345646,2020-01-31,702,Innsbruck,Frauen,20 bis 24 Jahre,B9999,unbestimmt (nur Pst),1,20,24
345673,2020-01-31,702,Innsbruck,Frauen,25 bis 29 Jahre,B9999,unbestimmt (nur Pst),4,25,29
345706,2020-01-31,702,Innsbruck,Frauen,30 bis 34 Jahre,B9999,unbestimmt (nur Pst),2,30,34
345758,2020-01-31,702,Innsbruck,Frauen,40 bis 44 Jahre,B9999,unbestimmt (nur Pst),1,40,44
345780,2020-01-31,702,Innsbruck,Frauen,45 bis 49 Jahre,B9999,unbestimmt (nur Pst),3,45,49
345813,2020-01-31,702,Innsbruck,Frauen,55 bis 59 Jahre,B9999,unbestimmt (nur Pst),1,55,59
345849,2020-01-31,702,Innsbruck,Männer,bis 19 Jahre,B9999,unbestimmt (nur Pst),2,0,19
345886,2020-01-31,702,Innsbruck,Männer,20 bis 24 Jahre,B9999,unbestimmt (nur Pst),2,20,24
345938,2020-01-31,702,Innsbruck,Männer,30 bis 34 Jahre,B9999,unbestimmt (nur Pst),1,30,34
345962,2020-01-31,702,Innsbruck,Männer,35 bis 39 Jahre,B9999,unbestimmt (nur Pst),5,35,39
346011,2020-01-31,702,Innsbruck,Männer,45 bis 49 Jahre,B9999,unbestimmt (nur Pst),1,45,49
346123,2020-01-31,705,Kufstein,Frauen,bis 19 Jahre,B9999,unbestimmt (nur Pst),2,0,19
346140,2020-01-31,705,Kufstein,Frauen,20 bis 24 Jahre,B9999,unbestimmt (nur Pst),3,20,24
346156,2020-01-31,705,Kufstein,Frauen,25 bis 29 Jahre,B9999,unbestimmt (nur Pst),1,25,29
346206,2020-01-31,705,Kufstein,Frauen,45 bis 49 Jahre,B9999,unbestimmt (nur Pst),1,45,49
346243,2020-01-31,705,Kufstein,Männer,bis 19 Jahre,B9999,unbestimmt (nur Pst),8,0,19
346269,2020-01-31,705,Kufstein,Männer,20 bis 24 Jahre,B9999,unbestimmt (nur Pst),2,20,24
346285,2020-01-31,705,Kufstein,Männer,25 bis 29 Jahre,B9999,unbestimmt (nur Pst),2,25,29
346325,2020-01-31,705,Kufstein,Männer,50 bis 54 Jahre,B9999,unbestimmt (nur Pst),1,50,54
346337,2020-01-31,706,Landeck,Frauen,bis 19 Jahre,B9999,unbestimmt (nur Pst),4,0,19
346373,2020-01-31,706,Landeck,Männer,bis 19 Jahre,B9999,unbestimmt (nur Pst),4,0,19
346381,2020-01-31,706,Landeck,Männer,20 bis 24 Jahre,B9999,unbestimmt (nur Pst),2,20,24
346405,2020-01-31,707,Lienz,Frauen,bis 19 Jahre,B9999,unbestimmt (nur Pst),2,0,19
346416,2020-01-31,707,Lienz,Frauen,25 bis 29 Jahre,B9999,unbestimmt (nur Pst),1,25,29
346460,2020-01-31,707,Lienz,Männer,bis 19 Jahre,B9999,unbestimmt (nur Pst),1,0,19
346560,2020-01-31,708,Reutte,Männer,55 bis 59 Jahre,B9999,unbestimmt (nur Pst),1,55,59
346574,2020-01-31,709,Schwaz,Frauen,bis 19 Jahre,B9999,unbestimmt (nur Pst),8,0,19
346588,2020-01-31,709,Schwaz,Frauen,25 bis 29 Jahre,B9999,unbestimmt (nur Pst),1,25,29
346622,2020-01-31,709,Schwaz,Frauen,45 bis 49 Jahre,B9999,unbestimmt (nur Pst),1,45,49
346649,2020-01-31,709,Schwaz,Männer,bis 19 Jahre,B9999,unbestimmt (nur Pst),2,0,19
346683,2020-01-31,709,Schwaz,Männer,35 bis 39 Jahre,B9999,unbestimmt (nur Pst),2,35,39
346693,2020-01-31,709,Schwaz,Männer,45 bis 49 Jahre,B9999,unbestimmt (nur Pst),1,45,49
346723,2020-01-31,801,Bludenz,Frauen,20 bis 24 Jahre,B9999,unbestimmt (nur Pst),1,20,24
346764,2020-01-31,801,Bludenz,Frauen,35 bis 39 Jahre,B9999,unbestimmt (nur Pst),1,35,39
346827,2020-01-31,801,Bludenz,Männer,25 bis 29 Jahre,B9999,unbestimmt (nur Pst),1,25,29
346920,2020-01-31,802,Bregenz,Frauen,20 bis 24 Jahre,B9999,unbestimmt (nur Pst),2,20,24
347021,2020-01-31,802,Bregenz,Frauen,45 bis 49 Jahre,B9999,unbestimmt (nur Pst),1,45,49
347144,2020-01-31,802,Bregenz,Männer,25 bis 29 Jahre,B9999,unbestimmt (nur Pst),1,25,29
347254,2020-01-31,804,Dornbirn,Frauen,bis 19 Jahre,B9999,unbestimmt (nur Pst),1,0,19
347353,2020-01-31,804,Dornbirn,Frauen,40 bis 44 Jahre,B9999,unbestimmt (nur Pst),1,40,44
347417,2020-01-31,804,Dornbirn,Männer,bis 19 Jahre,B9999,unbestimmt (nur Pst),1,0,19
347446,2020-01-31,804,Dornbirn,Männer,20 bis 24 Jahre,B9999,unbestimmt (nur Pst),2,20,24
347520,2020-01-31,804,Dornbirn,Männer,50 bis 54 Jahre,B9999,unbestimmt (nur Pst),1,50,54
347550,2020-01-31,805,Feldkirch,Frauen,bis 19 Jahre,B9999,unbestimmt (nur Pst),5,0,19
347579,2020-01-31,805,Feldkirch,Frauen,20 bis 24 Jahre,B9999,unbestimmt (nur Pst),1,20,24
347644,2020-01-31,805,Feldkirch,Frauen,35 bis 39 Jahre,B9999,unbestimmt (nur Pst),1,35,39
347677,2020-01-31,805,Feldkirch,Frauen,45 bis 49 Jahre,B9999,unbestimmt (nur Pst),2,45,49
347718,2020-01-31,805,Feldkirch,Männer,bis 19 Jahre,B9999,unbestimmt (nur Pst),7,0,19
347752,2020-01-31,805,Feldkirch,Männer,20 bis 24 Jahre,B9999,unbestimmt (nur Pst),2,20,24
347777,2020-01-31,805,Feldkirch,Männer,25 bis 29 Jahre,B9999,unbestimmt (nur Pst),1,25,29
347797,2020-01-31,805,Feldkirch,Männer,30 bis 34 Jahre,B9999,unbestimmt (nur Pst),1,30,34
347835,2020-01-31,805,Feldkirch,Männer,45 bis 49 Jahre,B9999,unbestimmt (nur Pst),1,45,49
348135,2020-01-31,958,Wien Johnstraße,Männer,20 bis 24 Jahre,B9999,unbestimmt (nur Pst),1,20,24
349000,2020-01-31,960,Wien Esteplatz,Frauen,20 bis 24 Jahre,B9999,unbestimmt (nur Pst),1,20,24
349206,2020-01-31,960,Wien Esteplatz,Frauen,45 bis 49 Jahre,B9999,unbestimmt (nur Pst),1,45,49
349758,2020-01-31,962,Wien Redergasse,Frauen,35 bis 39 Jahre,B9999,unbestimmt (nur Pst),1,35,39
349944,2020-01-31,962,Wien Redergasse,Männer,20 bis 24 Jahre,B9999,unbestimmt (nur Pst),1,20,24
350258,2020-01-31,962,Wien Redergasse,Männer,55 bis 59 Jahre,B9999,unbestimmt (nur Pst),1,55,59
350632,2020-01-31,963,Wien Währinger Gürtel,Männer,30 bis 34 Jahre,B9999,unbestimmt (nur Pst),1,30,34
350840,2020-01-31,964,Wien Favoritenstraße,Frauen,20 bis 24 Jahre,B9999,unbestimmt (nur Pst),1,20,24
351103,2020-01-31,964,Wien Favoritenstraße,Frauen,45 bis 49 Jahre,B9999,unbestimmt (nur Pst),1,45,49
351244,2020-01-31,964,Wien Favoritenstraße,Männer,20 bis 24 Jahre,B9999,unbestimmt (nur Pst),1,20,24
351699,2020-01-31,965,Wien Schönbrunner Straße,Frauen,20 bis 24 Jahre,B9999,unbestimmt (nur Pst),1,20,24
352158,2020-01-31,965,Wien Schönbrunner Straße,Männer,30 bis 34 Jahre,B9999,unbestimmt (nur Pst),1,30,34
352566,2020-01-31,966,Wien Hietzinger Kai,Frauen,35 bis 39 Jahre,B9999,unbestimmt (nur Pst),1,35,39
352923,2020-01-31,966,Wien Hietzinger Kai,Männer,40 bis 44 Jahre,B9999,unbestimmt (nur Pst),1,40,44
353036,2020-01-31,966,Wien Hietzinger Kai,Männer,60 bis 64 Jahre,B9999,unbestimmt (nur Pst),1,60,64
353684,2020-01-31,967,Wien Huttengasse,Männer,35 bis 39 Jahre,B9999,unbestimmt (nur Pst),1,35,39
354246,2020-01-31,968,Wien Schloßhofer Straße,Männer,20 bis 24 Jahre,B9999,unbestimmt (nur Pst),1,20,24
355340,2020-01-31,970,Wien Jugendliche,Frauen,bis 19 Jahre,B9999,unbestimmt (nur Pst),22,0,19
355409,2020-01-31,970,Wien Jugendliche,Frauen,20 bis 24 Jahre,B9999,unbestimmt (nur Pst),6,20,24
355508,2020-01-31,970,Wien Jugendliche,Männer,bis 19 Jahre,B9999,unbestimmt (nur Pst),16,0,19
355603,2020-01-31,970,Wien Jugendliche,Männer,20 bis 24 Jahre,B9999,unbestimmt (nur Pst),5,20,24
355639,2020-01-31,974,Wien Austria Campus,Frauen,20 bis 24 Jahre,B9999,unbestimmt (nur Pst),1,20,24
355706,2020-01-31,974,Wien Austria Campus,Frauen,30 bis 34 Jahre,B9999,unbestimmt (nur Pst),1,30,34
355887,2020-01-31,974,Wien Austria Campus,Männer,20 bis 24 Jahre,B9999,unbestimmt (nur Pst),1,20,24
356010,2020-01-31,974,Wien Austria Campus,Männer,35 bis 39 Jahre,B9999,unbestimmt (nur Pst),1,35,39
356110,2020-01-31,974,Wien Austria Campus,Männer,50 bis 54 Jahre,B9999,unbestimmt (nur Pst),1,50,54
356775,2020-02-29,101,Eisenstadt,Männer,bis 19 Jahre,B9999,unbestimmt (nur Pst),2,0,19
356862,2020-02-29,102,Mattersburg,Frauen,bis 19 Jahre,B9999,unbestimmt (nur Pst),1,0,19
356937,2020-02-29,102,Mattersburg,Männer,25 bis 29 Jahre,B9999,unbestimmt (nur Pst),1,25,29
357370,2020-02-29,105,Oberwart,Frauen,45 bis 49 Jahre,B9999,unbestimmt (nur Pst),1,45,49
357527,2020-02-29,106,Stegersbach,Frauen,bis 19 Jahre,B9999,unbestimmt (nur Pst),1,0,19
357893,2020-02-29,203,Klagenfurt,Frauen,bis 19 Jahre,B9999,unbestimmt (nur Pst),2,0,19
357926,2020-02-29,203,Klagenfurt,Frauen,20 bis 24 Jahre,B9999,unbestimmt (nur Pst),2,20,24
357946,2020-02-29,203,Klagenfurt,Frauen,25 bis 29 Jahre,B9999,unbestimmt (nur Pst),1,25,29
358074,2020-02-29,203,Klagenfurt,Frauen,50 bis 54 Jahre,B9999,unbestimmt (nur Pst),1,50,54
358118,2020-02-29,203,Klagenfurt,Männer,bis 19 Jahre,B9999,unbestimmt (nur Pst),3,0,19
358157,2020-02-29,203,Klagenfurt,Männer,20 bis 24 Jahre,B9999,unbestimmt (nur Pst),2,20,24
358214,2020-02-29,203,Klagenfurt,Männer,30 bis 34 Jahre,B9999,unbestimmt (nur Pst),2,30,34
358284,2020-02-29,203,Klagenfurt,Männer,45 bis 49 Jahre,B9999,unbestimmt (nur Pst),1,45,49
358321,2020-02-29,204,Spittal/Drau,Frauen,bis 19 Jahre,B9999,unbestimmt (nur Pst),1,0,19
359129,2020-02-29,207,Völkermarkt,Männer,bis 19 Jahre,B9999,unbestimmt (nur Pst),2,0,19
359229,2020-02-29,208,Wolfsberg,Frauen,20 bis 24 Jahre,B9999,unbestimmt (nur Pst),1,20,24
359302,2020-02-29,208,Wolfsberg,Männer,bis 19 Jahre,B9999,unbestimmt (nur Pst),1,0,19
359396,2020-02-29,301,Amstetten,Frauen,bis 19 Jahre,B9999,unbestimmt (nur Pst),4,0,19
359414,2020-02-29,301,Amstetten,Frauen,20 bis 24 Jahre,B9999,unbestimmt (nur Pst),2,20,24
359521,2020-02-29,301,Amstetten,Männer,bis 19 Jahre,B9999,unbestimmt (nur Pst),10,0,19
359567,2020-02-29,301,Amstetten,Männer,25 bis 29 Jahre,B9999,unbestimmt (nur Pst),1,25,29
359657,2020-02-29,304,Baden neu,Frauen,bis 19 Jahre,B9999,unbestimmt (nur Pst),10,0,19
359691,2020-02-29,304,Baden neu,Frauen,20 bis 24 Jahre,B9999,unbestimmt (nur Pst),7,20,24
359715,2020-02-29,304,Baden neu,Frauen,25 bis 29 Jahre,B9999,unbestimmt (nur Pst),2,25,29
359742,2020-02-29,304,Baden neu,Frauen,30 bis 34 Jahre,B9999,unbestimmt (nur Pst),1,30,34
359765,2020-02-29,304,Baden neu,Frauen,35 bis 39 Jahre,B9999,unbestimmt (nur Pst),2,35,39
359788,2020-02-29,304,Baden neu,Frauen,40 bis 44 Jahre,B9999,unbestimmt (nur Pst),1,40,44
359882,2020-02-29,304,Baden neu,Männer,bis 19 Jahre,B9999,unbestimmt (nur Pst),7,0,19
359936,2020-02-29,304,Baden neu,Männer,20 bis 24 Jahre,B9999,unbestimmt (nur Pst),3,20,24
359962,2020-02-29,304,Baden neu,Männer,25 bis 29 Jahre,B9999,unbestimmt (nur Pst),2,25,29
359987,2020-02-29,304,Baden neu,Männer,30 bis 34 Jahre,B9999,unbestimmt (nur Pst),1,30,34
360027,2020-02-29,304,Baden neu,Männer,40 bis 44 Jahre,B9999,unbestimmt (nur Pst),1,40,44
360091,2020-02-29,306,Bruck/Leitha,Frauen,bis 19 Jahre,B9999,unbestimmt (nur Pst),1,0,19
360103,2020-02-29,306,Bruck/Leitha,Frauen,20 bis 24 Jahre,B9999,unbestimmt (nur Pst),2,20,24
360145,2020-02-29,306,Bruck/Leitha,Frauen,40 bis 44 Jahre,B9999,unbestimmt (nur Pst),1,40,44
360183,2020-02-29,306,Bruck/Leitha,Männer,bis 19 Jahre,B9999,unbestimmt (nur Pst),3,0,19
360229,2020-02-29,306,Bruck/Leitha,Männer,45 bis 49 Jahre,B9999,unbestimmt (nur Pst),1,45,49
360257,2020-02-29,308,Gänserndorf,Frauen,bis 19 Jahre,B9999,unbestimmt (nur Pst),2,0,19
360301,2020-02-29,308,Gänserndorf,Frauen,20 bis 24 Jahre,B9999,unbestimmt (nur Pst),1,20,24
360466,2020-02-29,308,Gänserndorf,Männer,bis 19 Jahre,B9999,unbestimmt (nur Pst),4,0,19
360510,2020-02-29,308,Gänserndorf,Männer,20 bis 24 Jahre,B9999,unbestimmt (nur Pst),2,20,24
360623,2020-02-29,311,Gmünd,Frauen,bis 19 Jahre,B9999,unbestimmt (nur Pst),1,0,19
360758,2020-02-29,312,Hollabrunn,Frauen,bis 19 Jahre,B9999,unbestimmt (nur Pst),2,0,19
360772,2020-02-29,312,Hollabrunn,Frauen,20 bis 24 Jahre,B9999,unbestimmt (nur Pst),1,20,24
360921,2020-02-29,313,Horn,Frauen,bis 19 Jahre,B9999,unbestimmt (nur Pst),2,0,19
360931,2020-02-29,313,Horn,Frauen,20 bis 24 Jahre,B9999,unbestimmt (nur Pst),1,20,24
360978,2020-02-29,313,Horn,Männer,bis 19 Jahre,B9999,unbestimmt (nur Pst),3,0,19
360990,2020-02-29,313,Horn,Männer,20 bis 24 Jahre,B9999,unbestimmt (nur Pst),2,20,24
360996,2020-02-29,313,Horn,Männer,25 bis 29 Jahre,B9999,unbestimmt (nur Pst),1,25,29
361065,2020-02-29,314,Korneuburg,Frauen,20 bis 24 Jahre,B9999,unbestimmt (nur Pst),2,20,24
361124,2020-02-29,314,Korneuburg,Frauen,40 bis 44 Jahre,B9999,unbestimmt (nur Pst),1,40,44
361192,2020-02-29,314,Korneuburg,Männer,bis 19 Jahre,B9999,unbestimmt (nur Pst),6,0,19
361299,2020-02-29,315,Krems,Frauen,bis 19 Jahre,B9999,unbestimmt (nur Pst),4,0,19
361322,2020-02-29,315,Krems,Frauen,20 bis 24 Jahre,B9999,unbestimmt (nur Pst),1,20,24
361444,2020-02-29,315,Krems,Männer,bis 19 Jahre,B9999,unbestimmt (nur Pst),1,0,19
361482,2020-02-29,315,Krems,Männer,20 bis 24 Jahre,B9999,unbestimmt (nur Pst),1,20,24
361574,2020-02-29,316,Lilienfeld,Frauen,bis 19 Jahre,B9999,unbestimmt (nur Pst),1,0,19
361583,2020-02-29,316,Lilienfeld,Frauen,20 bis 24 Jahre,B9999,unbestimmt (nur Pst),2,20,24
361591,2020-02-29,316,Lilienfeld,Frauen,25 bis 29 Jahre,B9999,unbestimmt (nur Pst),1,25,29
361623,2020-02-29,316,Lilienfeld,Frauen,45 bis 49 Jahre,B9999,unbestimmt (nur Pst),1,45,49
361628,2020-02-29,316,Lilienfeld,Frauen,50 bis 54 Jahre,B9999,unbestimmt (nur Pst),1,50,54
361648,2020-02-29,316,Lilienfeld,Männer,bis 19 Jahre,B9999,unbestimmt (nur Pst),2,0,19
361658,2020-02-29,316,Lilienfeld,Männer,20 bis 24 Jahre,B9999,unbestimmt (nur Pst),1,20,24
361773,2020-02-29,317,Melk,Frauen,40 bis 44 Jahre,B9999,unbestimmt (nur Pst),1,40,44
361900,2020-02-29,319,Mistelbach,Frauen,bis 19 Jahre,B9999,unbestimmt (nur Pst),5,0,19
361924,2020-02-29,319,Mistelbach,Frauen,20 bis 24 Jahre,B9999,unbestimmt (nur Pst),2,20,24
361933,2020-02-29,319,Mistelbach,Frauen,25 bis 29 Jahre,B9999,unbestimmt (nur Pst),1,25,29
362029,2020-02-29,319,Mistelbach,Männer,bis 19 Jahre,B9999,unbestimmt (nur Pst),3,0,19
362123,2020-02-29,321,Mödling,Frauen,bis 19 Jahre,B9999,unbestimmt (nur Pst),3,0,19
362146,2020-02-29,321,Mödling,Frauen,20 bis 24 Jahre,B9999,unbestimmt (nur Pst),3,20,24
362256,2020-02-29,321,Mödling,Frauen,50 bis 54 Jahre,B9999,unbestimmt (nur Pst),1,50,54
362288,2020-02-29,321,Mödling,Männer,bis 19 Jahre,B9999,unbestimmt (nur Pst),7,0,19
362321,2020-02-29,321,Mödling,Männer,20 bis 24 Jahre,B9999,unbestimmt (nur Pst),2,20,24
362426,2020-02-29,323,Neunkirchen,Frauen,bis 19 Jahre,B9999,unbestimmt (nur Pst),3,0,19
362596,2020-02-29,323,Neunkirchen,Männer,20 bis 24 Jahre,B9999,unbestimmt (nur Pst),1,20,24
362718,2020-02-29,326,St. Pölten,Frauen,bis 19 Jahre,B9999,unbestimmt (nur Pst),3,0,19
362755,2020-02-29,326,St. Pölten,Frauen,20 bis 24 Jahre,B9999,unbestimmt (nur Pst),4,20,24
362773,2020-02-29,326,St. Pölten,Frauen,25 bis 29 Jahre,B9999,unbestimmt (nur Pst),1,25,29
362830,2020-02-29,326,St. Pölten,Frauen,35 bis 39 Jahre,B9999,unbestimmt (nur Pst),1,35,39
362859,2020-02-29,326,St. Pölten,Frauen,40 bis 44 Jahre,B9999,unbestimmt (nur Pst),1,40,44
362910,2020-02-29,326,St. Pölten,Frauen,50 bis 54 Jahre,B9999,unbestimmt (nur Pst),1,50,54
362922,2020-02-29,326,St. Pölten,Frauen,55 bis 59 Jahre,B9999,unbestimmt (nur Pst),1,55,59
362956,2020-02-29,326,St. Pölten,Männer,bis 19 Jahre,B9999,unbestimmt (nur Pst),8,0,19
363000,2020-02-29,326,St. Pölten,Männer,20 bis 24 Jahre,B9999,unbestimmt (nur Pst),2,20,24
363133,2020-02-29,326,St. Pölten,Männer,45 bis 49 Jahre,B9999,unbestimmt (nur Pst),1,45,49
363150,2020-02-29,326,St. Pölten,Männer,50 bis 54 Jahre,B9999,unbestimmt (nur Pst),1,50,54
363160,2020-02-29,326,St. Pölten,Männer,55 bis 59 Jahre,B9999,unbestimmt (nur Pst),1,55,59
363175,2020-02-29,328,Scheibbs,Frauen,bis 19 Jahre,B9999,unbestimmt (nur Pst),1,0,19
363182,2020-02-29,328,Scheibbs,Frauen,20 bis 24 Jahre,B9999,unbestimmt (nur Pst),1,20,24
363230,2020-02-29,328,Scheibbs,Männer,bis 19 Jahre,B9999,unbestimmt (nur Pst),2,0,19
363285,2020-02-29,329,Schwechat,Frauen,bis 19 Jahre,B9999,unbestimmt (nur Pst),2,0,19
363315,2020-02-29,329,Schwechat,Frauen,25 bis 29 Jahre,B9999,unbestimmt (nur Pst),1,25,29
363501,2020-02-29,331,Tulln,Frauen,bis 19 Jahre,B9999,unbestimmt (nur Pst),9,0,19
363524,2020-02-29,331,Tulln,Frauen,20 bis 24 Jahre,B9999,unbestimmt (nur Pst),3,20,24
363541,2020-02-29,331,Tulln,Frauen,25 bis 29 Jahre,B9999,unbestimmt (nur Pst),1,25,29
363552,2020-02-29,331,Tulln,Frauen,30 bis 34 Jahre,B9999,unbestimmt (nur Pst),1,30,34
363633,2020-02-29,331,Tulln,Männer,bis 19 Jahre,B9999,unbestimmt (nur Pst),11,0,19
363657,2020-02-29,331,Tulln,Männer,20 bis 24 Jahre,B9999,unbestimmt (nur Pst),2,20,24
363740,2020-02-29,332,Waidhofen/Thaya,Frauen,bis 19 Jahre,B9999,unbestimmt (nur Pst),2,0,19
363754,2020-02-29,332,Waidhofen/Thaya,Frauen,20 bis 24 Jahre,B9999,unbestimmt (nur Pst),1,20,24
363795,2020-02-29,332,Waidhofen/Thaya,Männer,bis 19 Jahre,B9999,unbestimmt (nur Pst),1,0,19
363889,2020-02-29,333,Waidhofen/Ybbs,Männer,bis 19 Jahre,B9999,unbestimmt (nur Pst),2,0,19
363932,2020-02-29,334,Wr. Neustadt,Frauen,bis 19 Jahre,B9999,unbestimmt (nur Pst),5,0,19
363959,2020-02-29,334,Wr. Neustadt,Frauen,20 bis 24 Jahre,B9999,unbestimmt (nur Pst),1,20,24
364049,2020-02-29,334,Wr. Neustadt,Frauen,40 bis 44 Jahre,B9999,unbestimmt (nur Pst),1,40,44
364127,2020-02-29,334,Wr. Neustadt,Männer,bis 19 Jahre,B9999,unbestimmt (nur Pst),3,0,19
364411,2020-02-29,401,Braunau,Frauen,bis 19 Jahre,B9999,unbestimmt (nur Pst),9,0,19
364462,2020-02-29,401,Braunau,Frauen,25 bis 29 Jahre,B9999,unbestimmt (nur Pst),1,25,29
364572,2020-02-29,401,Braunau,Männer,bis 19 Jahre,B9999,unbestimmt (nur Pst),15,0,19
364595,2020-02-29,401,Braunau,Männer,20 bis 24 Jahre,B9999,unbestimmt (nur Pst),4,20,24
364629,2020-02-29,401,Braunau,Männer,30 bis 34 Jahre,B9999,unbestimmt (nur Pst),1,30,34
364705,2020-02-29,402,Eferding,Frauen,bis 19 Jahre,B9999,unbestimmt (nur Pst),1,0,19
364738,2020-02-29,402,Eferding,Frauen,40 bis 44 Jahre,B9999,unbestimmt (nur Pst),1,40,44
365030,2020-02-29,404,Gmunden,Frauen,bis 19 Jahre,B9999,unbestimmt (nur Pst),5,0,19
365175,2020-02-29,404,Gmunden,Männer,bis 19 Jahre,B9999,unbestimmt (nur Pst),6,0,19
365315,2020-02-29,406,Grieskirchen,Frauen,bis 19 Jahre,B9999,unbestimmt (nur Pst),1,0,19
365485,2020-02-29,407,Kirchdorf/Krems,Frauen,bis 19 Jahre,B9999,unbestimmt (nur Pst),4,0,19
365510,2020-02-29,407,Kirchdorf/Krems,Frauen,20 bis 24 Jahre,B9999,unbestimmt (nur Pst),1,20,24
365525,2020-02-29,407,Kirchdorf/Krems,Frauen,25 bis 29 Jahre,B9999,unbestimmt (nur Pst),1,25,29
365598,2020-02-29,407,Kirchdorf/Krems,Männer,bis 19 Jahre,B9999,unbestimmt (nur Pst),1,0,19
365692,2020-02-29,409,Linz neu,Frauen,bis 19 Jahre,B9999,unbestimmt (nur Pst),18,0,19
365740,2020-02-29,409,Linz neu,Frauen,20 bis 24 Jahre,B9999,unbestimmt (nur Pst),3,20,24
365784,2020-02-29,409,Linz neu,Frauen,25 bis 29 Jahre,B9999,unbestimmt (nur Pst),5,25,29
365826,2020-02-29,409,Linz neu,Frauen,30 bis 34 Jahre,B9999,unbestimmt (nur Pst),4,30,34
365870,2020-02-29,409,Linz neu,Frauen,35 bis 39 Jahre,B9999,unbestimmt (nur Pst),3,35,39
365909,2020-02-29,409,Linz neu,Frauen,40 bis 44 Jahre,B9999,unbestimmt (nur Pst),4,40,44
365963,2020-02-29,409,Linz neu,Frauen,50 bis 54 Jahre,B9999,unbestimmt (nur Pst),1,50,54
366018,2020-02-29,409,Linz neu,Männer,bis 19 Jahre,B9999,unbestimmt (nur Pst),31,0,19
366083,2020-02-29,409,Linz neu,Männer,20 bis 24 Jahre,B9999,unbestimmt (nur Pst),8,20,24
366134,2020-02-29,409,Linz neu,Männer,25 bis 29 Jahre,B9999,unbestimmt (nur Pst),1,25,29
366190,2020-02-29,409,Linz neu,Männer,30 bis 34 Jahre,B9999,unbestimmt (nur Pst),1,30,34
366233,2020-02-29,409,Linz neu,Männer,35 bis 39 Jahre,B9999,unbestimmt (nur Pst),1,35,39
366310,2020-02-29,409,Linz neu,Männer,45 bis 49 Jahre,B9999,unbestimmt (nur Pst),1,45,49
366345,2020-02-29,409,Linz neu,Männer,50 bis 54 Jahre,B9999,unbestimmt (nur Pst),1,50,54
366399,2020-02-29,411,Perg,Frauen,20 bis 24 Jahre,B9999,unbestimmt (nur Pst),1,20,24
366443,2020-02-29,411,Perg,Frauen,35 bis 39 Jahre,B9999,unbestimmt (nur Pst),1,35,39
366470,2020-02-29,411,Perg,Frauen,45 bis 49 Jahre,B9999,unbestimmt (nur Pst),1,45,49
366511,2020-02-29,411,Perg,Männer,bis 19 Jahre,B9999,unbestimmt (nur Pst),1,0,19
366624,2020-02-29,412,Ried im Innkreis,Frauen,bis 19 Jahre,B9999,unbestimmt (nur Pst),3,0,19
366655,2020-02-29,412,Ried im Innkreis,Frauen,25 bis 29 Jahre,B9999,unbestimmt (nur Pst),1,25,29
366687,2020-02-29,412,Ried im Innkreis,Frauen,35 bis 39 Jahre,B9999,unbestimmt (nur Pst),1,35,39
366752,2020-02-29,412,Ried im Innkreis,Männer,bis 19 Jahre,B9999,unbestimmt (nur Pst),4,0,19
366778,2020-02-29,412,Ried im Innkreis,Männer,20 bis 24 Jahre,B9999,unbestimmt (nur Pst),4,20,24
366798,2020-02-29,412,Ried im Innkreis,Männer,30 bis 34 Jahre,B9999,unbestimmt (nur Pst),1,30,34
366862,2020-02-29,413,Rohrbach,Frauen,bis 19 Jahre,B9999,unbestimmt (nur Pst),1,0,19
366949,2020-02-29,413,Rohrbach,Männer,bis 19 Jahre,B9999,unbestimmt (nur Pst),1,0,19
366998,2020-02-29,413,Rohrbach,Männer,40 bis 44 Jahre,B9999,unbestimmt (nur Pst),1,40,44
367208,2020-02-29,415,Steyr,Frauen,bis 19 Jahre,B9999,unbestimmt (nur Pst),12,0,19
367236,2020-02-29,415,Steyr,Frauen,20 bis 24 Jahre,B9999,unbestimmt (nur Pst),1,20,24
367265,2020-02-29,415,Steyr,Frauen,25 bis 29 Jahre,B9999,unbestimmt (nur Pst),1,25,29
367302,2020-02-29,415,Steyr,Frauen,35 bis 39 Jahre,B9999,unbestimmt (nur Pst),1,35,39
367402,2020-02-29,415,Steyr,Männer,bis 19 Jahre,B9999,unbestimmt (nur Pst),7,0,19
367436,2020-02-29,415,Steyr,Männer,20 bis 24 Jahre,B9999,unbestimmt (nur Pst),2,20,24
367484,2020-02-29,415,Steyr,Männer,30 bis 34 Jahre,B9999,unbestimmt (nur Pst),1,30,34
367578,2020-02-29,418,Vöcklabruck,Frauen,bis 19 Jahre,B9999,unbestimmt (nur Pst),10,0,19
367594,2020-02-29,418,Vöcklabruck,Frauen,20 bis 24 Jahre,B9999,unbestimmt (nur Pst),2,20,24
367767,2020-02-29,418,Vöcklabruck,Männer,bis 19 Jahre,B9999,unbestimmt (nur Pst),8,0,19
367948,2020-02-29,419,Wels,Frauen,bis 19 Jahre,B9999,unbestimmt (nur Pst),1,0,19
367971,2020-02-29,419,Wels,Frauen,20 bis 24 Jahre,B9999,unbestimmt (nur Pst),2,20,24
368042,2020-02-29,419,Wels,Frauen,35 bis 39 Jahre,B9999,unbestimmt (nur Pst),3,35,39
368073,2020-02-29,419,Wels,Frauen,45 bis 49 Jahre,B9999,unbestimmt (nur Pst),1,45,49
368215,2020-02-29,419,Wels,Männer,35 bis 39 Jahre,B9999,unbestimmt (nur Pst),1,35,39
368268,2020-02-29,419,Wels,Männer,50 bis 54 Jahre,B9999,unbestimmt (nur Pst),1,50,54
368306,2020-02-29,421,Traun,Frauen,bis 19 Jahre,B9999,unbestimmt (nur Pst),1,0,19
368335,2020-02-29,421,Traun,Frauen,20 bis 24 Jahre,B9999,unbestimmt (nur Pst),2,20,24
368382,2020-02-29,421,Traun,Frauen,30 bis 34 Jahre,B9999,unbestimmt (nur Pst),3,30,34
368412,2020-02-29,421,Traun,Frauen,35 bis 39 Jahre,B9999,unbestimmt (nur Pst),2,35,39
368452,2020-02-29,421,Traun,Frauen,45 bis 49 Jahre,B9999,unbestimmt (nur Pst),2,45,49
368517,2020-02-29,421,Traun,Männer,bis 19 Jahre,B9999,unbestimmt (nur Pst),1,0,19
368548,2020-02-29,421,Traun,Männer,20 bis 24 Jahre,B9999,unbestimmt (nur Pst),2,20,24
368598,2020-02-29,421,Traun,Männer,30 bis 34 Jahre,B9999,unbestimmt (nur Pst),1,30,34
368719,2020-02-29,501,Bischofshofen,Frauen,bis 19 Jahre,B9999,unbestimmt (nur Pst),1,0,19
368780,2020-02-29,501,Bischofshofen,Frauen,35 bis 39 Jahre,B9999,unbestimmt (nur Pst),1,35,39
368809,2020-02-29,501,Bischofshofen,Frauen,45 bis 49 Jahre,B9999,unbestimmt (nur Pst),2,45,49
368838,2020-02-29,501,Bischofshofen,Männer,bis 19 Jahre,B9999,unbestimmt (nur Pst),2,0,19
368881,2020-02-29,501,Bischofshofen,Männer,30 bis 34 Jahre,B9999,unbestimmt (nur Pst),2,30,34
368997,2020-02-29,503,Hallein,Frauen,50 bis 54 Jahre,B9999,unbestimmt (nur Pst),1,50,54
369138,2020-02-29,504,Salzburg,Frauen,20 bis 24 Jahre,B9999,unbestimmt (nur Pst),1,20,24
369301,2020-02-29,504,Salzburg,Frauen,45 bis 49 Jahre,B9999,unbestimmt (nur Pst),2,45,49
369577,2020-02-29,504,Salzburg,Männer,40 bis 44 Jahre,B9999,unbestimmt (nur Pst),1,40,44
369717,2020-02-29,506,Zell am See,Frauen,bis 19 Jahre,B9999,unbestimmt (nur Pst),1,0,19
369737,2020-02-29,506,Zell am See,Frauen,25 bis 29 Jahre,B9999,unbestimmt (nur Pst),1,25,29
369752,2020-02-29,506,Zell am See,Frauen,30 bis 34 Jahre,B9999,unbestimmt (nur Pst),1,30,34
369780,2020-02-29,506,Zell am See,Frauen,45 bis 49 Jahre,B9999,unbestimmt (nur Pst),2,45,49
369806,2020-02-29,506,Zell am See,Männer,bis 19 Jahre,B9999,unbestimmt (nur Pst),3,0,19
369825,2020-02-29,506,Zell am See,Männer,20 bis 24 Jahre,B9999,unbestimmt (nur Pst),1,20,24
369841,2020-02-29,506,Zell am See,Männer,30 bis 34 Jahre,B9999,unbestimmt (nur Pst),1,30,34
369877,2020-02-29,601,Bruck/Mur,Frauen,bis 19 Jahre,B9999,unbestimmt (nur Pst),6,0,19
369899,2020-02-29,601,Bruck/Mur,Frauen,20 bis 24 Jahre,B9999,unbestimmt (nur Pst),4,20,24
369996,2020-02-29,601,Bruck/Mur,Männer,bis 19 Jahre,B9999,unbestimmt (nur Pst),2,0,19
370117,2020-02-29,603,Deutschlandsberg,Frauen,bis 19 Jahre,B9999,unbestimmt (nur Pst),1,0,19
370329,2020-02-29,604,Feldbach,Frauen,bis 19 Jahre,B9999,unbestimmt (nur Pst),3,0,19
370587,2020-02-29,606,Gleisdorf,Frauen,20 bis 24 Jahre,B9999,unbestimmt (nur Pst),2,20,24
370692,2020-02-29,606,Gleisdorf,Männer,20 bis 24 Jahre,B9999,unbestimmt (nur Pst),1,20,24
370756,2020-02-29,609,Hartberg,Frauen,bis 19 Jahre,B9999,unbestimmt (nur Pst),3,0,19
370780,2020-02-29,609,Hartberg,Frauen,20 bis 24 Jahre,B9999,unbestimmt (nur Pst),1,20,24
370930,2020-02-29,609,Hartberg,Männer,bis 19 Jahre,B9999,unbestimmt (nur Pst),2,0,19
370958,2020-02-29,609,Hartberg,Männer,20 bis 24 Jahre,B9999,unbestimmt (nur Pst),1,20,24
371094,2020-02-29,610,Judenburg,Frauen,bis 19 Jahre,B9999,unbestimmt (nur Pst),1,0,19
371129,2020-02-29,610,Judenburg,Frauen,25 bis 29 Jahre,B9999,unbestimmt (nur Pst),1,25,29
371173,2020-02-29,610,Judenburg,Frauen,45 bis 49 Jahre,B9999,unbestimmt (nur Pst),1,45,49
371203,2020-02-29,610,Judenburg,Männer,bis 19 Jahre,B9999,unbestimmt (nur Pst),2,0,19
371231,2020-02-29,610,Judenburg,Männer,20 bis 24 Jahre,B9999,unbestimmt (nur Pst),1,20,24
371249,2020-02-29,610,Judenburg,Männer,25 bis 29 Jahre,B9999,unbestimmt (nur Pst),1,25,29
371330,2020-02-29,611,Murau,Frauen,bis 19 Jahre,B9999,unbestimmt (nur Pst),2,0,19
371341,2020-02-29,611,Murau,Frauen,20 bis 24 Jahre,B9999,unbestimmt (nur Pst),3,20,24
371399,2020-02-29,611,Murau,Männer,35 bis 39 Jahre,B9999,unbestimmt (nur Pst),1,35,39
371428,2020-02-29,614,Leibnitz,Frauen,bis 19 Jahre,B9999,unbestimmt (nur Pst),3,0,19
371457,2020-02-29,614,Leibnitz,Frauen,20 bis 24 Jahre,B9999,unbestimmt (nur Pst),1,20,24
371726,2020-02-29,616,Leoben,Frauen,20 bis 24 Jahre,B9999,unbestimmt (nur Pst),1,20,24
371832,2020-02-29,616,Leoben,Männer,bis 19 Jahre,B9999,unbestimmt (nur Pst),4,0,19
371867,2020-02-29,616,Leoben,Männer,25 bis 29 Jahre,B9999,unbestimmt (nur Pst),1,25,29
371945,2020-02-29,618,Liezen,Frauen,bis 19 Jahre,B9999,unbestimmt (nur Pst),1,0,19
372016,2020-02-29,618,Liezen,Frauen,45 bis 49 Jahre,B9999,unbestimmt (nur Pst),1,45,49
372149,2020-02-29,621,Mürzzuschlag,Frauen,bis 19 Jahre,B9999,unbestimmt (nur Pst),1,0,19
372170,2020-02-29,621,Mürzzuschlag,Frauen,20 bis 24 Jahre,B9999,unbestimmt (nur Pst),2,20,24
372203,2020-02-29,621,Mürzzuschlag,Frauen,40 bis 44 Jahre,B9999,unbestimmt (nur Pst),1,40,44
372238,2020-02-29,621,Mürzzuschlag,Männer,bis 19 Jahre,B9999,unbestimmt (nur Pst),3,0,19
372257,2020-02-29,621,Mürzzuschlag,Männer,20 bis 24 Jahre,B9999,unbestimmt (nur Pst),1,20,24
372271,2020-02-29,621,Mürzzuschlag,Männer,25 bis 29 Jahre,B9999,unbestimmt (nur Pst),1,25,29
372340,2020-02-29,622,Voitsberg,Frauen,bis 19 Jahre,B9999,unbestimmt (nur Pst),4,0,19
372362,2020-02-29,622,Voitsberg,Frauen,20 bis 24 Jahre,B9999,unbestimmt (nur Pst),2,20,24
372532,2020-02-29,623,Weiz,Frauen,bis 19 Jahre,B9999,unbestimmt (nur Pst),1,0,19
372551,2020-02-29,623,Weiz,Frauen,25 bis 29 Jahre,B9999,unbestimmt (nur Pst),2,25,29
372582,2020-02-29,623,Weiz,Frauen,45 bis 49 Jahre,B9999,unbestimmt (nur Pst),2,45,49
372619,2020-02-29,623,Weiz,Männer,20 bis 24 Jahre,B9999,unbestimmt (nur Pst),1,20,24
372702,2020-02-29,630,Graz-West und Umgebung,Frauen,bis 19 Jahre,B9999,unbestimmt (nur Pst),6,0,19
372763,2020-02-29,630,Graz-West und Umgebung,Frauen,20 bis 24 Jahre,B9999,unbestimmt (nur Pst),6,20,24
372965,2020-02-29,630,Graz-West und Umgebung,Frauen,40 bis 44 Jahre,B9999,unbestimmt (nur Pst),1,40,44
373007,2020-02-29,630,Graz-West und Umgebung,Frauen,45 bis 49 Jahre,B9999,unbestimmt (nur Pst),1,45,49
373105,2020-02-29,630,Graz-West und Umgebung,Männer,bis 19 Jahre,B9999,unbestimmt (nur Pst),5,0,19
373181,2020-02-29,630,Graz-West und Umgebung,Männer,20 bis 24 Jahre,B9999,unbestimmt (nur Pst),3,20,24
373239,2020-02-29,630,Graz-West und Umgebung,Männer,25 bis 29 Jahre,B9999,unbestimmt (nur Pst),1,25,29
373325,2020-02-29,630,Graz-West und Umgebung,Männer,35 bis 39 Jahre,B9999,unbestimmt (nur Pst),2,35,39
373455,2020-02-29,631,Graz-Ost,Frauen,bis 19 Jahre,B9999,unbestimmt (nur Pst),5,0,19
373483,2020-02-29,631,Graz-Ost,Frauen,20 bis 24 Jahre,B9999,unbestimmt (nur Pst),3,20,24
373566,2020-02-29,631,Graz-Ost,Frauen,30 bis 34 Jahre,B9999,unbestimmt (nur Pst),1,30,34
373602,2020-02-29,631,Graz-Ost,Frauen,35 bis 39 Jahre,B9999,unbestimmt (nur Pst),1,35,39
373631,2020-02-29,631,Graz-Ost,Frauen,40 bis 44 Jahre,B9999,unbestimmt (nur Pst),1,40,44
373685,2020-02-29,631,Graz-Ost,Frauen,60 bis 64 Jahre,B9999,unbestimmt (nur Pst),1,60,64
373716,2020-02-29,631,Graz-Ost,Männer,bis 19 Jahre,B9999,unbestimmt (nur Pst),6,0,19
373765,2020-02-29,631,Graz-Ost,Männer,20 bis 24 Jahre,B9999,unbestimmt (nur Pst),1,20,24
373806,2020-02-29,631,Graz-Ost,Männer,25 bis 29 Jahre,B9999,unbestimmt (nur Pst),1,25,29
373846,2020-02-29,631,Graz-Ost,Männer,30 bis 34 Jahre,B9999,unbestimmt (nur Pst),1,30,34
373948,2020-02-29,701,Imst,Frauen,bis 19 Jahre,B9999,unbestimmt (nur Pst),1,0,19
374003,2020-02-29,701,Imst,Männer,bis 19 Jahre,B9999,unbestimmt (nur Pst),4,0,19
374015,2020-02-29,701,Imst,Männer,25 bis 29 Jahre,B9999,unbestimmt (nur Pst),1,25,29
374050,2020-02-29,702,Innsbruck,Frauen,bis 19 Jahre,B9999,unbestimmt (nur Pst),3,0,19
374076,2020-02-29,702,Innsbruck,Frauen,20 bis 24 Jahre,B9999,unbestimmt (nur Pst),2,20,24
374103,2020-02-29,702,Innsbruck,Frauen,25 bis 29 Jahre,B9999,unbestimmt (nur Pst),4,25,29
374133,2020-02-29,702,Innsbruck,Frauen,30 bis 34 Jahre,B9999,unbestimmt (nur Pst),2,30,34
374188,2020-02-29,702,Innsbruck,Frauen,40 bis 44 Jahre,B9999,unbestimmt (nur Pst),1,40,44
374206,2020-02-29,702,Innsbruck,Frauen,45 bis 49 Jahre,B9999,unbestimmt (nur Pst),1,45,49
374236,2020-02-29,702,Innsbruck,Frauen,55 bis 59 Jahre,B9999,unbestimmt (nur Pst),1,55,59
374306,2020-02-29,702,Innsbruck,Männer,20 bis 24 Jahre,B9999,unbestimmt (nur Pst),2,20,24
374357,2020-02-29,702,Innsbruck,Männer,30 bis 34 Jahre,B9999,unbestimmt (nur Pst),1,30,34
374380,2020-02-29,702,Innsbruck,Männer,35 bis 39 Jahre,B9999,unbestimmt (nur Pst),4,35,39
374430,2020-02-29,702,Innsbruck,Männer,45 bis 49 Jahre,B9999,unbestimmt (nur Pst),1,45,49
374551,2020-02-29,705,Kufstein,Frauen,bis 19 Jahre,B9999,unbestimmt (nur Pst),5,0,19
374569,2020-02-29,705,Kufstein,Frauen,20 bis 24 Jahre,B9999,unbestimmt (nur Pst),3,20,24
374586,2020-02-29,705,Kufstein,Frauen,25 bis 29 Jahre,B9999,unbestimmt (nur Pst),1,25,29
374646,2020-02-29,705,Kufstein,Frauen,45 bis 49 Jahre,B9999,unbestimmt (nur Pst),1,45,49
374684,2020-02-29,705,Kufstein,Männer,bis 19 Jahre,B9999,unbestimmt (nur Pst),10,0,19
374708,2020-02-29,705,Kufstein,Männer,20 bis 24 Jahre,B9999,unbestimmt (nur Pst),2,20,24
374724,2020-02-29,705,Kufstein,Männer,25 bis 29 Jahre,B9999,unbestimmt (nur Pst),2,25,29
374737,2020-02-29,705,Kufstein,Männer,30 bis 34 Jahre,B9999,unbestimmt (nur Pst),1,30,34
374751,2020-02-29,705,Kufstein,Männer,35 bis 39 Jahre,B9999,unbestimmt (nur Pst),2,35,39
374784,2020-02-29,706,Landeck,Frauen,bis 19 Jahre,B9999,unbestimmt (nur Pst),3,0,19
374823,2020-02-29,706,Landeck,Männer,bis 19 Jahre,B9999,unbestimmt (nur Pst),2,0,19
374831,2020-02-29,706,Landeck,Männer,20 bis 24 Jahre,B9999,unbestimmt (nur Pst),2,20,24
374853,2020-02-29,707,Lienz,Frauen,bis 19 Jahre,B9999,unbestimmt (nur Pst),2,0,19
374915,2020-02-29,707,Lienz,Männer,bis 19 Jahre,B9999,unbestimmt (nur Pst),1,0,19
375037,2020-02-29,709,Schwaz,Frauen,bis 19 Jahre,B9999,unbestimmt (nur Pst),10,0,19
375060,2020-02-29,709,Schwaz,Frauen,25 bis 29 Jahre,B9999,unbestimmt (nur Pst),1,25,29
375089,2020-02-29,709,Schwaz,Frauen,40 bis 44 Jahre,B9999,unbestimmt (nur Pst),1,40,44
375098,2020-02-29,709,Schwaz,Frauen,45 bis 49 Jahre,B9999,unbestimmt (nur Pst),1,45,49
375127,2020-02-29,709,Schwaz,Männer,bis 19 Jahre,B9999,unbestimmt (nur Pst),2,0,19
375172,2020-02-29,709,Schwaz,Männer,35 bis 39 Jahre,B9999,unbestimmt (nur Pst),2,35,39
375222,2020-02-29,801,Bludenz,Frauen,20 bis 24 Jahre,B9999,unbestimmt (nur Pst),1,20,24
375264,2020-02-29,801,Bludenz,Frauen,35 bis 39 Jahre,B9999,unbestimmt (nur Pst),1,35,39
375273,2020-02-29,801,Bludenz,Frauen,40 bis 44 Jahre,B9999,unbestimmt (nur Pst),1,40,44
375329,2020-02-29,801,Bludenz,Männer,25 bis 29 Jahre,B9999,unbestimmt (nur Pst),1,25,29
375412,2020-02-29,802,Bregenz,Frauen,20 bis 24 Jahre,B9999,unbestimmt (nur Pst),2,20,24
375520,2020-02-29,802,Bregenz,Frauen,45 bis 49 Jahre,B9999,unbestimmt (nur Pst),1,45,49
375532,2020-02-29,802,Bregenz,Frauen,50 bis 54 Jahre,B9999,unbestimmt (nur Pst),1,50,54
375638,2020-02-29,802,Bregenz,Männer,25 bis 29 Jahre,B9999,unbestimmt (nur Pst),1,25,29
375744,2020-02-29,804,Dornbirn,Frauen,bis 19 Jahre,B9999,unbestimmt (nur Pst),1,0,19
375833,2020-02-29,804,Dornbirn,Frauen,35 bis 39 Jahre,B9999,unbestimmt (nur Pst),1,35,39
375852,2020-02-29,804,Dornbirn,Frauen,40 bis 44 Jahre,B9999,unbestimmt (nur Pst),1,40,44
375943,2020-02-29,804,Dornbirn,Männer,20 bis 24 Jahre,B9999,unbestimmt (nur Pst),2,20,24
376014,2020-02-29,804,Dornbirn,Männer,50 bis 54 Jahre,B9999,unbestimmt (nur Pst),1,50,54
376047,2020-02-29,805,Feldkirch,Frauen,bis 19 Jahre,B9999,unbestimmt (nur Pst),4,0,19
376103,2020-02-29,805,Feldkirch,Frauen,25 bis 29 Jahre,B9999,unbestimmt (nur Pst),3,25,29
376120,2020-02-29,805,Feldkirch,Frauen,30 bis 34 Jahre,B9999,unbestimmt (nur Pst),1,30,34
376142,2020-02-29,805,Feldkirch,Frauen,35 bis 39 Jahre,B9999,unbestimmt (nur Pst),1,35,39
376159,2020-02-29,805,Feldkirch,Frauen,40 bis 44 Jahre,B9999,unbestimmt (nur Pst),2,40,44
376172,2020-02-29,805,Feldkirch,Frauen,45 bis 49 Jahre,B9999,unbestimmt (nur Pst),1,45,49
376212,2020-02-29,805,Feldkirch,Männer,bis 19 Jahre,B9999,unbestimmt (nur Pst),6,0,19
376245,2020-02-29,805,Feldkirch,Männer,20 bis 24 Jahre,B9999,unbestimmt (nur Pst),3,20,24
376268,2020-02-29,805,Feldkirch,Männer,25 bis 29 Jahre,B9999,unbestimmt (nur Pst),2,25,29
376299,2020-02-29,805,Feldkirch,Männer,35 bis 39 Jahre,B9999,unbestimmt (nur Pst),1,35,39
376609,2020-02-29,958,Wien Johnstraße,Männer,20 bis 24 Jahre,B9999,unbestimmt (nur Pst),2,20,24
377463,2020-02-29,960,Wien Esteplatz,Frauen,20 bis 24 Jahre,B9999,unbestimmt (nur Pst),1,20,24
377663,2020-02-29,960,Wien Esteplatz,Frauen,45 bis 49 Jahre,B9999,unbestimmt (nur Pst),1,45,49
378136,2020-02-29,962,Wien Redergasse,Frauen,30 bis 34 Jahre,B9999,unbestimmt (nur Pst),1,30,34
378188,2020-02-29,962,Wien Redergasse,Frauen,35 bis 39 Jahre,B9999,unbestimmt (nur Pst),1,35,39
378376,2020-02-29,962,Wien Redergasse,Männer,20 bis 24 Jahre,B9999,unbestimmt (nur Pst),1,20,24
378671,2020-02-29,962,Wien Redergasse,Männer,55 bis 59 Jahre,B9999,unbestimmt (nur Pst),1,55,59
379018,2020-02-29,963,Wien Währinger Gürtel,Männer,30 bis 34 Jahre,B9999,unbestimmt (nur Pst),1,30,34
379205,2020-02-29,964,Wien Favoritenstraße,Frauen,20 bis 24 Jahre,B9999,unbestimmt (nur Pst),1,20,24
379591,2020-02-29,964,Wien Favoritenstraße,Männer,20 bis 24 Jahre,B9999,unbestimmt (nur Pst),1,20,24
380275,2020-02-29,965,Wien Schönbrunner Straße,Frauen,45 bis 49 Jahre,B9999,unbestimmt (nur Pst),1,45,49
380308,2020-02-29,965,Wien Schönbrunner Straße,Frauen,50 bis 54 Jahre,B9999,unbestimmt (nur Pst),2,50,54
380401,2020-02-29,965,Wien Schönbrunner Straße,Männer,20 bis 24 Jahre,B9999,unbestimmt (nur Pst),1,20,24
380515,2020-02-29,965,Wien Schönbrunner Straße,Männer,30 bis 34 Jahre,B9999,unbestimmt (nur Pst),1,30,34
380896,2020-02-29,966,Wien Hietzinger Kai,Frauen,35 bis 39 Jahre,B9999,unbestimmt (nur Pst),1,35,39
381251,2020-02-29,966,Wien Hietzinger Kai,Männer,40 bis 44 Jahre,B9999,unbestimmt (nur Pst),1,40,44
381352,2020-02-29,966,Wien Hietzinger Kai,Männer,60 bis 64 Jahre,B9999,unbestimmt (nur Pst),1,60,64
381906,2020-02-29,967,Wien Huttengasse,Männer,30 bis 34 Jahre,B9999,unbestimmt (nur Pst),1,30,34
381976,2020-02-29,967,Wien Huttengasse,Männer,35 bis 39 Jahre,B9999,unbestimmt (nur Pst),1,35,39
383600,2020-02-29,970,Wien Jugendliche,Frauen,bis 19 Jahre,B9999,unbestimmt (nur Pst),24,0,19
383671,2020-02-29,970,Wien Jugendliche,Frauen,20 bis 24 Jahre,B9999,unbestimmt (nur Pst),4,20,24
383769,2020-02-29,970,Wien Jugendliche,Männer,bis 19 Jahre,B9999,unbestimmt (nur Pst),13,0,19
383864,2020-02-29,970,Wien Jugendliche,Männer,20 bis 24 Jahre,B9999,unbestimmt (nur Pst),4,20,24
383901,2020-02-29,974,Wien Austria Campus,Frauen,20 bis 24 Jahre,B9999,unbestimmt (nur Pst),1,20,24
383969,2020-02-29,974,Wien Austria Campus,Frauen,30 bis 34 Jahre,B9999,unbestimmt (nur Pst),1,30,34
384149,2020-02-29,974,Wien Austria Campus,Männer,20 bis 24 Jahre,B9999,unbestimmt (nur Pst),2,20,24
384270,2020-02-29,974,Wien Austria Campus,Männer,35 bis 39 Jahre,B9999,unbestimmt (nur Pst),1,35,39
384368,2020-02-29,974,Wien Austria Campus,Männer,50 bis 54 Jahre,B9999,unbestimmt (nur Pst),1,50,54
385012,2020-03-31,101,Eisenstadt,Männer,bis 19 Jahre,B9999,unbestimmt (nur Pst),2,0,19
385089,2020-03-31,102,Mattersburg,Frauen,bis 19 Jahre,B9999,unbestimmt (nur Pst),1,0,19
385166,2020-03-31,102,Mattersburg,Männer,25 bis 29 Jahre,B9999,unbestimmt (nur Pst),1,25,29
385541,2020-03-31,105,Oberwart,Frauen,45 bis 49 Jahre,B9999,unbestimmt (nur Pst),1,45,49
385681,2020-03-31,106,Stegersbach,Frauen,bis 19 Jahre,B9999,unbestimmt (nur Pst),1,0,19
386021,2020-03-31,203,Klagenfurt,Frauen,bis 19 Jahre,B9999,unbestimmt (nur Pst),2,0,19
386055,2020-03-31,203,Klagenfurt,Frauen,20 bis 24 Jahre,B9999,unbestimmt (nur Pst),1,20,24
386186,2020-03-31,203,Klagenfurt,Frauen,45 bis 49 Jahre,B9999,unbestimmt (nur Pst),1,45,49
386205,2020-03-31,203,Klagenfurt,Frauen,50 bis 54 Jahre,B9999,unbestimmt (nur Pst),1,50,54
386246,2020-03-31,203,Klagenfurt,Männer,bis 19 Jahre,B9999,unbestimmt (nur Pst),3,0,19
386282,2020-03-31,203,Klagenfurt,Männer,20 bis 24 Jahre,B9999,unbestimmt (nur Pst),2,20,24
386342,2020-03-31,203,Klagenfurt,Männer,30 bis 34 Jahre,B9999,unbestimmt (nur Pst),2,30,34
386406,2020-03-31,203,Klagenfurt,Männer,45 bis 49 Jahre,B9999,unbestimmt (nur Pst),1,45,49
386444,2020-03-31,204,Spittal/Drau,Frauen,bis 19 Jahre,B9999,unbestimmt (nur Pst),1,0,19
387241,2020-03-31,207,Völkermarkt,Männer,bis 19 Jahre,B9999,unbestimmt (nur Pst),2,0,19
387326,2020-03-31,208,Wolfsberg,Frauen,20 bis 24 Jahre,B9999,unbestimmt (nur Pst),1,20,24
387462,2020-03-31,301,Amstetten,Frauen,bis 19 Jahre,B9999,unbestimmt (nur Pst),4,0,19
387481,2020-03-31,301,Amstetten,Frauen,20 bis 24 Jahre,B9999,unbestimmt (nur Pst),2,20,24
387584,2020-03-31,301,Amstetten,Männer,bis 19 Jahre,B9999,unbestimmt (nur Pst),11,0,19
387626,2020-03-31,301,Amstetten,Männer,25 bis 29 Jahre,B9999,unbestimmt (nur Pst),1,25,29
387706,2020-03-31,304,Baden neu,Frauen,bis 19 Jahre,B9999,unbestimmt (nur Pst),7,0,19
387739,2020-03-31,304,Baden neu,Frauen,20 bis 24 Jahre,B9999,unbestimmt (nur Pst),4,20,24
387774,2020-03-31,304,Baden neu,Frauen,30 bis 34 Jahre,B9999,unbestimmt (nur Pst),1,30,34
387797,2020-03-31,304,Baden neu,Frauen,35 bis 39 Jahre,B9999,unbestimmt (nur Pst),1,35,39
387891,2020-03-31,304,Baden neu,Männer,bis 19 Jahre,B9999,unbestimmt (nur Pst),6,0,19
387941,2020-03-31,304,Baden neu,Männer,20 bis 24 Jahre,B9999,unbestimmt (nur Pst),2,20,24
387963,2020-03-31,304,Baden neu,Männer,25 bis 29 Jahre,B9999,unbestimmt (nur Pst),2,25,29
387984,2020-03-31,304,Baden neu,Männer,30 bis 34 Jahre,B9999,unbestimmt (nur Pst),1,30,34
388060,2020-03-31,306,Bruck/Leitha,Frauen,bis 19 Jahre,B9999,unbestimmt (nur Pst),1,0,19
388070,2020-03-31,306,Bruck/Leitha,Frauen,20 bis 24 Jahre,B9999,unbestimmt (nur Pst),2,20,24
388113,2020-03-31,306,Bruck/Leitha,Frauen,40 bis 44 Jahre,B9999,unbestimmt (nur Pst),1,40,44
388146,2020-03-31,306,Bruck/Leitha,Männer,bis 19 Jahre,B9999,unbestimmt (nur Pst),3,0,19
388219,2020-03-31,308,Gänserndorf,Frauen,bis 19 Jahre,B9999,unbestimmt (nur Pst),2,0,19
388253,2020-03-31,308,Gänserndorf,Frauen,20 bis 24 Jahre,B9999,unbestimmt (nur Pst),1,20,24
388404,2020-03-31,308,Gänserndorf,Männer,bis 19 Jahre,B9999,unbestimmt (nur Pst),4,0,19
388448,2020-03-31,308,Gänserndorf,Männer,20 bis 24 Jahre,B9999,unbestimmt (nur Pst),2,20,24
388687,2020-03-31,312,Hollabrunn,Frauen,bis 19 Jahre,B9999,unbestimmt (nur Pst),2,0,19
388703,2020-03-31,312,Hollabrunn,Frauen,20 bis 24 Jahre,B9999,unbestimmt (nur Pst),1,20,24
388837,2020-03-31,313,Horn,Frauen,bis 19 Jahre,B9999,unbestimmt (nur Pst),1,0,19
388847,2020-03-31,313,Horn,Frauen,20 bis 24 Jahre,B9999,unbestimmt (nur Pst),4,20,24
388892,2020-03-31,313,Horn,Männer,bis 19 Jahre,B9999,unbestimmt (nur Pst),3,0,19
388904,2020-03-31,313,Horn,Männer,20 bis 24 Jahre,B9999,unbestimmt (nur Pst),2,20,24
388907,2020-03-31,313,Horn,Männer,25 bis 29 Jahre,B9999,unbestimmt (nur Pst),2,25,29
388970,2020-03-31,314,Korneuburg,Frauen,20 bis 24 Jahre,B9999,unbestimmt (nur Pst),2,20,24
388992,2020-03-31,314,Korneuburg,Frauen,30 bis 34 Jahre,B9999,unbestimmt (nur Pst),1,30,34
389021,2020-03-31,314,Korneuburg,Frauen,40 bis 44 Jahre,B9999,unbestimmt (nur Pst),1,40,44
389076,2020-03-31,314,Korneuburg,Männer,bis 19 Jahre,B9999,unbestimmt (nur Pst),7,0,19
389179,2020-03-31,315,Krems,Frauen,bis 19 Jahre,B9999,unbestimmt (nur Pst),2,0,19
389200,2020-03-31,315,Krems,Frauen,20 bis 24 Jahre,B9999,unbestimmt (nur Pst),1,20,24
389315,2020-03-31,315,Krems,Männer,bis 19 Jahre,B9999,unbestimmt (nur Pst),1,0,19
389433,2020-03-31,316,Lilienfeld,Frauen,bis 19 Jahre,B9999,unbestimmt (nur Pst),1,0,19
389443,2020-03-31,316,Lilienfeld,Frauen,20 bis 24 Jahre,B9999,unbestimmt (nur Pst),1,20,24
389449,2020-03-31,316,Lilienfeld,Frauen,25 bis 29 Jahre,B9999,unbestimmt (nur Pst),1,25,29
389481,2020-03-31,316,Lilienfeld,Frauen,50 bis 54 Jahre,B9999,unbestimmt (nur Pst),1,50,54
389508,2020-03-31,316,Lilienfeld,Männer,20 bis 24 Jahre,B9999,unbestimmt (nur Pst),1,20,24
389620,2020-03-31,317,Melk,Frauen,45 bis 49 Jahre,B9999,unbestimmt (nur Pst),1,45,49
389743,2020-03-31,319,Mistelbach,Frauen,bis 19 Jahre,B9999,unbestimmt (nur Pst),4,0,19
389765,2020-03-31,319,Mistelbach,Frauen,20 bis 24 Jahre,B9999,unbestimmt (nur Pst),1,20,24
389773,2020-03-31,319,Mistelbach,Frauen,25 bis 29 Jahre,B9999,unbestimmt (nur Pst),1,25,29
389857,2020-03-31,319,Mistelbach,Männer,bis 19 Jahre,B9999,unbestimmt (nur Pst),2,0,19
389940,2020-03-31,321,Mödling,Frauen,bis 19 Jahre,B9999,unbestimmt (nur Pst),2,0,19
389963,2020-03-31,321,Mödling,Frauen,20 bis 24 Jahre,B9999,unbestimmt (nur Pst),2,20,24
389984,2020-03-31,321,Mödling,Frauen,25 bis 29 Jahre,B9999,unbestimmt (nur Pst),1,25,29
390068,2020-03-31,321,Mödling,Frauen,50 bis 54 Jahre,B9999,unbestimmt (nur Pst),1,50,54
390096,2020-03-31,321,Mödling,Männer,bis 19 Jahre,B9999,unbestimmt (nur Pst),7,0,19
390130,2020-03-31,321,Mödling,Männer,20 bis 24 Jahre,B9999,unbestimmt (nur Pst),2,20,24
390227,2020-03-31,323,Neunkirchen,Frauen,bis 19 Jahre,B9999,unbestimmt (nur Pst),3,0,19
390394,2020-03-31,323,Neunkirchen,Männer,20 bis 24 Jahre,B9999,unbestimmt (nur Pst),1,20,24
390497,2020-03-31,326,St. Pölten,Frauen,bis 19 Jahre,B9999,unbestimmt (nur Pst),4,0,19
390531,2020-03-31,326,St. Pölten,Frauen,20 bis 24 Jahre,B9999,unbestimmt (nur Pst),3,20,24
390550,2020-03-31,326,St. Pölten,Frauen,25 bis 29 Jahre,B9999,unbestimmt (nur Pst),1,25,29
390598,2020-03-31,326,St. Pölten,Frauen,35 bis 39 Jahre,B9999,unbestimmt (nur Pst),1,35,39
390622,2020-03-31,326,St. Pölten,Frauen,40 bis 44 Jahre,B9999,unbestimmt (nur Pst),1,40,44
390700,2020-03-31,326,St. Pölten,Männer,bis 19 Jahre,B9999,unbestimmt (nur Pst),9,0,19
390747,2020-03-31,326,St. Pölten,Männer,20 bis 24 Jahre,B9999,unbestimmt (nur Pst),2,20,24
390869,2020-03-31,326,St. Pölten,Männer,45 bis 49 Jahre,B9999,unbestimmt (nur Pst),1,45,49
390888,2020-03-31,326,St. Pölten,Männer,50 bis 54 Jahre,B9999,unbestimmt (nur Pst),1,50,54
390916,2020-03-31,328,Scheibbs,Frauen,20 bis 24 Jahre,B9999,unbestimmt (nur Pst),1,20,24
390956,2020-03-31,328,Scheibbs,Männer,bis 19 Jahre,B9999,unbestimmt (nur Pst),1,0,19
390995,2020-03-31,329,Schwechat,Frauen,bis 19 Jahre,B9999,unbestimmt (nur Pst),2,0,19
391020,2020-03-31,329,Schwechat,Frauen,25 bis 29 Jahre,B9999,unbestimmt (nur Pst),1,25,29
391199,2020-03-31,331,Tulln,Frauen,bis 19 Jahre,B9999,unbestimmt (nur Pst),9,0,19
391223,2020-03-31,331,Tulln,Frauen,20 bis 24 Jahre,B9999,unbestimmt (nur Pst),3,20,24
391240,2020-03-31,331,Tulln,Frauen,25 bis 29 Jahre,B9999,unbestimmt (nur Pst),1,25,29
391252,2020-03-31,331,Tulln,Frauen,30 bis 34 Jahre,B9999,unbestimmt (nur Pst),2,30,34
391337,2020-03-31,331,Tulln,Männer,bis 19 Jahre,B9999,unbestimmt (nur Pst),10,0,19
391363,2020-03-31,331,Tulln,Männer,20 bis 24 Jahre,B9999,unbestimmt (nur Pst),2,20,24
391446,2020-03-31,332,Waidhofen/Thaya,Frauen,bis 19 Jahre,B9999,unbestimmt (nur Pst),2,0,19
391458,2020-03-31,332,Waidhofen/Thaya,Frauen,20 bis 24 Jahre,B9999,unbestimmt (nur Pst),1,20,24
391496,2020-03-31,332,Waidhofen/Thaya,Männer,bis 19 Jahre,B9999,unbestimmt (nur Pst),1,0,19
391584,2020-03-31,333,Waidhofen/Ybbs,Männer,bis 19 Jahre,B9999,unbestimmt (nur Pst),1,0,19
391623,2020-03-31,334,Wr. Neustadt,Frauen,bis 19 Jahre,B9999,unbestimmt (nur Pst),4,0,19
391649,2020-03-31,334,Wr. Neustadt,Frauen,20 bis 24 Jahre,B9999,unbestimmt (nur Pst),1,20,24
391731,2020-03-31,334,Wr. Neustadt,Frauen,40 bis 44 Jahre,B9999,unbestimmt (nur Pst),1,40,44
391805,2020-03-31,334,Wr. Neustadt,Männer,bis 19 Jahre,B9999,unbestimmt (nur Pst),2,0,19
392066,2020-03-31,401,Braunau,Frauen,bis 19 Jahre,B9999,unbestimmt (nur Pst),9,0,19
392118,2020-03-31,401,Braunau,Frauen,25 bis 29 Jahre,B9999,unbestimmt (nur Pst),2,25,29
392228,2020-03-31,401,Braunau,Männer,bis 19 Jahre,B9999,unbestimmt (nur Pst),15,0,19
392254,2020-03-31,401,Braunau,Männer,20 bis 24 Jahre,B9999,unbestimmt (nur Pst),3,20,24
392289,2020-03-31,401,Braunau,Männer,30 bis 34 Jahre,B9999,unbestimmt (nur Pst),1,30,34
392311,2020-03-31,401,Braunau,Männer,40 bis 44 Jahre,B9999,unbestimmt (nur Pst),1,40,44
392355,2020-03-31,402,Eferding,Frauen,bis 19 Jahre,B9999,unbestimmt (nur Pst),1,0,19
392388,2020-03-31,402,Eferding,Frauen,40 bis 44 Jahre,B9999,unbestimmt (nur Pst),1,40,44
392677,2020-03-31,404,Gmunden,Frauen,bis 19 Jahre,B9999,unbestimmt (nur Pst),5,0,19
392799,2020-03-31,404,Gmunden,Männer,bis 19 Jahre,B9999,unbestimmt (nur Pst),5,0,19
392919,2020-03-31,406,Grieskirchen,Frauen,bis 19 Jahre,B9999,unbestimmt (nur Pst),1,0,19
393062,2020-03-31,407,Kirchdorf/Krems,Frauen,bis 19 Jahre,B9999,unbestimmt (nur Pst),4,0,19
393080,2020-03-31,407,Kirchdorf/Krems,Frauen,20 bis 24 Jahre,B9999,unbestimmt (nur Pst),1,20,24
393092,2020-03-31,407,Kirchdorf/Krems,Frauen,25 bis 29 Jahre,B9999,unbestimmt (nur Pst),1,25,29
393159,2020-03-31,407,Kirchdorf/Krems,Männer,bis 19 Jahre,B9999,unbestimmt (nur Pst),1,0,19
393255,2020-03-31,409,Linz neu,Frauen,bis 19 Jahre,B9999,unbestimmt (nur Pst),16,0,19
393301,2020-03-31,409,Linz neu,Frauen,20 bis 24 Jahre,B9999,unbestimmt (nur Pst),4,20,24
393337,2020-03-31,409,Linz neu,Frauen,25 bis 29 Jahre,B9999,unbestimmt (nur Pst),3,25,29
393375,2020-03-31,409,Linz neu,Frauen,30 bis 34 Jahre,B9999,unbestimmt (nur Pst),4,30,34
393418,2020-03-31,409,Linz neu,Frauen,35 bis 39 Jahre,B9999,unbestimmt (nur Pst),3,35,39
393454,2020-03-31,409,Linz neu,Frauen,40 bis 44 Jahre,B9999,unbestimmt (nur Pst),5,40,44
393512,2020-03-31,409,Linz neu,Frauen,50 bis 54 Jahre,B9999,unbestimmt (nur Pst),1,50,54
393574,2020-03-31,409,Linz neu,Männer,bis 19 Jahre,B9999,unbestimmt (nur Pst),32,0,19
393636,2020-03-31,409,Linz neu,Männer,20 bis 24 Jahre,B9999,unbestimmt (nur Pst),8,20,24
393684,2020-03-31,409,Linz neu,Männer,25 bis 29 Jahre,B9999,unbestimmt (nur Pst),1,25,29
393738,2020-03-31,409,Linz neu,Männer,30 bis 34 Jahre,B9999,unbestimmt (nur Pst),1,30,34
393781,2020-03-31,409,Linz neu,Männer,35 bis 39 Jahre,B9999,unbestimmt (nur Pst),2,35,39
393848,2020-03-31,409,Linz neu,Männer,45 bis 49 Jahre,B9999,unbestimmt (nur Pst),1,45,49
393932,2020-03-31,411,Perg,Frauen,20 bis 24 Jahre,B9999,unbestimmt (nur Pst),1,20,24
393975,2020-03-31,411,Perg,Frauen,35 bis 39 Jahre,B9999,unbestimmt (nur Pst),1,35,39
393997,2020-03-31,411,Perg,Frauen,45 bis 49 Jahre,B9999,unbestimmt (nur Pst),1,45,49
394028,2020-03-31,411,Perg,Männer,bis 19 Jahre,B9999,unbestimmt (nur Pst),1,0,19
394127,2020-03-31,412,Ried im Innkreis,Frauen,bis 19 Jahre,B9999,unbestimmt (nur Pst),4,0,19
394142,2020-03-31,412,Ried im Innkreis,Frauen,20 bis 24 Jahre,B9999,unbestimmt (nur Pst),1,20,24
394188,2020-03-31,412,Ried im Innkreis,Frauen,35 bis 39 Jahre,B9999,unbestimmt (nur Pst),2,35,39
394216,2020-03-31,412,Ried im Innkreis,Frauen,50 bis 54 Jahre,B9999,unbestimmt (nur Pst),1,50,54
394243,2020-03-31,412,Ried im Innkreis,Männer,bis 19 Jahre,B9999,unbestimmt (nur Pst),4,0,19
394265,2020-03-31,412,Ried im Innkreis,Männer,20 bis 24 Jahre,B9999,unbestimmt (nur Pst),4,20,24
394345,2020-03-31,413,Rohrbach,Frauen,bis 19 Jahre,B9999,unbestimmt (nur Pst),1,0,19
394362,2020-03-31,413,Rohrbach,Frauen,25 bis 29 Jahre,B9999,unbestimmt (nur Pst),1,25,29
394417,2020-03-31,413,Rohrbach,Männer,bis 19 Jahre,B9999,unbestimmt (nur Pst),2,0,19
394451,2020-03-31,413,Rohrbach,Männer,35 bis 39 Jahre,B9999,unbestimmt (nur Pst),1,35,39
394458,2020-03-31,413,Rohrbach,Männer,40 bis 44 Jahre,B9999,unbestimmt (nur Pst),1,40,44
394646,2020-03-31,415,Steyr,Frauen,bis 19 Jahre,B9999,unbestimmt (nur Pst),12,0,19
394677,2020-03-31,415,Steyr,Frauen,20 bis 24 Jahre,B9999,unbestimmt (nur Pst),1,20,24
394705,2020-03-31,415,Steyr,Frauen,25 bis 29 Jahre,B9999,unbestimmt (nur Pst),1,25,29
394745,2020-03-31,415,Steyr,Frauen,35 bis 39 Jahre,B9999,unbestimmt (nur Pst),1,35,39
394836,2020-03-31,415,Steyr,Männer,bis 19 Jahre,B9999,unbestimmt (nur Pst),6,0,19
394871,2020-03-31,415,Steyr,Männer,20 bis 24 Jahre,B9999,unbestimmt (nur Pst),3,20,24
394919,2020-03-31,415,Steyr,Männer,30 bis 34 Jahre,B9999,unbestimmt (nur Pst),1,30,34
395010,2020-03-31,418,Vöcklabruck,Frauen,bis 19 Jahre,B9999,unbestimmt (nur Pst),11,0,19
395030,2020-03-31,418,Vöcklabruck,Frauen,20 bis 24 Jahre,B9999,unbestimmt (nur Pst),1,20,24
395186,2020-03-31,418,Vöcklabruck,Männer,bis 19 Jahre,B9999,unbestimmt (nur Pst),7,0,19
395384,2020-03-31,419,Wels,Frauen,20 bis 24 Jahre,B9999,unbestimmt (nur Pst),2,20,24
395447,2020-03-31,419,Wels,Frauen,35 bis 39 Jahre,B9999,unbestimmt (nur Pst),3,35,39
395473,2020-03-31,419,Wels,Frauen,45 bis 49 Jahre,B9999,unbestimmt (nur Pst),2,45,49
395613,2020-03-31,419,Wels,Männer,40 bis 44 Jahre,B9999,unbestimmt (nur Pst),1,40,44
395644,2020-03-31,419,Wels,Männer,50 bis 54 Jahre,B9999,unbestimmt (nur Pst),1,50,54
395676,2020-03-31,421,Traun,Frauen,bis 19 Jahre,B9999,unbestimmt (nur Pst),1,0,19
395705,2020-03-31,421,Traun,Frauen,20 bis 24 Jahre,B9999,unbestimmt (nur Pst),3,20,24
395751,2020-03-31,421,Traun,Frauen,30 bis 34 Jahre,B9999,unbestimmt (nur Pst),1,30,34
395778,2020-03-31,421,Traun,Frauen,35 bis 39 Jahre,B9999,unbestimmt (nur Pst),3,35,39
395812,2020-03-31,421,Traun,Frauen,45 bis 49 Jahre,B9999,unbestimmt (nur Pst),2,45,49
395878,2020-03-31,421,Traun,Männer,bis 19 Jahre,B9999,unbestimmt (nur Pst),2,0,19
395906,2020-03-31,421,Traun,Männer,20 bis 24 Jahre,B9999,unbestimmt (nur Pst),2,20,24
395952,2020-03-31,421,Traun,Männer,30 bis 34 Jahre,B9999,unbestimmt (nur Pst),1,30,34
396067,2020-03-31,501,Bischofshofen,Frauen,bis 19 Jahre,B9999,unbestimmt (nur Pst),1,0,19
396123,2020-03-31,501,Bischofshofen,Frauen,35 bis 39 Jahre,B9999,unbestimmt (nur Pst),1,35,39
396152,2020-03-31,501,Bischofshofen,Frauen,45 bis 49 Jahre,B9999,unbestimmt (nur Pst),2,45,49
396181,2020-03-31,501,Bischofshofen,Männer,bis 19 Jahre,B9999,unbestimmt (nur Pst),2,0,19
396212,2020-03-31,501,Bischofshofen,Männer,30 bis 34 Jahre,B9999,unbestimmt (nur Pst),2,30,34
396320,2020-03-31,503,Hallein,Frauen,50 bis 54 Jahre,B9999,unbestimmt (nur Pst),1,50,54
396448,2020-03-31,504,Salzburg,Frauen,20 bis 24 Jahre,B9999,unbestimmt (nur Pst),1,20,24
396606,2020-03-31,504,Salzburg,Frauen,45 bis 49 Jahre,B9999,unbestimmt (nur Pst),2,45,49
396987,2020-03-31,506,Zell am See,Frauen,bis 19 Jahre,B9999,unbestimmt (nur Pst),1,0,19
397004,2020-03-31,506,Zell am See,Frauen,25 bis 29 Jahre,B9999,unbestimmt (nur Pst),1,25,29
397018,2020-03-31,506,Zell am See,Frauen,30 bis 34 Jahre,B9999,unbestimmt (nur Pst),1,30,34
397042,2020-03-31,506,Zell am See,Frauen,45 bis 49 Jahre,B9999,unbestimmt (nur Pst),2,45,49
397063,2020-03-31,506,Zell am See,Männer,bis 19 Jahre,B9999,unbestimmt (nur Pst),3,0,19
397077,2020-03-31,506,Zell am See,Männer,20 bis 24 Jahre,B9999,unbestimmt (nur Pst),2,20,24
397114,2020-03-31,601,Bruck/Mur,Frauen,bis 19 Jahre,B9999,unbestimmt (nur Pst),4,0,19
397133,2020-03-31,601,Bruck/Mur,Frauen,20 bis 24 Jahre,B9999,unbestimmt (nur Pst),3,20,24
397228,2020-03-31,601,Bruck/Mur,Männer,bis 19 Jahre,B9999,unbestimmt (nur Pst),2,0,19
397336,2020-03-31,603,Deutschlandsberg,Frauen,bis 19 Jahre,B9999,unbestimmt (nur Pst),1,0,19
397525,2020-03-31,604,Feldbach,Frauen,bis 19 Jahre,B9999,unbestimmt (nur Pst),3,0,19
397610,2020-03-31,604,Feldbach,Frauen,40 bis 44 Jahre,B9999,unbestimmt (nur Pst),1,40,44
397769,2020-03-31,606,Gleisdorf,Frauen,20 bis 24 Jahre,B9999,unbestimmt (nur Pst),3,20,24
397866,2020-03-31,606,Gleisdorf,Männer,20 bis 24 Jahre,B9999,unbestimmt (nur Pst),1,20,24
397917,2020-03-31,609,Hartberg,Frauen,bis 19 Jahre,B9999,unbestimmt (nur Pst),3,0,19
398085,2020-03-31,609,Hartberg,Männer,bis 19 Jahre,B9999,unbestimmt (nur Pst),1,0,19
398108,2020-03-31,609,Hartberg,Männer,20 bis 24 Jahre,B9999,unbestimmt (nur Pst),1,20,24
398236,2020-03-31,610,Judenburg,Frauen,bis 19 Jahre,B9999,unbestimmt (nur Pst),1,0,19
398273,2020-03-31,610,Judenburg,Frauen,25 bis 29 Jahre,B9999,unbestimmt (nur Pst),1,25,29
398313,2020-03-31,610,Judenburg,Frauen,45 bis 49 Jahre,B9999,unbestimmt (nur Pst),1,45,49
398339,2020-03-31,610,Judenburg,Männer,bis 19 Jahre,B9999,unbestimmt (nur Pst),2,0,19
398361,2020-03-31,610,Judenburg,Männer,20 bis 24 Jahre,B9999,unbestimmt (nur Pst),2,20,24
398378,2020-03-31,610,Judenburg,Männer,25 bis 29 Jahre,B9999,unbestimmt (nur Pst),1,25,29
398439,2020-03-31,611,Murau,Frauen,bis 19 Jahre,B9999,unbestimmt (nur Pst),2,0,19
398449,2020-03-31,611,Murau,Frauen,20 bis 24 Jahre,B9999,unbestimmt (nur Pst),2,20,24
398505,2020-03-31,611,Murau,Männer,35 bis 39 Jahre,B9999,unbestimmt (nur Pst),1,35,39
398532,2020-03-31,614,Leibnitz,Frauen,bis 19 Jahre,B9999,unbestimmt (nur Pst),5,0,19
398557,2020-03-31,614,Leibnitz,Frauen,20 bis 24 Jahre,B9999,unbestimmt (nur Pst),1,20,24
398682,2020-03-31,614,Leibnitz,Männer,bis 19 Jahre,B9999,unbestimmt (nur Pst),1,0,19
398712,2020-03-31,614,Leibnitz,Männer,20 bis 24 Jahre,B9999,unbestimmt (nur Pst),1,20,24
398826,2020-03-31,616,Leoben,Frauen,20 bis 24 Jahre,B9999,unbestimmt (nur Pst),1,20,24
398933,2020-03-31,616,Leoben,Männer,bis 19 Jahre,B9999,unbestimmt (nur Pst),3,0,19
398967,2020-03-31,616,Leoben,Männer,25 bis 29 Jahre,B9999,unbestimmt (nur Pst),1,25,29
399034,2020-03-31,618,Liezen,Frauen,bis 19 Jahre,B9999,unbestimmt (nur Pst),1,0,19
399247,2020-03-31,621,Mürzzuschlag,Frauen,bis 19 Jahre,B9999,unbestimmt (nur Pst),1,0,19
399266,2020-03-31,621,Mürzzuschlag,Frauen,20 bis 24 Jahre,B9999,unbestimmt (nur Pst),2,20,24
399295,2020-03-31,621,Mürzzuschlag,Frauen,40 bis 44 Jahre,B9999,unbestimmt (nur Pst),1,40,44
399322,2020-03-31,621,Mürzzuschlag,Männer,bis 19 Jahre,B9999,unbestimmt (nur Pst),4,0,19
399339,2020-03-31,621,Mürzzuschlag,Männer,20 bis 24 Jahre,B9999,unbestimmt (nur Pst),1,20,24
399417,2020-03-31,622,Voitsberg,Frauen,bis 19 Jahre,B9999,unbestimmt (nur Pst),4,0,19
399437,2020-03-31,622,Voitsberg,Frauen,20 bis 24 Jahre,B9999,unbestimmt (nur Pst),2,20,24
399590,2020-03-31,623,Weiz,Frauen,bis 19 Jahre,B9999,unbestimmt (nur Pst),1,0,19
399609,2020-03-31,623,Weiz,Frauen,25 bis 29 Jahre,B9999,unbestimmt (nur Pst),2,25,29
399644,2020-03-31,623,Weiz,Frauen,45 bis 49 Jahre,B9999,unbestimmt (nur Pst),2,45,49
399681,2020-03-31,623,Weiz,Männer,20 bis 24 Jahre,B9999,unbestimmt (nur Pst),1,20,24
399761,2020-03-31,630,Graz-West und Umgebung,Frauen,bis 19 Jahre,B9999,unbestimmt (nur Pst),4,0,19
399820,2020-03-31,630,Graz-West und Umgebung,Frauen,20 bis 24 Jahre,B9999,unbestimmt (nur Pst),7,20,24
400019,2020-03-31,630,Graz-West und Umgebung,Frauen,40 bis 44 Jahre,B9999,unbestimmt (nur Pst),1,40,44
400061,2020-03-31,630,Graz-West und Umgebung,Frauen,45 bis 49 Jahre,B9999,unbestimmt (nur Pst),1,45,49
400158,2020-03-31,630,Graz-West und Umgebung,Männer,bis 19 Jahre,B9999,unbestimmt (nur Pst),7,0,19
400240,2020-03-31,630,Graz-West und Umgebung,Männer,20 bis 24 Jahre,B9999,unbestimmt (nur Pst),2,20,24
400292,2020-03-31,630,Graz-West und Umgebung,Männer,25 bis 29 Jahre,B9999,unbestimmt (nur Pst),1,25,29
400374,2020-03-31,630,Graz-West und Umgebung,Männer,35 bis 39 Jahre,B9999,unbestimmt (nur Pst),2,35,39
400495,2020-03-31,631,Graz-Ost,Frauen,bis 19 Jahre,B9999,unbestimmt (nur Pst),4,0,19
400522,2020-03-31,631,Graz-Ost,Frauen,20 bis 24 Jahre,B9999,unbestimmt (nur Pst),3,20,24
400603,2020-03-31,631,Graz-Ost,Frauen,30 bis 34 Jahre,B9999,unbestimmt (nur Pst),1,30,34
400635,2020-03-31,631,Graz-Ost,Frauen,35 bis 39 Jahre,B9999,unbestimmt (nur Pst),2,35,39
400701,2020-03-31,631,Graz-Ost,Frauen,50 bis 54 Jahre,B9999,unbestimmt (nur Pst),1,50,54
400739,2020-03-31,631,Graz-Ost,Männer,bis 19 Jahre,B9999,unbestimmt (nur Pst),6,0,19
400870,2020-03-31,631,Graz-Ost,Männer,30 bis 34 Jahre,B9999,unbestimmt (nur Pst),1,30,34
400961,2020-03-31,701,Imst,Frauen,bis 19 Jahre,B9999,unbestimmt (nur Pst),1,0,19
401015,2020-03-31,701,Imst,Männer,bis 19 Jahre,B9999,unbestimmt (nur Pst),5,0,19
401025,2020-03-31,701,Imst,Männer,25 bis 29 Jahre,B9999,unbestimmt (nur Pst),1,25,29
401059,2020-03-31,702,Innsbruck,Frauen,bis 19 Jahre,B9999,unbestimmt (nur Pst),3,0,19
401085,2020-03-31,702,Innsbruck,Frauen,20 bis 24 Jahre,B9999,unbestimmt (nur Pst),2,20,24
401112,2020-03-31,702,Innsbruck,Frauen,25 bis 29 Jahre,B9999,unbestimmt (nur Pst),4,25,29
401141,2020-03-31,702,Innsbruck,Frauen,30 bis 34 Jahre,B9999,unbestimmt (nur Pst),2,30,34
401195,2020-03-31,702,Innsbruck,Frauen,40 bis 44 Jahre,B9999,unbestimmt (nur Pst),1,40,44
401212,2020-03-31,702,Innsbruck,Frauen,45 bis 49 Jahre,B9999,unbestimmt (nur Pst),1,45,49
401308,2020-03-31,702,Innsbruck,Männer,20 bis 24 Jahre,B9999,unbestimmt (nur Pst),2,20,24
401356,2020-03-31,702,Innsbruck,Männer,30 bis 34 Jahre,B9999,unbestimmt (nur Pst),1,30,34
401379,2020-03-31,702,Innsbruck,Männer,35 bis 39 Jahre,B9999,unbestimmt (nur Pst),4,35,39
401449,2020-03-31,702,Innsbruck,Männer,50 bis 54 Jahre,B9999,unbestimmt (nur Pst),1,50,54
401457,2020-03-31,702,Innsbruck,Männer,55 bis 59 Jahre,B9999,unbestimmt (nur Pst),1,55,59
401534,2020-03-31,705,Kufstein,Frauen,bis 19 Jahre,B9999,unbestimmt (nur Pst),5,0,19
401553,2020-03-31,705,Kufstein,Frauen,20 bis 24 Jahre,B9999,unbestimmt (nur Pst),2,20,24
401567,2020-03-31,705,Kufstein,Frauen,25 bis 29 Jahre,B9999,unbestimmt (nur Pst),1,25,29
401619,2020-03-31,705,Kufstein,Frauen,45 bis 49 Jahre,B9999,unbestimmt (nur Pst),1,45,49
401653,2020-03-31,705,Kufstein,Männer,bis 19 Jahre,B9999,unbestimmt (nur Pst),10,0,19
401677,2020-03-31,705,Kufstein,Männer,20 bis 24 Jahre,B9999,unbestimmt (nur Pst),3,20,24
401693,2020-03-31,705,Kufstein,Männer,25 bis 29 Jahre,B9999,unbestimmt (nur Pst),2,25,29
401706,2020-03-31,705,Kufstein,Männer,30 bis 34 Jahre,B9999,unbestimmt (nur Pst),1,30,34
401718,2020-03-31,705,Kufstein,Männer,35 bis 39 Jahre,B9999,unbestimmt (nur Pst),2,35,39
401751,2020-03-31,706,Landeck,Frauen,bis 19 Jahre,B9999,unbestimmt (nur Pst),3,0,19
401790,2020-03-31,706,Landeck,Männer,bis 19 Jahre,B9999,unbestimmt (nur Pst),3,0,19
401798,2020-03-31,706,Landeck,Männer,20 bis 24 Jahre,B9999,unbestimmt (nur Pst),2,20,24
401819,2020-03-31,707,Lienz,Frauen,bis 19 Jahre,B9999,unbestimmt (nur Pst),1,0,19
401875,2020-03-31,707,Lienz,Männer,bis 19 Jahre,B9999,unbestimmt (nur Pst),1,0,19
401978,2020-03-31,709,Schwaz,Frauen,bis 19 Jahre,B9999,unbestimmt (nur Pst),6,0,19
401998,2020-03-31,709,Schwaz,Frauen,25 bis 29 Jahre,B9999,unbestimmt (nur Pst),1,25,29
402016,2020-03-31,709,Schwaz,Frauen,35 bis 39 Jahre,B9999,unbestimmt (nur Pst),1,35,39
402027,2020-03-31,709,Schwaz,Frauen,40 bis 44 Jahre,B9999,unbestimmt (nur Pst),1,40,44
402034,2020-03-31,709,Schwaz,Frauen,45 bis 49 Jahre,B9999,unbestimmt (nur Pst),1,45,49
402062,2020-03-31,709,Schwaz,Männer,bis 19 Jahre,B9999,unbestimmt (nur Pst),2,0,19
402103,2020-03-31,709,Schwaz,Männer,35 bis 39 Jahre,B9999,unbestimmt (nur Pst),2,35,39
402148,2020-03-31,801,Bludenz,Frauen,20 bis 24 Jahre,B9999,unbestimmt (nur Pst),1,20,24
402201,2020-03-31,801,Bludenz,Frauen,40 bis 44 Jahre,B9999,unbestimmt (nur Pst),1,40,44
402242,2020-03-31,801,Bludenz,Männer,20 bis 24 Jahre,B9999,unbestimmt (nur Pst),1,20,24
402252,2020-03-31,801,Bludenz,Männer,25 bis 29 Jahre,B9999,unbestimmt (nur Pst),1,25,29
402284,2020-03-31,801,Bludenz,Männer,50 bis 54 Jahre,B9999,unbestimmt (nur Pst),1,50,54
402331,2020-03-31,802,Bregenz,Frauen,20 bis 24 Jahre,B9999,unbestimmt (nur Pst),2,20,24
402433,2020-03-31,802,Bregenz,Frauen,45 bis 49 Jahre,B9999,unbestimmt (nur Pst),1,45,49
402445,2020-03-31,802,Bregenz,Frauen,50 bis 54 Jahre,B9999,unbestimmt (nur Pst),1,50,54
402546,2020-03-31,802,Bregenz,Männer,25 bis 29 Jahre,B9999,unbestimmt (nur Pst),1,25,29
402640,2020-03-31,804,Dornbirn,Frauen,bis 19 Jahre,B9999,unbestimmt (nur Pst),1,0,19
402730,2020-03-31,804,Dornbirn,Frauen,35 bis 39 Jahre,B9999,unbestimmt (nur Pst),1,35,39
402752,2020-03-31,804,Dornbirn,Frauen,40 bis 44 Jahre,B9999,unbestimmt (nur Pst),1,40,44
402841,2020-03-31,804,Dornbirn,Männer,20 bis 24 Jahre,B9999,unbestimmt (nur Pst),2,20,24
402904,2020-03-31,804,Dornbirn,Männer,50 bis 54 Jahre,B9999,unbestimmt (nur Pst),1,50,54
402930,2020-03-31,805,Feldkirch,Frauen,bis 19 Jahre,B9999,unbestimmt (nur Pst),4,0,19
402962,2020-03-31,805,Feldkirch,Frauen,20 bis 24 Jahre,B9999,unbestimmt (nur Pst),1,20,24
402987,2020-03-31,805,Feldkirch,Frauen,25 bis 29 Jahre,B9999,unbestimmt (nur Pst),3,25,29
403004,2020-03-31,805,Feldkirch,Frauen,30 bis 34 Jahre,B9999,unbestimmt (nur Pst),1,30,34
403026,2020-03-31,805,Feldkirch,Frauen,35 bis 39 Jahre,B9999,unbestimmt (nur Pst),1,35,39
403042,2020-03-31,805,Feldkirch,Frauen,40 bis 44 Jahre,B9999,unbestimmt (nur Pst),2,40,44
403057,2020-03-31,805,Feldkirch,Frauen,45 bis 49 Jahre,B9999,unbestimmt (nur Pst),1,45,49
403095,2020-03-31,805,Feldkirch,Männer,bis 19 Jahre,B9999,unbestimmt (nur Pst),8,0,19
403131,2020-03-31,805,Feldkirch,Männer,20 bis 24 Jahre,B9999,unbestimmt (nur Pst),2,20,24
403156,2020-03-31,805,Feldkirch,Männer,25 bis 29 Jahre,B9999,unbestimmt (nur Pst),3,25,29
403185,2020-03-31,805,Feldkirch,Männer,35 bis 39 Jahre,B9999,unbestimmt (nur Pst),1,35,39
403474,2020-03-31,958,Wien Johnstraße,Männer,20 bis 24 Jahre,B9999,unbestimmt (nur Pst),2,20,24
404216,2020-03-31,960,Wien Esteplatz,Frauen,20 bis 24 Jahre,B9999,unbestimmt (nur Pst),1,20,24
404814,2020-03-31,962,Wien Redergasse,Frauen,30 bis 34 Jahre,B9999,unbestimmt (nur Pst),1,30,34
404861,2020-03-31,962,Wien Redergasse,Frauen,35 bis 39 Jahre,B9999,unbestimmt (nur Pst),1,35,39
405026,2020-03-31,962,Wien Redergasse,Männer,20 bis 24 Jahre,B9999,unbestimmt (nur Pst),1,20,24
405285,2020-03-31,962,Wien Redergasse,Männer,55 bis 59 Jahre,B9999,unbestimmt (nur Pst),1,55,59
405590,2020-03-31,963,Wien Währinger Gürtel,Männer,30 bis 34 Jahre,B9999,unbestimmt (nur Pst),1,30,34
405751,2020-03-31,964,Wien Favoritenstraße,Frauen,20 bis 24 Jahre,B9999,unbestimmt (nur Pst),1,20,24
406712,2020-03-31,965,Wien Schönbrunner Straße,Frauen,45 bis 49 Jahre,B9999,unbestimmt (nur Pst),1,45,49
406742,2020-03-31,965,Wien Schönbrunner Straße,Frauen,50 bis 54 Jahre,B9999,unbestimmt (nur Pst),2,50,54
406824,2020-03-31,965,Wien Schönbrunner Straße,Männer,20 bis 24 Jahre,B9999,unbestimmt (nur Pst),1,20,24
406928,2020-03-31,965,Wien Schönbrunner Straße,Männer,30 bis 34 Jahre,B9999,unbestimmt (nur Pst),1,30,34
407270,2020-03-31,966,Wien Hietzinger Kai,Frauen,35 bis 39 Jahre,B9999,unbestimmt (nur Pst),2,35,39
407553,2020-03-31,966,Wien Hietzinger Kai,Männer,35 bis 39 Jahre,B9999,unbestimmt (nur Pst),1,35,39
407584,2020-03-31,966,Wien Hietzinger Kai,Männer,40 bis 44 Jahre,B9999,unbestimmt (nur Pst),1,40,44
407670,2020-03-31,966,Wien Hietzinger Kai,Männer,60 bis 64 Jahre,B9999,unbestimmt (nur Pst),1,60,64
408158,2020-03-31,967,Wien Huttengasse,Männer,30 bis 34 Jahre,B9999,unbestimmt (nur Pst),1,30,34
408223,2020-03-31,967,Wien Huttengasse,Männer,35 bis 39 Jahre,B9999,unbestimmt (nur Pst),1,35,39
409673,2020-03-31,970,Wien Jugendliche,Frauen,bis 19 Jahre,B9999,unbestimmt (nur Pst),23,0,19
409748,2020-03-31,970,Wien Jugendliche,Frauen,20 bis 24 Jahre,B9999,unbestimmt (nur Pst),4,20,24
409841,2020-03-31,970,Wien Jugendliche,Männer,bis 19 Jahre,B9999,unbestimmt (nur Pst),16,0,19
409934,2020-03-31,970,Wien Jugendliche,Männer,20 bis 24 Jahre,B9999,unbestimmt (nur Pst),3,20,24
409964,2020-03-31,974,Wien Austria Campus,Frauen,20 bis 24 Jahre,B9999,unbestimmt (nur Pst),1,20,24
410022,2020-03-31,974,Wien Austria Campus,Frauen,30 bis 34 Jahre,B9999,unbestimmt (nur Pst),1,30,34
410185,2020-03-31,974,Wien Austria Campus,Männer,20 bis 24 Jahre,B9999,unbestimmt (nur Pst),2,20,24
410299,2020-03-31,974,Wien Austria Campus,Männer,35 bis 39 Jahre,B9999,unbestimmt (nur Pst),1,35,39
410385,2020-03-31,974,Wien Austria Campus,Männer,50 bis 54 Jahre,B9999,unbestimmt (nur Pst),1,50,54
410420,2020-03-31,974,Wien Austria Campus,Männer,60 bis 64 Jahre,B9999,unbestimmt (nur Pst),1,60,64
410978,2020-04-30,101,Eisenstadt,Männer,bis 19 Jahre,B9999,unbestimmt (nur Pst),2,0,19
411052,2020-04-30,102,Mattersburg,Frauen,bis 19 Jahre,B9999,unbestimmt (nur Pst),1,0,19
411117,2020-04-30,102,Mattersburg,Männer,25 bis 29 Jahre,B9999,unbestimmt (nur Pst),1,25,29
411584,2020-04-30,106,Stegersbach,Frauen,bis 19 Jahre,B9999,unbestimmt (nur Pst),1,0,19
411867,2020-04-30,203,Klagenfurt,Frauen,bis 19 Jahre,B9999,unbestimmt (nur Pst),1,0,19
412013,2020-04-30,203,Klagenfurt,Frauen,45 bis 49 Jahre,B9999,unbestimmt (nur Pst),1,45,49
412031,2020-04-30,203,Klagenfurt,Frauen,50 bis 54 Jahre,B9999,unbestimmt (nur Pst),1,50,54
412068,2020-04-30,203,Klagenfurt,Männer,bis 19 Jahre,B9999,unbestimmt (nur Pst),2,0,19
412093,2020-04-30,203,Klagenfurt,Männer,20 bis 24 Jahre,B9999,unbestimmt (nur Pst),2,20,24
412138,2020-04-30,203,Klagenfurt,Männer,30 bis 34 Jahre,B9999,unbestimmt (nur Pst),1,30,34
412185,2020-04-30,203,Klagenfurt,Männer,45 bis 49 Jahre,B9999,unbestimmt (nur Pst),1,45,49
412221,2020-04-30,204,Spittal/Drau,Frauen,bis 19 Jahre,B9999,unbestimmt (nur Pst),1,0,19
412853,2020-04-30,207,Völkermarkt,Männer,bis 19 Jahre,B9999,unbestimmt (nur Pst),2,0,19
412924,2020-04-30,208,Wolfsberg,Frauen,20 bis 24 Jahre,B9999,unbestimmt (nur Pst),1,20,24
413018,2020-04-30,301,Amstetten,Frauen,bis 19 Jahre,B9999,unbestimmt (nur Pst),4,0,19
413039,2020-04-30,301,Amstetten,Frauen,20 bis 24 Jahre,B9999,unbestimmt (nur Pst),1,20,24
413134,2020-04-30,301,Amstetten,Männer,bis 19 Jahre,B9999,unbestimmt (nur Pst),11,0,19
413175,2020-04-30,301,Amstetten,Männer,25 bis 29 Jahre,B9999,unbestimmt (nur Pst),1,25,29
413244,2020-04-30,304,Baden neu,Frauen,bis 19 Jahre,B9999,unbestimmt (nur Pst),8,0,19
413273,2020-04-30,304,Baden neu,Frauen,20 bis 24 Jahre,B9999,unbestimmt (nur Pst),5,20,24
413337,2020-04-30,304,Baden neu,Frauen,35 bis 39 Jahre,B9999,unbestimmt (nur Pst),2,35,39
413430,2020-04-30,304,Baden neu,Männer,bis 19 Jahre,B9999,unbestimmt (nur Pst),6,0,19
413475,2020-04-30,304,Baden neu,Männer,20 bis 24 Jahre,B9999,unbestimmt (nur Pst),1,20,24
413496,2020-04-30,304,Baden neu,Männer,25 bis 29 Jahre,B9999,unbestimmt (nur Pst),1,25,29
413588,2020-04-30,306,Bruck/Leitha,Frauen,bis 19 Jahre,B9999,unbestimmt (nur Pst),1,0,19
413598,2020-04-30,306,Bruck/Leitha,Frauen,20 bis 24 Jahre,B9999,unbestimmt (nur Pst),2,20,24
413633,2020-04-30,306,Bruck/Leitha,Frauen,40 bis 44 Jahre,B9999,unbestimmt (nur Pst),1,40,44
413665,2020-04-30,306,Bruck/Leitha,Männer,bis 19 Jahre,B9999,unbestimmt (nur Pst),1,0,19
413731,2020-04-30,308,Gänserndorf,Frauen,bis 19 Jahre,B9999,unbestimmt (nur Pst),2,0,19
413764,2020-04-30,308,Gänserndorf,Frauen,20 bis 24 Jahre,B9999,unbestimmt (nur Pst),1,20,24
413900,2020-04-30,308,Gänserndorf,Männer,bis 19 Jahre,B9999,unbestimmt (nur Pst),3,0,19
414159,2020-04-30,312,Hollabrunn,Frauen,bis 19 Jahre,B9999,unbestimmt (nur Pst),2,0,19
414174,2020-04-30,312,Hollabrunn,Frauen,20 bis 24 Jahre,B9999,unbestimmt (nur Pst),1,20,24
414295,2020-04-30,313,Horn,Frauen,bis 19 Jahre,B9999,unbestimmt (nur Pst),1,0,19
414303,2020-04-30,313,Horn,Frauen,20 bis 24 Jahre,B9999,unbestimmt (nur Pst),4,20,24
414335,2020-04-30,313,Horn,Männer,bis 19 Jahre,B9999,unbestimmt (nur Pst),3,0,19
414345,2020-04-30,313,Horn,Männer,20 bis 24 Jahre,B9999,unbestimmt (nur Pst),2,20,24
414348,2020-04-30,313,Horn,Männer,25 bis 29 Jahre,B9999,unbestimmt (nur Pst),1,25,29
414405,2020-04-30,314,Korneuburg,Frauen,20 bis 24 Jahre,B9999,unbestimmt (nur Pst),2,20,24
414430,2020-04-30,314,Korneuburg,Frauen,30 bis 34 Jahre,B9999,unbestimmt (nur Pst),1,30,34
414505,2020-04-30,314,Korneuburg,Männer,bis 19 Jahre,B9999,unbestimmt (nur Pst),6,0,19
414602,2020-04-30,315,Krems,Frauen,bis 19 Jahre,B9999,unbestimmt (nur Pst),2,0,19
414624,2020-04-30,315,Krems,Frauen,20 bis 24 Jahre,B9999,unbestimmt (nur Pst),1,20,24
414731,2020-04-30,315,Krems,Männer,bis 19 Jahre,B9999,unbestimmt (nur Pst),1,0,19
414845,2020-04-30,316,Lilienfeld,Frauen,bis 19 Jahre,B9999,unbestimmt (nur Pst),1,0,19
414855,2020-04-30,316,Lilienfeld,Frauen,20 bis 24 Jahre,B9999,unbestimmt (nur Pst),1,20,24
414861,2020-04-30,316,Lilienfeld,Frauen,25 bis 29 Jahre,B9999,unbestimmt (nur Pst),1,25,29
414915,2020-04-30,316,Lilienfeld,Männer,20 bis 24 Jahre,B9999,unbestimmt (nur Pst),1,20,24
415020,2020-04-30,317,Melk,Frauen,45 bis 49 Jahre,B9999,unbestimmt (nur Pst),1,45,49
415137,2020-04-30,319,Mistelbach,Frauen,bis 19 Jahre,B9999,unbestimmt (nur Pst),6,0,19
415156,2020-04-30,319,Mistelbach,Frauen,20 bis 24 Jahre,B9999,unbestimmt (nur Pst),1,20,24
415163,2020-04-30,319,Mistelbach,Frauen,25 bis 29 Jahre,B9999,unbestimmt (nur Pst),1,25,29
415247,2020-04-30,319,Mistelbach,Männer,bis 19 Jahre,B9999,unbestimmt (nur Pst),2,0,19
415317,2020-04-30,321,Mödling,Frauen,bis 19 Jahre,B9999,unbestimmt (nur Pst),2,0,19
415340,2020-04-30,321,Mödling,Frauen,20 bis 24 Jahre,B9999,unbestimmt (nur Pst),2,20,24
415359,2020-04-30,321,Mödling,Frauen,25 bis 29 Jahre,B9999,unbestimmt (nur Pst),1,25,29
415424,2020-04-30,321,Mödling,Frauen,45 bis 49 Jahre,B9999,unbestimmt (nur Pst),1,45,49
415464,2020-04-30,321,Mödling,Männer,bis 19 Jahre,B9999,unbestimmt (nur Pst),7,0,19
415496,2020-04-30,321,Mödling,Männer,20 bis 24 Jahre,B9999,unbestimmt (nur Pst),2,20,24
415592,2020-04-30,323,Neunkirchen,Frauen,bis 19 Jahre,B9999,unbestimmt (nur Pst),4,0,19
415753,2020-04-30,323,Neunkirchen,Männer,20 bis 24 Jahre,B9999,unbestimmt (nur Pst),1,20,24
415855,2020-04-30,326,St. Pölten,Frauen,bis 19 Jahre,B9999,unbestimmt (nur Pst),4,0,19
415890,2020-04-30,326,St. Pölten,Frauen,20 bis 24 Jahre,B9999,unbestimmt (nur Pst),2,20,24
415910,2020-04-30,326,St. Pölten,Frauen,25 bis 29 Jahre,B9999,unbestimmt (nur Pst),1,25,29
415956,2020-04-30,326,St. Pölten,Frauen,35 bis 39 Jahre,B9999,unbestimmt (nur Pst),1,35,39
415978,2020-04-30,326,St. Pölten,Frauen,40 bis 44 Jahre,B9999,unbestimmt (nur Pst),1,40,44
416046,2020-04-30,326,St. Pölten,Männer,bis 19 Jahre,B9999,unbestimmt (nur Pst),9,0,19
416093,2020-04-30,326,St. Pölten,Männer,20 bis 24 Jahre,B9999,unbestimmt (nur Pst),2,20,24
416196,2020-04-30,326,St. Pölten,Männer,45 bis 49 Jahre,B9999,unbestimmt (nur Pst),1,45,49
416235,2020-04-30,328,Scheibbs,Frauen,20 bis 24 Jahre,B9999,unbestimmt (nur Pst),1,20,24
416275,2020-04-30,328,Scheibbs,Männer,bis 19 Jahre,B9999,unbestimmt (nur Pst),1,0,19
416315,2020-04-30,329,Schwechat,Frauen,bis 19 Jahre,B9999,unbestimmt (nur Pst),2,0,19
416339,2020-04-30,329,Schwechat,Frauen,25 bis 29 Jahre,B9999,unbestimmt (nur Pst),1,25,29
416493,2020-04-30,331,Tulln,Frauen,bis 19 Jahre,B9999,unbestimmt (nur Pst),9,0,19
416515,2020-04-30,331,Tulln,Frauen,20 bis 24 Jahre,B9999,unbestimmt (nur Pst),3,20,24
416528,2020-04-30,331,Tulln,Frauen,25 bis 29 Jahre,B9999,unbestimmt (nur Pst),1,25,29
416541,2020-04-30,331,Tulln,Frauen,30 bis 34 Jahre,B9999,unbestimmt (nur Pst),2,30,34
416627,2020-04-30,331,Tulln,Männer,bis 19 Jahre,B9999,unbestimmt (nur Pst),9,0,19
416651,2020-04-30,331,Tulln,Männer,20 bis 24 Jahre,B9999,unbestimmt (nur Pst),2,20,24
416722,2020-04-30,332,Waidhofen/Thaya,Frauen,bis 19 Jahre,B9999,unbestimmt (nur Pst),2,0,19
416734,2020-04-30,332,Waidhofen/Thaya,Frauen,20 bis 24 Jahre,B9999,unbestimmt (nur Pst),1,20,24
416770,2020-04-30,332,Waidhofen/Thaya,Männer,bis 19 Jahre,B9999,unbestimmt (nur Pst),1,0,19
416853,2020-04-30,333,Waidhofen/Ybbs,Männer,bis 19 Jahre,B9999,unbestimmt (nur Pst),2,0,19
416890,2020-04-30,334,Wr. Neustadt,Frauen,bis 19 Jahre,B9999,unbestimmt (nur Pst),3,0,19
416914,2020-04-30,334,Wr. Neustadt,Frauen,20 bis 24 Jahre,B9999,unbestimmt (nur Pst),1,20,24
416993,2020-04-30,334,Wr. Neustadt,Frauen,40 bis 44 Jahre,B9999,unbestimmt (nur Pst),1,40,44
417055,2020-04-30,334,Wr. Neustadt,Männer,bis 19 Jahre,B9999,unbestimmt (nur Pst),2,0,19
417284,2020-04-30,401,Braunau,Frauen,bis 19 Jahre,B9999,unbestimmt (nur Pst),9,0,19
417332,2020-04-30,401,Braunau,Frauen,25 bis 29 Jahre,B9999,unbestimmt (nur Pst),2,25,29
417437,2020-04-30,401,Braunau,Männer,bis 19 Jahre,B9999,unbestimmt (nur Pst),14,0,19
417464,2020-04-30,401,Braunau,Männer,20 bis 24 Jahre,B9999,unbestimmt (nur Pst),3,20,24
417496,2020-04-30,401,Braunau,Männer,30 bis 34 Jahre,B9999,unbestimmt (nur Pst),1,30,34
417516,2020-04-30,401,Braunau,Männer,40 bis 44 Jahre,B9999,unbestimmt (nur Pst),1,40,44
417558,2020-04-30,402,Eferding,Frauen,bis 19 Jahre,B9999,unbestimmt (nur Pst),1,0,19
417867,2020-04-30,404,Gmunden,Frauen,bis 19 Jahre,B9999,unbestimmt (nur Pst),5,0,19
417988,2020-04-30,404,Gmunden,Männer,bis 19 Jahre,B9999,unbestimmt (nur Pst),5,0,19
418098,2020-04-30,406,Grieskirchen,Frauen,bis 19 Jahre,B9999,unbestimmt (nur Pst),1,0,19
418237,2020-04-30,407,Kirchdorf/Krems,Frauen,bis 19 Jahre,B9999,unbestimmt (nur Pst),4,0,19
418264,2020-04-30,407,Kirchdorf/Krems,Frauen,25 bis 29 Jahre,B9999,unbestimmt (nur Pst),1,25,29
418425,2020-04-30,409,Linz neu,Frauen,bis 19 Jahre,B9999,unbestimmt (nur Pst),15,0,19
418472,2020-04-30,409,Linz neu,Frauen,20 bis 24 Jahre,B9999,unbestimmt (nur Pst),4,20,24
418511,2020-04-30,409,Linz neu,Frauen,25 bis 29 Jahre,B9999,unbestimmt (nur Pst),2,25,29
418548,2020-04-30,409,Linz neu,Frauen,30 bis 34 Jahre,B9999,unbestimmt (nur Pst),4,30,34
418593,2020-04-30,409,Linz neu,Frauen,35 bis 39 Jahre,B9999,unbestimmt (nur Pst),3,35,39
418627,2020-04-30,409,Linz neu,Frauen,40 bis 44 Jahre,B9999,unbestimmt (nur Pst),5,40,44
418679,2020-04-30,409,Linz neu,Frauen,50 bis 54 Jahre,B9999,unbestimmt (nur Pst),1,50,54
418741,2020-04-30,409,Linz neu,Männer,bis 19 Jahre,B9999,unbestimmt (nur Pst),30,0,19
418798,2020-04-30,409,Linz neu,Männer,20 bis 24 Jahre,B9999,unbestimmt (nur Pst),8,20,24
418844,2020-04-30,409,Linz neu,Männer,25 bis 29 Jahre,B9999,unbestimmt (nur Pst),1,25,29
418897,2020-04-30,409,Linz neu,Männer,30 bis 34 Jahre,B9999,unbestimmt (nur Pst),1,30,34
418941,2020-04-30,409,Linz neu,Männer,35 bis 39 Jahre,B9999,unbestimmt (nur Pst),2,35,39
419007,2020-04-30,409,Linz neu,Männer,45 bis 49 Jahre,B9999,unbestimmt (nur Pst),1,45,49
419082,2020-04-30,411,Perg,Frauen,20 bis 24 Jahre,B9999,unbestimmt (nur Pst),1,20,24
419125,2020-04-30,411,Perg,Frauen,35 bis 39 Jahre,B9999,unbestimmt (nur Pst),1,35,39
419146,2020-04-30,411,Perg,Frauen,45 bis 49 Jahre,B9999,unbestimmt (nur Pst),1,45,49
419175,2020-04-30,411,Perg,Männer,bis 19 Jahre,B9999,unbestimmt (nur Pst),1,0,19
419272,2020-04-30,412,Ried im Innkreis,Frauen,bis 19 Jahre,B9999,unbestimmt (nur Pst),5,0,19
419332,2020-04-30,412,Ried im Innkreis,Frauen,35 bis 39 Jahre,B9999,unbestimmt (nur Pst),1,35,39
419358,2020-04-30,412,Ried im Innkreis,Frauen,50 bis 54 Jahre,B9999,unbestimmt (nur Pst),1,50,54
419383,2020-04-30,412,Ried im Innkreis,Männer,bis 19 Jahre,B9999,unbestimmt (nur Pst),3,0,19
419405,2020-04-30,412,Ried im Innkreis,Männer,20 bis 24 Jahre,B9999,unbestimmt (nur Pst),2,20,24
419415,2020-04-30,412,Ried im Innkreis,Männer,25 bis 29 Jahre,B9999,unbestimmt (nur Pst),1,25,29
419477,2020-04-30,413,Rohrbach,Frauen,bis 19 Jahre,B9999,unbestimmt (nur Pst),1,0,19
419495,2020-04-30,413,Rohrbach,Frauen,25 bis 29 Jahre,B9999,unbestimmt (nur Pst),1,25,29
419549,2020-04-30,413,Rohrbach,Männer,bis 19 Jahre,B9999,unbestimmt (nur Pst),2,0,19
419583,2020-04-30,413,Rohrbach,Männer,35 bis 39 Jahre,B9999,unbestimmt (nur Pst),1,35,39
419590,2020-04-30,413,Rohrbach,Männer,40 bis 44 Jahre,B9999,unbestimmt (nur Pst),1,40,44
419755,2020-04-30,415,Steyr,Frauen,bis 19 Jahre,B9999,unbestimmt (nur Pst),12,0,19
419784,2020-04-30,415,Steyr,Frauen,20 bis 24 Jahre,B9999,unbestimmt (nur Pst),1,20,24
419806,2020-04-30,415,Steyr,Frauen,25 bis 29 Jahre,B9999,unbestimmt (nur Pst),1,25,29
419844,2020-04-30,415,Steyr,Frauen,35 bis 39 Jahre,B9999,unbestimmt (nur Pst),1,35,39
419932,2020-04-30,415,Steyr,Männer,bis 19 Jahre,B9999,unbestimmt (nur Pst),6,0,19
419962,2020-04-30,415,Steyr,Männer,20 bis 24 Jahre,B9999,unbestimmt (nur Pst),3,20,24
420003,2020-04-30,415,Steyr,Männer,30 bis 34 Jahre,B9999,unbestimmt (nur Pst),1,30,34
420084,2020-04-30,418,Vöcklabruck,Frauen,bis 19 Jahre,B9999,unbestimmt (nur Pst),11,0,19
420102,2020-04-30,418,Vöcklabruck,Frauen,20 bis 24 Jahre,B9999,unbestimmt (nur Pst),1,20,24
420245,2020-04-30,418,Vöcklabruck,Männer,bis 19 Jahre,B9999,unbestimmt (nur Pst),8,0,19
420419,2020-04-30,419,Wels,Frauen,20 bis 24 Jahre,B9999,unbestimmt (nur Pst),2,20,24
420476,2020-04-30,419,Wels,Frauen,35 bis 39 Jahre,B9999,unbestimmt (nur Pst),2,35,39
420501,2020-04-30,419,Wels,Frauen,45 bis 49 Jahre,B9999,unbestimmt (nur Pst),2,45,49
420637,2020-04-30,419,Wels,Männer,40 bis 44 Jahre,B9999,unbestimmt (nur Pst),1,40,44
420696,2020-04-30,421,Traun,Frauen,bis 19 Jahre,B9999,unbestimmt (nur Pst),1,0,19
420723,2020-04-30,421,Traun,Frauen,20 bis 24 Jahre,B9999,unbestimmt (nur Pst),2,20,24
420788,2020-04-30,421,Traun,Frauen,35 bis 39 Jahre,B9999,unbestimmt (nur Pst),3,35,39
420822,2020-04-30,421,Traun,Frauen,45 bis 49 Jahre,B9999,unbestimmt (nur Pst),2,45,49
420889,2020-04-30,421,Traun,Männer,bis 19 Jahre,B9999,unbestimmt (nur Pst),2,0,19
420915,2020-04-30,421,Traun,Männer,20 bis 24 Jahre,B9999,unbestimmt (nur Pst),2,20,24
420958,2020-04-30,421,Traun,Männer,30 bis 34 Jahre,B9999,unbestimmt (nur Pst),1,30,34
421068,2020-04-30,501,Bischofshofen,Frauen,bis 19 Jahre,B9999,unbestimmt (nur Pst),1,0,19
421124,2020-04-30,501,Bischofshofen,Frauen,35 bis 39 Jahre,B9999,unbestimmt (nur Pst),1,35,39
421148,2020-04-30,501,Bischofshofen,Frauen,45 bis 49 Jahre,B9999,unbestimmt (nur Pst),2,45,49
421174,2020-04-30,501,Bischofshofen,Männer,bis 19 Jahre,B9999,unbestimmt (nur Pst),1,0,19
421205,2020-04-30,501,Bischofshofen,Männer,30 bis 34 Jahre,B9999,unbestimmt (nur Pst),2,30,34
421300,2020-04-30,503,Hallein,Frauen,50 bis 54 Jahre,B9999,unbestimmt (nur Pst),1,50,54
421417,2020-04-30,504,Salzburg,Frauen,20 bis 24 Jahre,B9999,unbestimmt (nur Pst),1,20,24
421562,2020-04-30,504,Salzburg,Frauen,45 bis 49 Jahre,B9999,unbestimmt (nur Pst),2,45,49
421912,2020-04-30,506,Zell am See,Frauen,bis 19 Jahre,B9999,unbestimmt (nur Pst),1,0,19
421927,2020-04-30,506,Zell am See,Frauen,25 bis 29 Jahre,B9999,unbestimmt (nur Pst),1,25,29
421950,2020-04-30,506,Zell am See,Frauen,45 bis 49 Jahre,B9999,unbestimmt (nur Pst),1,45,49
421967,2020-04-30,506,Zell am See,Männer,bis 19 Jahre,B9999,unbestimmt (nur Pst),3,0,19
421982,2020-04-30,506,Zell am See,Männer,20 bis 24 Jahre,B9999,unbestimmt (nur Pst),1,20,24
422015,2020-04-30,601,Bruck/Mur,Frauen,bis 19 Jahre,B9999,unbestimmt (nur Pst),4,0,19
422034,2020-04-30,601,Bruck/Mur,Frauen,20 bis 24 Jahre,B9999,unbestimmt (nur Pst),3,20,24
422128,2020-04-30,601,Bruck/Mur,Männer,bis 19 Jahre,B9999,unbestimmt (nur Pst),2,0,19
422236,2020-04-30,603,Deutschlandsberg,Frauen,bis 19 Jahre,B9999,unbestimmt (nur Pst),1,0,19
422426,2020-04-30,604,Feldbach,Frauen,bis 19 Jahre,B9999,unbestimmt (nur Pst),3,0,19
422508,2020-04-30,604,Feldbach,Frauen,40 bis 44 Jahre,B9999,unbestimmt (nur Pst),1,40,44
422661,2020-04-30,606,Gleisdorf,Frauen,20 bis 24 Jahre,B9999,unbestimmt (nur Pst),3,20,24
422755,2020-04-30,606,Gleisdorf,Männer,20 bis 24 Jahre,B9999,unbestimmt (nur Pst),1,20,24
422803,2020-04-30,609,Hartberg,Frauen,bis 19 Jahre,B9999,unbestimmt (nur Pst),3,0,19
422824,2020-04-30,609,Hartberg,Frauen,20 bis 24 Jahre,B9999,unbestimmt (nur Pst),1,20,24
422964,2020-04-30,609,Hartberg,Männer,bis 19 Jahre,B9999,unbestimmt (nur Pst),1,0,19
422987,2020-04-30,609,Hartberg,Männer,20 bis 24 Jahre,B9999,unbestimmt (nur Pst),1,20,24
423113,2020-04-30,610,Judenburg,Frauen,bis 19 Jahre,B9999,unbestimmt (nur Pst),1,0,19
423187,2020-04-30,610,Judenburg,Frauen,45 bis 49 Jahre,B9999,unbestimmt (nur Pst),1,45,49
423211,2020-04-30,610,Judenburg,Männer,bis 19 Jahre,B9999,unbestimmt (nur Pst),2,0,19
423231,2020-04-30,610,Judenburg,Männer,20 bis 24 Jahre,B9999,unbestimmt (nur Pst),2,20,24
423248,2020-04-30,610,Judenburg,Männer,25 bis 29 Jahre,B9999,unbestimmt (nur Pst),1,25,29
423307,2020-04-30,611,Murau,Frauen,bis 19 Jahre,B9999,unbestimmt (nur Pst),2,0,19
423317,2020-04-30,611,Murau,Frauen,20 bis 24 Jahre,B9999,unbestimmt (nur Pst),2,20,24
423367,2020-04-30,611,Murau,Männer,35 bis 39 Jahre,B9999,unbestimmt (nur Pst),1,35,39
423394,2020-04-30,614,Leibnitz,Frauen,bis 19 Jahre,B9999,unbestimmt (nur Pst),4,0,19
423421,2020-04-30,614,Leibnitz,Frauen,20 bis 24 Jahre,B9999,unbestimmt (nur Pst),1,20,24
423540,2020-04-30,614,Leibnitz,Männer,bis 19 Jahre,B9999,unbestimmt (nur Pst),1,0,19
423568,2020-04-30,614,Leibnitz,Männer,20 bis 24 Jahre,B9999,unbestimmt (nur Pst),1,20,24
423680,2020-04-30,616,Leoben,Frauen,20 bis 24 Jahre,B9999,unbestimmt (nur Pst),1,20,24
423784,2020-04-30,616,Leoben,Männer,bis 19 Jahre,B9999,unbestimmt (nur Pst),3,0,19
423818,2020-04-30,616,Leoben,Männer,25 bis 29 Jahre,B9999,unbestimmt (nur Pst),1,25,29
423885,2020-04-30,618,Liezen,Frauen,bis 19 Jahre,B9999,unbestimmt (nur Pst),1,0,19
424091,2020-04-30,621,Mürzzuschlag,Frauen,bis 19 Jahre,B9999,unbestimmt (nur Pst),1,0,19
424109,2020-04-30,621,Mürzzuschlag,Frauen,20 bis 24 Jahre,B9999,unbestimmt (nur Pst),2,20,24
424136,2020-04-30,621,Mürzzuschlag,Frauen,40 bis 44 Jahre,B9999,unbestimmt (nur Pst),1,40,44
424162,2020-04-30,621,Mürzzuschlag,Männer,bis 19 Jahre,B9999,unbestimmt (nur Pst),3,0,19
424179,2020-04-30,621,Mürzzuschlag,Männer,20 bis 24 Jahre,B9999,unbestimmt (nur Pst),1,20,24
424252,2020-04-30,622,Voitsberg,Frauen,bis 19 Jahre,B9999,unbestimmt (nur Pst),2,0,19
424270,2020-04-30,622,Voitsberg,Frauen,20 bis 24 Jahre,B9999,unbestimmt (nur Pst),2,20,24
424578,2020-04-30,630,Graz-West und Umgebung,Frauen,bis 19 Jahre,B9999,unbestimmt (nur Pst),4,0,19
424636,2020-04-30,630,Graz-West und Umgebung,Frauen,20 bis 24 Jahre,B9999,unbestimmt (nur Pst),6,20,24
424830,2020-04-30,630,Graz-West und Umgebung,Frauen,40 bis 44 Jahre,B9999,unbestimmt (nur Pst),1,40,44
424868,2020-04-30,630,Graz-West und Umgebung,Frauen,45 bis 49 Jahre,B9999,unbestimmt (nur Pst),1,45,49
424960,2020-04-30,630,Graz-West und Umgebung,Männer,bis 19 Jahre,B9999,unbestimmt (nur Pst),7,0,19
425038,2020-04-30,630,Graz-West und Umgebung,Männer,20 bis 24 Jahre,B9999,unbestimmt (nur Pst),2,20,24
425086,2020-04-30,630,Graz-West und Umgebung,Männer,25 bis 29 Jahre,B9999,unbestimmt (nur Pst),1,25,29
425170,2020-04-30,630,Graz-West und Umgebung,Männer,35 bis 39 Jahre,B9999,unbestimmt (nur Pst),2,35,39
425282,2020-04-30,631,Graz-Ost,Frauen,bis 19 Jahre,B9999,unbestimmt (nur Pst),4,0,19
425310,2020-04-30,631,Graz-Ost,Frauen,20 bis 24 Jahre,B9999,unbestimmt (nur Pst),3,20,24
425388,2020-04-30,631,Graz-Ost,Frauen,30 bis 34 Jahre,B9999,unbestimmt (nur Pst),1,30,34
425418,2020-04-30,631,Graz-Ost,Frauen,35 bis 39 Jahre,B9999,unbestimmt (nur Pst),2,35,39
425481,2020-04-30,631,Graz-Ost,Frauen,50 bis 54 Jahre,B9999,unbestimmt (nur Pst),1,50,54
425516,2020-04-30,631,Graz-Ost,Männer,bis 19 Jahre,B9999,unbestimmt (nur Pst),5,0,19
425563,2020-04-30,631,Graz-Ost,Männer,20 bis 24 Jahre,B9999,unbestimmt (nur Pst),1,20,24
425643,2020-04-30,631,Graz-Ost,Männer,30 bis 34 Jahre,B9999,unbestimmt (nur Pst),1,30,34
425725,2020-04-30,701,Imst,Frauen,bis 19 Jahre,B9999,unbestimmt (nur Pst),1,0,19
425777,2020-04-30,701,Imst,Männer,bis 19 Jahre,B9999,unbestimmt (nur Pst),4,0,19
425788,2020-04-30,701,Imst,Männer,25 bis 29 Jahre,B9999,unbestimmt (nur Pst),1,25,29
425822,2020-04-30,702,Innsbruck,Frauen,bis 19 Jahre,B9999,unbestimmt (nur Pst),3,0,19
425846,2020-04-30,702,Innsbruck,Frauen,20 bis 24 Jahre,B9999,unbestimmt (nur Pst),2,20,24
425873,2020-04-30,702,Innsbruck,Frauen,25 bis 29 Jahre,B9999,unbestimmt (nur Pst),4,25,29
425904,2020-04-30,702,Innsbruck,Frauen,30 bis 34 Jahre,B9999,unbestimmt (nur Pst),2,30,34
425958,2020-04-30,702,Innsbruck,Frauen,40 bis 44 Jahre,B9999,unbestimmt (nur Pst),1,40,44
425975,2020-04-30,702,Innsbruck,Frauen,45 bis 49 Jahre,B9999,unbestimmt (nur Pst),1,45,49
426069,2020-04-30,702,Innsbruck,Männer,20 bis 24 Jahre,B9999,unbestimmt (nur Pst),2,20,24
426117,2020-04-30,702,Innsbruck,Männer,30 bis 34 Jahre,B9999,unbestimmt (nur Pst),1,30,34
426141,2020-04-30,702,Innsbruck,Männer,35 bis 39 Jahre,B9999,unbestimmt (nur Pst),4,35,39
426208,2020-04-30,702,Innsbruck,Männer,50 bis 54 Jahre,B9999,unbestimmt (nur Pst),1,50,54
426217,2020-04-30,702,Innsbruck,Männer,55 bis 59 Jahre,B9999,unbestimmt (nur Pst),1,55,59
426295,2020-04-30,705,Kufstein,Frauen,bis 19 Jahre,B9999,unbestimmt (nur Pst),5,0,19
426312,2020-04-30,705,Kufstein,Frauen,20 bis 24 Jahre,B9999,unbestimmt (nur Pst),2,20,24
426327,2020-04-30,705,Kufstein,Frauen,25 bis 29 Jahre,B9999,unbestimmt (nur Pst),1,25,29
426377,2020-04-30,705,Kufstein,Frauen,45 bis 49 Jahre,B9999,unbestimmt (nur Pst),1,45,49
426409,2020-04-30,705,Kufstein,Männer,bis 19 Jahre,B9999,unbestimmt (nur Pst),10,0,19
426434,2020-04-30,705,Kufstein,Männer,20 bis 24 Jahre,B9999,unbestimmt (nur Pst),3,20,24
426449,2020-04-30,705,Kufstein,Männer,25 bis 29 Jahre,B9999,unbestimmt (nur Pst),2,25,29
426472,2020-04-30,705,Kufstein,Männer,35 bis 39 Jahre,B9999,unbestimmt (nur Pst),2,35,39
426506,2020-04-30,706,Landeck,Frauen,bis 19 Jahre,B9999,unbestimmt (nur Pst),3,0,19
426546,2020-04-30,706,Landeck,Männer,bis 19 Jahre,B9999,unbestimmt (nur Pst),2,0,19
426553,2020-04-30,706,Landeck,Männer,20 bis 24 Jahre,B9999,unbestimmt (nur Pst),2,20,24
426574,2020-04-30,707,Lienz,Frauen,bis 19 Jahre,B9999,unbestimmt (nur Pst),1,0,19
426626,2020-04-30,707,Lienz,Männer,bis 19 Jahre,B9999,unbestimmt (nur Pst),1,0,19
426726,2020-04-30,709,Schwaz,Frauen,bis 19 Jahre,B9999,unbestimmt (nur Pst),6,0,19
426749,2020-04-30,709,Schwaz,Frauen,25 bis 29 Jahre,B9999,unbestimmt (nur Pst),1,25,29
426767,2020-04-30,709,Schwaz,Frauen,35 bis 39 Jahre,B9999,unbestimmt (nur Pst),1,35,39
426778,2020-04-30,709,Schwaz,Frauen,40 bis 44 Jahre,B9999,unbestimmt (nur Pst),1,40,44
426785,2020-04-30,709,Schwaz,Frauen,45 bis 49 Jahre,B9999,unbestimmt (nur Pst),1,45,49
426812,2020-04-30,709,Schwaz,Männer,bis 19 Jahre,B9999,unbestimmt (nur Pst),2,0,19
426853,2020-04-30,709,Schwaz,Männer,35 bis 39 Jahre,B9999,unbestimmt (nur Pst),2,35,39
426895,2020-04-30,801,Bludenz,Frauen,20 bis 24 Jahre,B9999,unbestimmt (nur Pst),1,20,24
426940,2020-04-30,801,Bludenz,Frauen,40 bis 44 Jahre,B9999,unbestimmt (nur Pst),1,40,44
426977,2020-04-30,801,Bludenz,Männer,20 bis 24 Jahre,B9999,unbestimmt (nur Pst),1,20,24
426988,2020-04-30,801,Bludenz,Männer,25 bis 29 Jahre,B9999,unbestimmt (nur Pst),1,25,29
427053,2020-04-30,802,Bregenz,Frauen,20 bis 24 Jahre,B9999,unbestimmt (nur Pst),2,20,24
427244,2020-04-30,802,Bregenz,Männer,25 bis 29 Jahre,B9999,unbestimmt (nur Pst),1,25,29
427324,2020-04-30,804,Dornbirn,Frauen,bis 19 Jahre,B9999,unbestimmt (nur Pst),1,0,19
427435,2020-04-30,804,Dornbirn,Frauen,45 bis 49 Jahre,B9999,unbestimmt (nur Pst),1,45,49
427498,2020-04-30,804,Dornbirn,Männer,20 bis 24 Jahre,B9999,unbestimmt (nur Pst),1,20,24
427560,2020-04-30,804,Dornbirn,Männer,50 bis 54 Jahre,B9999,unbestimmt (nur Pst),1,50,54
427581,2020-04-30,805,Feldkirch,Frauen,bis 19 Jahre,B9999,unbestimmt (nur Pst),4,0,19
427609,2020-04-30,805,Feldkirch,Frauen,20 bis 24 Jahre,B9999,unbestimmt (nur Pst),1,20,24
427632,2020-04-30,805,Feldkirch,Frauen,25 bis 29 Jahre,B9999,unbestimmt (nur Pst),3,25,29
427648,2020-04-30,805,Feldkirch,Frauen,30 bis 34 Jahre,B9999,unbestimmt (nur Pst),1,30,34
427666,2020-04-30,805,Feldkirch,Frauen,35 bis 39 Jahre,B9999,unbestimmt (nur Pst),1,35,39
427684,2020-04-30,805,Feldkirch,Frauen,40 bis 44 Jahre,B9999,unbestimmt (nur Pst),2,40,44
427732,2020-04-30,805,Feldkirch,Männer,bis 19 Jahre,B9999,unbestimmt (nur Pst),8,0,19
427766,2020-04-30,805,Feldkirch,Männer,20 bis 24 Jahre,B9999,unbestimmt (nur Pst),2,20,24
427790,2020-04-30,805,Feldkirch,Männer,25 bis 29 Jahre,B9999,unbestimmt (nur Pst),3,25,29
427816,2020-04-30,805,Feldkirch,Männer,35 bis 39 Jahre,B9999,unbestimmt (nur Pst),1,35,39
428054,2020-04-30,958,Wien Johnstraße,Männer,20 bis 24 Jahre,B9999,unbestimmt (nur Pst),2,20,24
428628,2020-04-30,960,Wien Esteplatz,Frauen,20 bis 24 Jahre,B9999,unbestimmt (nur Pst),1,20,24
429897,2020-04-30,964,Wien Favoritenstraße,Frauen,20 bis 24 Jahre,B9999,unbestimmt (nur Pst),1,20,24
430679,2020-04-30,965,Wien Schönbrunner Straße,Frauen,45 bis 49 Jahre,B9999,unbestimmt (nur Pst),1,45,49
430705,2020-04-30,965,Wien Schönbrunner Straße,Frauen,50 bis 54 Jahre,B9999,unbestimmt (nur Pst),2,50,54
430783,2020-04-30,965,Wien Schönbrunner Straße,Männer,20 bis 24 Jahre,B9999,unbestimmt (nur Pst),1,20,24
430874,2020-04-30,965,Wien Schönbrunner Straße,Männer,30 bis 34 Jahre,B9999,unbestimmt (nur Pst),1,30,34
431160,2020-04-30,966,Wien Hietzinger Kai,Frauen,35 bis 39 Jahre,B9999,unbestimmt (nur Pst),1,35,39
431400,2020-04-30,966,Wien Hietzinger Kai,Männer,35 bis 39 Jahre,B9999,unbestimmt (nur Pst),1,35,39
431424,2020-04-30,966,Wien Hietzinger Kai,Männer,40 bis 44 Jahre,B9999,unbestimmt (nur Pst),1,40,44
431483,2020-04-30,966,Wien Hietzinger Kai,Männer,60 bis 64 Jahre,B9999,unbestimmt (nur Pst),1,60,64
431912,2020-04-30,967,Wien Huttengasse,Männer,30 bis 34 Jahre,B9999,unbestimmt (nur Pst),1,30,34
431970,2020-04-30,967,Wien Huttengasse,Männer,35 bis 39 Jahre,B9999,unbestimmt (nur Pst),1,35,39
433152,2020-04-30,970,Wien Jugendliche,Frauen,bis 19 Jahre,B9999,unbestimmt (nur Pst),17,0,19
433219,2020-04-30,970,Wien Jugendliche,Frauen,20 bis 24 Jahre,B9999,unbestimmt (nur Pst),3,20,24
433309,2020-04-30,970,Wien Jugendliche,Männer,bis 19 Jahre,B9999,unbestimmt (nur Pst),12,0,19
433392,2020-04-30,970,Wien Jugendliche,Männer,20 bis 24 Jahre,B9999,unbestimmt (nur Pst),3,20,24
433413,2020-04-30,974,Wien Austria Campus,Frauen,20 bis 24 Jahre,B9999,unbestimmt (nur Pst),1,20,24
433463,2020-04-30,974,Wien Austria Campus,Frauen,30 bis 34 Jahre,B9999,unbestimmt (nur Pst),1,30,34
433599,2020-04-30,974,Wien Austria Campus,Männer,20 bis 24 Jahre,B9999,unbestimmt (nur Pst),2,20,24
433695,2020-04-30,974,Wien Austria Campus,Männer,35 bis 39 Jahre,B9999,unbestimmt (nur Pst),1,35,39
433774,2020-04-30,974,Wien Austria Campus,Männer,60 bis 64 Jahre,B9999,unbestimmt (nur Pst),1,60,64
434251,2020-05-31,101,Eisenstadt,Männer,bis 19 Jahre,B9999,unbestimmt (nur Pst),2,0,19
434329,2020-05-31,102,Mattersburg,Frauen,bis 19 Jahre,B9999,unbestimmt (nur Pst),1,0,19
434399,2020-05-31,102,Mattersburg,Männer,25 bis 29 Jahre,B9999,unbestimmt (nur Pst),1,25,29
434891,2020-05-31,106,Stegersbach,Frauen,20 bis 24 Jahre,B9999,unbestimmt (nur Pst),1,20,24
435002,2020-05-31,107,Jennersdorf,Frauen,bis 19 Jahre,B9999,unbestimmt (nur Pst),1,0,19
435155,2020-05-31,203,Klagenfurt,Frauen,bis 19 Jahre,B9999,unbestimmt (nur Pst),1,0,19
435286,2020-05-31,203,Klagenfurt,Frauen,45 bis 49 Jahre,B9999,unbestimmt (nur Pst),1,45,49
435304,2020-05-31,203,Klagenfurt,Frauen,50 bis 54 Jahre,B9999,unbestimmt (nur Pst),1,50,54
435343,2020-05-31,203,Klagenfurt,Männer,bis 19 Jahre,B9999,unbestimmt (nur Pst),2,0,19
435370,2020-05-31,203,Klagenfurt,Männer,20 bis 24 Jahre,B9999,unbestimmt (nur Pst),1,20,24
435402,2020-05-31,203,Klagenfurt,Männer,30 bis 34 Jahre,B9999,unbestimmt (nur Pst),1,30,34
435441,2020-05-31,203,Klagenfurt,Männer,45 bis 49 Jahre,B9999,unbestimmt (nur Pst),1,45,49
436035,2020-05-31,207,Völkermarkt,Männer,bis 19 Jahre,B9999,unbestimmt (nur Pst),2,0,19
436107,2020-05-31,208,Wolfsberg,Frauen,20 bis 24 Jahre,B9999,unbestimmt (nur Pst),1,20,24
436197,2020-05-31,301,Amstetten,Frauen,bis 19 Jahre,B9999,unbestimmt (nur Pst),4,0,19
436219,2020-05-31,301,Amstetten,Frauen,20 bis 24 Jahre,B9999,unbestimmt (nur Pst),1,20,24
436318,2020-05-31,301,Amstetten,Männer,bis 19 Jahre,B9999,unbestimmt (nur Pst),10,0,19
436360,2020-05-31,301,Amstetten,Männer,25 bis 29 Jahre,B9999,unbestimmt (nur Pst),1,25,29
436439,2020-05-31,304,Baden neu,Frauen,bis 19 Jahre,B9999,unbestimmt (nur Pst),7,0,19
436463,2020-05-31,304,Baden neu,Frauen,20 bis 24 Jahre,B9999,unbestimmt (nur Pst),5,20,24
436518,2020-05-31,304,Baden neu,Frauen,35 bis 39 Jahre,B9999,unbestimmt (nur Pst),2,35,39
436604,2020-05-31,304,Baden neu,Männer,bis 19 Jahre,B9999,unbestimmt (nur Pst),6,0,19
436643,2020-05-31,304,Baden neu,Männer,20 bis 24 Jahre,B9999,unbestimmt (nur Pst),1,20,24
436663,2020-05-31,304,Baden neu,Männer,25 bis 29 Jahre,B9999,unbestimmt (nur Pst),1,25,29
436681,2020-05-31,304,Baden neu,Männer,30 bis 34 Jahre,B9999,unbestimmt (nur Pst),1,30,34
436756,2020-05-31,306,Bruck/Leitha,Frauen,bis 19 Jahre,B9999,unbestimmt (nur Pst),1,0,19
436765,2020-05-31,306,Bruck/Leitha,Frauen,20 bis 24 Jahre,B9999,unbestimmt (nur Pst),1,20,24
436822,2020-05-31,306,Bruck/Leitha,Männer,bis 19 Jahre,B9999,unbestimmt (nur Pst),2,0,19
436881,2020-05-31,308,Gänserndorf,Frauen,bis 19 Jahre,B9999,unbestimmt (nur Pst),2,0,19
436933,2020-05-31,308,Gänserndorf,Frauen,25 bis 29 Jahre,B9999,unbestimmt (nur Pst),1,25,29
437046,2020-05-31,308,Gänserndorf,Männer,bis 19 Jahre,B9999,unbestimmt (nur Pst),2,0,19
437088,2020-05-31,308,Gänserndorf,Männer,20 bis 24 Jahre,B9999,unbestimmt (nur Pst),1,20,24
437306,2020-05-31,312,Hollabrunn,Frauen,bis 19 Jahre,B9999,unbestimmt (nur Pst),1,0,19
437321,2020-05-31,312,Hollabrunn,Frauen,20 bis 24 Jahre,B9999,unbestimmt (nur Pst),1,20,24
437442,2020-05-31,313,Horn,Frauen,bis 19 Jahre,B9999,unbestimmt (nur Pst),1,0,19
437451,2020-05-31,313,Horn,Frauen,20 bis 24 Jahre,B9999,unbestimmt (nur Pst),4,20,24
437484,2020-05-31,313,Horn,Männer,bis 19 Jahre,B9999,unbestimmt (nur Pst),3,0,19
437494,2020-05-31,313,Horn,Männer,20 bis 24 Jahre,B9999,unbestimmt (nur Pst),2,20,24
437497,2020-05-31,313,Horn,Männer,25 bis 29 Jahre,B9999,unbestimmt (nur Pst),1,25,29
437556,2020-05-31,314,Korneuburg,Frauen,20 bis 24 Jahre,B9999,unbestimmt (nur Pst),2,20,24
437579,2020-05-31,314,Korneuburg,Frauen,30 bis 34 Jahre,B9999,unbestimmt (nur Pst),1,30,34
437608,2020-05-31,314,Korneuburg,Frauen,40 bis 44 Jahre,B9999,unbestimmt (nur Pst),1,40,44
437659,2020-05-31,314,Korneuburg,Männer,bis 19 Jahre,B9999,unbestimmt (nur Pst),6,0,19
437754,2020-05-31,315,Krems,Frauen,bis 19 Jahre,B9999,unbestimmt (nur Pst),2,0,19
437773,2020-05-31,315,Krems,Frauen,20 bis 24 Jahre,B9999,unbestimmt (nur Pst),1,20,24
437870,2020-05-31,315,Krems,Männer,bis 19 Jahre,B9999,unbestimmt (nur Pst),1,0,19
437976,2020-05-31,316,Lilienfeld,Frauen,bis 19 Jahre,B9999,unbestimmt (nur Pst),1,0,19
437987,2020-05-31,316,Lilienfeld,Frauen,20 bis 24 Jahre,B9999,unbestimmt (nur Pst),1,20,24
438040,2020-05-31,316,Lilienfeld,Männer,20 bis 24 Jahre,B9999,unbestimmt (nur Pst),2,20,24
438146,2020-05-31,317,Melk,Frauen,45 bis 49 Jahre,B9999,unbestimmt (nur Pst),1,45,49
438261,2020-05-31,319,Mistelbach,Frauen,bis 19 Jahre,B9999,unbestimmt (nur Pst),4,0,19
438284,2020-05-31,319,Mistelbach,Frauen,25 bis 29 Jahre,B9999,unbestimmt (nur Pst),1,25,29
438368,2020-05-31,319,Mistelbach,Männer,bis 19 Jahre,B9999,unbestimmt (nur Pst),2,0,19
438438,2020-05-31,321,Mödling,Frauen,bis 19 Jahre,B9999,unbestimmt (nur Pst),1,0,19
438462,2020-05-31,321,Mödling,Frauen,20 bis 24 Jahre,B9999,unbestimmt (nur Pst),2,20,24
438479,2020-05-31,321,Mödling,Frauen,25 bis 29 Jahre,B9999,unbestimmt (nur Pst),1,25,29
438539,2020-05-31,321,Mödling,Frauen,45 bis 49 Jahre,B9999,unbestimmt (nur Pst),1,45,49
438575,2020-05-31,321,Mödling,Männer,bis 19 Jahre,B9999,unbestimmt (nur Pst),7,0,19
438605,2020-05-31,321,Mödling,Männer,20 bis 24 Jahre,B9999,unbestimmt (nur Pst),2,20,24
438706,2020-05-31,323,Neunkirchen,Frauen,bis 19 Jahre,B9999,unbestimmt (nur Pst),3,0,19
438865,2020-05-31,323,Neunkirchen,Männer,20 bis 24 Jahre,B9999,unbestimmt (nur Pst),1,20,24
438964,2020-05-31,326,St. Pölten,Frauen,bis 19 Jahre,B9999,unbestimmt (nur Pst),4,0,19
438998,2020-05-31,326,St. Pölten,Frauen,20 bis 24 Jahre,B9999,unbestimmt (nur Pst),3,20,24
439016,2020-05-31,326,St. Pölten,Frauen,25 bis 29 Jahre,B9999,unbestimmt (nur Pst),1,25,29
439061,2020-05-31,326,St. Pölten,Frauen,35 bis 39 Jahre,B9999,unbestimmt (nur Pst),1,35,39
439084,2020-05-31,326,St. Pölten,Frauen,40 bis 44 Jahre,B9999,unbestimmt (nur Pst),1,40,44
439149,2020-05-31,326,St. Pölten,Männer,bis 19 Jahre,B9999,unbestimmt (nur Pst),9,0,19
439196,2020-05-31,326,St. Pölten,Männer,20 bis 24 Jahre,B9999,unbestimmt (nur Pst),2,20,24
439303,2020-05-31,326,St. Pölten,Männer,45 bis 49 Jahre,B9999,unbestimmt (nur Pst),1,45,49
439347,2020-05-31,328,Scheibbs,Frauen,20 bis 24 Jahre,B9999,unbestimmt (nur Pst),1,20,24
439387,2020-05-31,328,Scheibbs,Männer,bis 19 Jahre,B9999,unbestimmt (nur Pst),2,0,19
439434,2020-05-31,329,Schwechat,Frauen,bis 19 Jahre,B9999,unbestimmt (nur Pst),2,0,19
439459,2020-05-31,329,Schwechat,Frauen,25 bis 29 Jahre,B9999,unbestimmt (nur Pst),1,25,29
439612,2020-05-31,331,Tulln,Frauen,bis 19 Jahre,B9999,unbestimmt (nur Pst),8,0,19
439634,2020-05-31,331,Tulln,Frauen,20 bis 24 Jahre,B9999,unbestimmt (nur Pst),2,20,24
439646,2020-05-31,331,Tulln,Frauen,25 bis 29 Jahre,B9999,unbestimmt (nur Pst),1,25,29
439657,2020-05-31,331,Tulln,Frauen,30 bis 34 Jahre,B9999,unbestimmt (nur Pst),1,30,34
439726,2020-05-31,331,Tulln,Männer,bis 19 Jahre,B9999,unbestimmt (nur Pst),9,0,19
439747,2020-05-31,331,Tulln,Männer,20 bis 24 Jahre,B9999,unbestimmt (nur Pst),2,20,24
439818,2020-05-31,332,Waidhofen/Thaya,Frauen,bis 19 Jahre,B9999,unbestimmt (nur Pst),2,0,19
439827,2020-05-31,332,Waidhofen/Thaya,Frauen,20 bis 24 Jahre,B9999,unbestimmt (nur Pst),1,20,24
439865,2020-05-31,332,Waidhofen/Thaya,Männer,bis 19 Jahre,B9999,unbestimmt (nur Pst),1,0,19
439944,2020-05-31,333,Waidhofen/Ybbs,Männer,bis 19 Jahre,B9999,unbestimmt (nur Pst),2,0,19
439991,2020-05-31,334,Wr. Neustadt,Frauen,bis 19 Jahre,B9999,unbestimmt (nur Pst),3,0,19
440014,2020-05-31,334,Wr. Neustadt,Frauen,20 bis 24 Jahre,B9999,unbestimmt (nur Pst),1,20,24
440089,2020-05-31,334,Wr. Neustadt,Frauen,40 bis 44 Jahre,B9999,unbestimmt (nur Pst),1,40,44
440147,2020-05-31,334,Wr. Neustadt,Männer,bis 19 Jahre,B9999,unbestimmt (nur Pst),2,0,19
440364,2020-05-31,401,Braunau,Frauen,bis 19 Jahre,B9999,unbestimmt (nur Pst),8,0,19
440413,2020-05-31,401,Braunau,Frauen,25 bis 29 Jahre,B9999,unbestimmt (nur Pst),2,25,29
440522,2020-05-31,401,Braunau,Männer,bis 19 Jahre,B9999,unbestimmt (nur Pst),14,0,19
440545,2020-05-31,401,Braunau,Männer,20 bis 24 Jahre,B9999,unbestimmt (nur Pst),3,20,24
440624,2020-05-31,402,Eferding,Frauen,bis 19 Jahre,B9999,unbestimmt (nur Pst),1,0,19
440939,2020-05-31,404,Gmunden,Frauen,bis 19 Jahre,B9999,unbestimmt (nur Pst),5,0,19
441067,2020-05-31,404,Gmunden,Männer,bis 19 Jahre,B9999,unbestimmt (nur Pst),5,0,19
441199,2020-05-31,406,Grieskirchen,Frauen,bis 19 Jahre,B9999,unbestimmt (nur Pst),1,0,19
441356,2020-05-31,407,Kirchdorf/Krems,Frauen,bis 19 Jahre,B9999,unbestimmt (nur Pst),3,0,19
441377,2020-05-31,407,Kirchdorf/Krems,Frauen,20 bis 24 Jahre,B9999,unbestimmt (nur Pst),1,20,24
441389,2020-05-31,407,Kirchdorf/Krems,Frauen,25 bis 29 Jahre,B9999,unbestimmt (nur Pst),1,25,29
441456,2020-05-31,407,Kirchdorf/Krems,Männer,bis 19 Jahre,B9999,unbestimmt (nur Pst),3,0,19
441551,2020-05-31,409,Linz neu,Frauen,bis 19 Jahre,B9999,unbestimmt (nur Pst),13,0,19
441598,2020-05-31,409,Linz neu,Frauen,20 bis 24 Jahre,B9999,unbestimmt (nur Pst),5,20,24
441639,2020-05-31,409,Linz neu,Frauen,25 bis 29 Jahre,B9999,unbestimmt (nur Pst),3,25,29
441678,2020-05-31,409,Linz neu,Frauen,30 bis 34 Jahre,B9999,unbestimmt (nur Pst),2,30,34
441719,2020-05-31,409,Linz neu,Frauen,35 bis 39 Jahre,B9999,unbestimmt (nur Pst),2,35,39
441754,2020-05-31,409,Linz neu,Frauen,40 bis 44 Jahre,B9999,unbestimmt (nur Pst),3,40,44
441860,2020-05-31,409,Linz neu,Männer,bis 19 Jahre,B9999,unbestimmt (nur Pst),24,0,19
441917,2020-05-31,409,Linz neu,Männer,20 bis 24 Jahre,B9999,unbestimmt (nur Pst),5,20,24
441963,2020-05-31,409,Linz neu,Männer,25 bis 29 Jahre,B9999,unbestimmt (nur Pst),2,25,29
442012,2020-05-31,409,Linz neu,Männer,30 bis 34 Jahre,B9999,unbestimmt (nur Pst),1,30,34
442055,2020-05-31,409,Linz neu,Männer,35 bis 39 Jahre,B9999,unbestimmt (nur Pst),2,35,39
442123,2020-05-31,409,Linz neu,Männer,45 bis 49 Jahre,B9999,unbestimmt (nur Pst),1,45,49
442174,2020-05-31,409,Linz neu,Männer,55 bis 59 Jahre,B9999,unbestimmt (nur Pst),1,55,59
442203,2020-05-31,411,Perg,Frauen,20 bis 24 Jahre,B9999,unbestimmt (nur Pst),1,20,24
442245,2020-05-31,411,Perg,Frauen,35 bis 39 Jahre,B9999,unbestimmt (nur Pst),1,35,39
442268,2020-05-31,411,Perg,Frauen,45 bis 49 Jahre,B9999,unbestimmt (nur Pst),1,45,49
442305,2020-05-31,411,Perg,Männer,bis 19 Jahre,B9999,unbestimmt (nur Pst),1,0,19
442423,2020-05-31,412,Ried im Innkreis,Frauen,bis 19 Jahre,B9999,unbestimmt (nur Pst),5,0,19
442440,2020-05-31,412,Ried im Innkreis,Frauen,20 bis 24 Jahre,B9999,unbestimmt (nur Pst),2,20,24
442486,2020-05-31,412,Ried im Innkreis,Frauen,35 bis 39 Jahre,B9999,unbestimmt (nur Pst),2,35,39
442512,2020-05-31,412,Ried im Innkreis,Frauen,50 bis 54 Jahre,B9999,unbestimmt (nur Pst),1,50,54
442534,2020-05-31,412,Ried im Innkreis,Männer,bis 19 Jahre,B9999,unbestimmt (nur Pst),4,0,19
442557,2020-05-31,412,Ried im Innkreis,Männer,20 bis 24 Jahre,B9999,unbestimmt (nur Pst),2,20,24
442564,2020-05-31,412,Ried im Innkreis,Männer,25 bis 29 Jahre,B9999,unbestimmt (nur Pst),1,25,29
442623,2020-05-31,413,Rohrbach,Frauen,bis 19 Jahre,B9999,unbestimmt (nur Pst),1,0,19
442686,2020-05-31,413,Rohrbach,Männer,bis 19 Jahre,B9999,unbestimmt (nur Pst),1,0,19
442726,2020-05-31,413,Rohrbach,Männer,40 bis 44 Jahre,B9999,unbestimmt (nur Pst),1,40,44
442896,2020-05-31,415,Steyr,Frauen,bis 19 Jahre,B9999,unbestimmt (nur Pst),10,0,19
442927,2020-05-31,415,Steyr,Frauen,20 bis 24 Jahre,B9999,unbestimmt (nur Pst),1,20,24
442988,2020-05-31,415,Steyr,Frauen,35 bis 39 Jahre,B9999,unbestimmt (nur Pst),1,35,39
443029,2020-05-31,415,Steyr,Frauen,45 bis 49 Jahre,B9999,unbestimmt (nur Pst),1,45,49
443078,2020-05-31,415,Steyr,Männer,bis 19 Jahre,B9999,unbestimmt (nur Pst),6,0,19
443111,2020-05-31,415,Steyr,Männer,20 bis 24 Jahre,B9999,unbestimmt (nur Pst),3,20,24
443143,2020-05-31,415,Steyr,Männer,25 bis 29 Jahre,B9999,unbestimmt (nur Pst),1,25,29
443176,2020-05-31,415,Steyr,Männer,35 bis 39 Jahre,B9999,unbestimmt (nur Pst),1,35,39
443237,2020-05-31,418,Vöcklabruck,Frauen,bis 19 Jahre,B9999,unbestimmt (nur Pst),10,0,19
443255,2020-05-31,418,Vöcklabruck,Frauen,20 bis 24 Jahre,B9999,unbestimmt (nur Pst),1,20,24
443399,2020-05-31,418,Vöcklabruck,Männer,bis 19 Jahre,B9999,unbestimmt (nur Pst),7,0,19
443428,2020-05-31,418,Vöcklabruck,Männer,20 bis 24 Jahre,B9999,unbestimmt (nur Pst),1,20,24
443576,2020-05-31,419,Wels,Frauen,20 bis 24 Jahre,B9999,unbestimmt (nur Pst),2,20,24
443632,2020-05-31,419,Wels,Frauen,35 bis 39 Jahre,B9999,unbestimmt (nur Pst),2,35,39
443656,2020-05-31,419,Wels,Frauen,45 bis 49 Jahre,B9999,unbestimmt (nur Pst),1,45,49
443806,2020-05-31,419,Wels,Männer,40 bis 44 Jahre,B9999,unbestimmt (nur Pst),1,40,44
443865,2020-05-31,421,Traun,Frauen,bis 19 Jahre,B9999,unbestimmt (nur Pst),1,0,19
443889,2020-05-31,421,Traun,Frauen,20 bis 24 Jahre,B9999,unbestimmt (nur Pst),2,20,24
443956,2020-05-31,421,Traun,Frauen,35 bis 39 Jahre,B9999,unbestimmt (nur Pst),3,35,39
443997,2020-05-31,421,Traun,Frauen,45 bis 49 Jahre,B9999,unbestimmt (nur Pst),1,45,49
444067,2020-05-31,421,Traun,Männer,bis 19 Jahre,B9999,unbestimmt (nur Pst),2,0,19
444092,2020-05-31,421,Traun,Männer,20 bis 24 Jahre,B9999,unbestimmt (nur Pst),2,20,24
444138,2020-05-31,421,Traun,Männer,30 bis 34 Jahre,B9999,unbestimmt (nur Pst),1,30,34
444245,2020-05-31,501,Bischofshofen,Frauen,bis 19 Jahre,B9999,unbestimmt (nur Pst),1,0,19
444297,2020-05-31,501,Bischofshofen,Frauen,35 bis 39 Jahre,B9999,unbestimmt (nur Pst),1,35,39
444322,2020-05-31,501,Bischofshofen,Frauen,45 bis 49 Jahre,B9999,unbestimmt (nur Pst),2,45,49
444345,2020-05-31,501,Bischofshofen,Männer,bis 19 Jahre,B9999,unbestimmt (nur Pst),1,0,19
444374,2020-05-31,501,Bischofshofen,Männer,30 bis 34 Jahre,B9999,unbestimmt (nur Pst),2,30,34
444580,2020-05-31,504,Salzburg,Frauen,20 bis 24 Jahre,B9999,unbestimmt (nur Pst),1,20,24
444711,2020-05-31,504,Salzburg,Frauen,45 bis 49 Jahre,B9999,unbestimmt (nur Pst),1,45,49
445041,2020-05-31,506,Zell am See,Frauen,bis 19 Jahre,B9999,unbestimmt (nur Pst),1,0,19
445056,2020-05-31,506,Zell am See,Frauen,25 bis 29 Jahre,B9999,unbestimmt (nur Pst),1,25,29
445081,2020-05-31,506,Zell am See,Frauen,45 bis 49 Jahre,B9999,unbestimmt (nur Pst),1,45,49
445097,2020-05-31,506,Zell am See,Männer,bis 19 Jahre,B9999,unbestimmt (nur Pst),3,0,19
445109,2020-05-31,506,Zell am See,Männer,20 bis 24 Jahre,B9999,unbestimmt (nur Pst),1,20,24
445139,2020-05-31,601,Bruck/Mur,Frauen,bis 19 Jahre,B9999,unbestimmt (nur Pst),4,0,19
445158,2020-05-31,601,Bruck/Mur,Frauen,20 bis 24 Jahre,B9999,unbestimmt (nur Pst),3,20,24
445253,2020-05-31,601,Bruck/Mur,Männer,bis 19 Jahre,B9999,unbestimmt (nur Pst),1,0,19
445365,2020-05-31,603,Deutschlandsberg,Frauen,bis 19 Jahre,B9999,unbestimmt (nur Pst),1,0,19
445550,2020-05-31,604,Feldbach,Frauen,bis 19 Jahre,B9999,unbestimmt (nur Pst),3,0,19
445630,2020-05-31,604,Feldbach,Frauen,40 bis 44 Jahre,B9999,unbestimmt (nur Pst),1,40,44
445777,2020-05-31,606,Gleisdorf,Frauen,20 bis 24 Jahre,B9999,unbestimmt (nur Pst),3,20,24
445870,2020-05-31,606,Gleisdorf,Männer,20 bis 24 Jahre,B9999,unbestimmt (nur Pst),1,20,24
445915,2020-05-31,609,Hartberg,Frauen,bis 19 Jahre,B9999,unbestimmt (nur Pst),2,0,19
445936,2020-05-31,609,Hartberg,Frauen,20 bis 24 Jahre,B9999,unbestimmt (nur Pst),1,20,24
446078,2020-05-31,609,Hartberg,Männer,bis 19 Jahre,B9999,unbestimmt (nur Pst),1,0,19
446099,2020-05-31,609,Hartberg,Männer,20 bis 24 Jahre,B9999,unbestimmt (nur Pst),1,20,24
446218,2020-05-31,610,Judenburg,Frauen,bis 19 Jahre,B9999,unbestimmt (nur Pst),1,0,19
446311,2020-05-31,610,Judenburg,Männer,bis 19 Jahre,B9999,unbestimmt (nur Pst),2,0,19
446332,2020-05-31,610,Judenburg,Männer,20 bis 24 Jahre,B9999,unbestimmt (nur Pst),2,20,24
446347,2020-05-31,610,Judenburg,Männer,25 bis 29 Jahre,B9999,unbestimmt (nur Pst),1,25,29
446407,2020-05-31,611,Murau,Frauen,bis 19 Jahre,B9999,unbestimmt (nur Pst),2,0,19
446417,2020-05-31,611,Murau,Frauen,20 bis 24 Jahre,B9999,unbestimmt (nur Pst),2,20,24
446471,2020-05-31,611,Murau,Männer,35 bis 39 Jahre,B9999,unbestimmt (nur Pst),1,35,39
446496,2020-05-31,614,Leibnitz,Frauen,bis 19 Jahre,B9999,unbestimmt (nur Pst),2,0,19
446541,2020-05-31,614,Leibnitz,Frauen,25 bis 29 Jahre,B9999,unbestimmt (nur Pst),1,25,29
446664,2020-05-31,614,Leibnitz,Männer,20 bis 24 Jahre,B9999,unbestimmt (nur Pst),1,20,24
446772,2020-05-31,616,Leoben,Frauen,20 bis 24 Jahre,B9999,unbestimmt (nur Pst),1,20,24
446871,2020-05-31,616,Leoben,Männer,bis 19 Jahre,B9999,unbestimmt (nur Pst),2,0,19
446892,2020-05-31,616,Leoben,Männer,20 bis 24 Jahre,B9999,unbestimmt (nur Pst),1,20,24
446905,2020-05-31,616,Leoben,Männer,25 bis 29 Jahre,B9999,unbestimmt (nur Pst),1,25,29
446971,2020-05-31,618,Liezen,Frauen,bis 19 Jahre,B9999,unbestimmt (nur Pst),1,0,19
447172,2020-05-31,621,Mürzzuschlag,Frauen,bis 19 Jahre,B9999,unbestimmt (nur Pst),1,0,19
447189,2020-05-31,621,Mürzzuschlag,Frauen,20 bis 24 Jahre,B9999,unbestimmt (nur Pst),2,20,24
447212,2020-05-31,621,Mürzzuschlag,Frauen,40 bis 44 Jahre,B9999,unbestimmt (nur Pst),1,40,44
447239,2020-05-31,621,Mürzzuschlag,Männer,bis 19 Jahre,B9999,unbestimmt (nur Pst),3,0,19
447255,2020-05-31,621,Mürzzuschlag,Männer,20 bis 24 Jahre,B9999,unbestimmt (nur Pst),1,20,24
447323,2020-05-31,622,Voitsberg,Frauen,bis 19 Jahre,B9999,unbestimmt (nur Pst),4,0,19
447343,2020-05-31,622,Voitsberg,Frauen,20 bis 24 Jahre,B9999,unbestimmt (nur Pst),2,20,24
447643,2020-05-31,630,Graz-West und Umgebung,Frauen,bis 19 Jahre,B9999,unbestimmt (nur Pst),4,0,19
447703,2020-05-31,630,Graz-West und Umgebung,Frauen,20 bis 24 Jahre,B9999,unbestimmt (nur Pst),6,20,24
447891,2020-05-31,630,Graz-West und Umgebung,Frauen,40 bis 44 Jahre,B9999,unbestimmt (nur Pst),1,40,44
447928,2020-05-31,630,Graz-West und Umgebung,Frauen,45 bis 49 Jahre,B9999,unbestimmt (nur Pst),1,45,49
448012,2020-05-31,630,Graz-West und Umgebung,Männer,bis 19 Jahre,B9999,unbestimmt (nur Pst),7,0,19
448087,2020-05-31,630,Graz-West und Umgebung,Männer,20 bis 24 Jahre,B9999,unbestimmt (nur Pst),2,20,24
448136,2020-05-31,630,Graz-West und Umgebung,Männer,25 bis 29 Jahre,B9999,unbestimmt (nur Pst),1,25,29
448218,2020-05-31,630,Graz-West und Umgebung,Männer,35 bis 39 Jahre,B9999,unbestimmt (nur Pst),2,35,39
448328,2020-05-31,631,Graz-Ost,Frauen,bis 19 Jahre,B9999,unbestimmt (nur Pst),4,0,19
448355,2020-05-31,631,Graz-Ost,Frauen,20 bis 24 Jahre,B9999,unbestimmt (nur Pst),3,20,24
448426,2020-05-31,631,Graz-Ost,Frauen,30 bis 34 Jahre,B9999,unbestimmt (nur Pst),1,30,34
448453,2020-05-31,631,Graz-Ost,Frauen,35 bis 39 Jahre,B9999,unbestimmt (nur Pst),2,35,39
448512,2020-05-31,631,Graz-Ost,Frauen,50 bis 54 Jahre,B9999,unbestimmt (nur Pst),1,50,54
448546,2020-05-31,631,Graz-Ost,Männer,bis 19 Jahre,B9999,unbestimmt (nur Pst),5,0,19
448595,2020-05-31,631,Graz-Ost,Männer,20 bis 24 Jahre,B9999,unbestimmt (nur Pst),1,20,24
448672,2020-05-31,631,Graz-Ost,Männer,30 bis 34 Jahre,B9999,unbestimmt (nur Pst),1,30,34
448753,2020-05-31,701,Imst,Frauen,bis 19 Jahre,B9999,unbestimmt (nur Pst),1,0,19
448801,2020-05-31,701,Imst,Männer,bis 19 Jahre,B9999,unbestimmt (nur Pst),4,0,19
448811,2020-05-31,701,Imst,Männer,25 bis 29 Jahre,B9999,unbestimmt (nur Pst),1,25,29
448842,2020-05-31,702,Innsbruck,Frauen,bis 19 Jahre,B9999,unbestimmt (nur Pst),1,0,19
448865,2020-05-31,702,Innsbruck,Frauen,20 bis 24 Jahre,B9999,unbestimmt (nur Pst),1,20,24
448892,2020-05-31,702,Innsbruck,Frauen,25 bis 29 Jahre,B9999,unbestimmt (nur Pst),4,25,29
448921,2020-05-31,702,Innsbruck,Frauen,30 bis 34 Jahre,B9999,unbestimmt (nur Pst),2,30,34
448971,2020-05-31,702,Innsbruck,Frauen,40 bis 44 Jahre,B9999,unbestimmt (nur Pst),1,40,44
448988,2020-05-31,702,Innsbruck,Frauen,45 bis 49 Jahre,B9999,unbestimmt (nur Pst),1,45,49
449074,2020-05-31,702,Innsbruck,Männer,20 bis 24 Jahre,B9999,unbestimmt (nur Pst),2,20,24
449122,2020-05-31,702,Innsbruck,Männer,30 bis 34 Jahre,B9999,unbestimmt (nur Pst),1,30,34
449146,2020-05-31,702,Innsbruck,Männer,35 bis 39 Jahre,B9999,unbestimmt (nur Pst),4,35,39
449206,2020-05-31,702,Innsbruck,Männer,50 bis 54 Jahre,B9999,unbestimmt (nur Pst),1,50,54
449212,2020-05-31,702,Innsbruck,Männer,55 bis 59 Jahre,B9999,unbestimmt (nur Pst),1,55,59
449285,2020-05-31,705,Kufstein,Frauen,bis 19 Jahre,B9999,unbestimmt (nur Pst),5,0,19
449301,2020-05-31,705,Kufstein,Frauen,20 bis 24 Jahre,B9999,unbestimmt (nur Pst),1,20,24
449363,2020-05-31,705,Kufstein,Frauen,45 bis 49 Jahre,B9999,unbestimmt (nur Pst),1,45,49
449394,2020-05-31,705,Kufstein,Männer,bis 19 Jahre,B9999,unbestimmt (nur Pst),10,0,19
449417,2020-05-31,705,Kufstein,Männer,20 bis 24 Jahre,B9999,unbestimmt (nur Pst),3,20,24
449431,2020-05-31,705,Kufstein,Männer,25 bis 29 Jahre,B9999,unbestimmt (nur Pst),2,25,29
449450,2020-05-31,705,Kufstein,Männer,35 bis 39 Jahre,B9999,unbestimmt (nur Pst),2,35,39
449478,2020-05-31,706,Landeck,Frauen,bis 19 Jahre,B9999,unbestimmt (nur Pst),3,0,19
449516,2020-05-31,706,Landeck,Männer,bis 19 Jahre,B9999,unbestimmt (nur Pst),2,0,19
449523,2020-05-31,706,Landeck,Männer,20 bis 24 Jahre,B9999,unbestimmt (nur Pst),2,20,24
449542,2020-05-31,707,Lienz,Frauen,bis 19 Jahre,B9999,unbestimmt (nur Pst),1,0,19
449592,2020-05-31,707,Lienz,Männer,bis 19 Jahre,B9999,unbestimmt (nur Pst),1,0,19
449690,2020-05-31,709,Schwaz,Frauen,bis 19 Jahre,B9999,unbestimmt (nur Pst),6,0,19
449711,2020-05-31,709,Schwaz,Frauen,25 bis 29 Jahre,B9999,unbestimmt (nur Pst),1,25,29
449727,2020-05-31,709,Schwaz,Frauen,35 bis 39 Jahre,B9999,unbestimmt (nur Pst),1,35,39
449738,2020-05-31,709,Schwaz,Frauen,40 bis 44 Jahre,B9999,unbestimmt (nur Pst),1,40,44
449745,2020-05-31,709,Schwaz,Frauen,45 bis 49 Jahre,B9999,unbestimmt (nur Pst),1,45,49
449769,2020-05-31,709,Schwaz,Männer,bis 19 Jahre,B9999,unbestimmt (nur Pst),2,0,19
449807,2020-05-31,709,Schwaz,Männer,35 bis 39 Jahre,B9999,unbestimmt (nur Pst),1,35,39
449813,2020-05-31,709,Schwaz,Männer,40 bis 44 Jahre,B9999,unbestimmt (nur Pst),1,40,44
449848,2020-05-31,801,Bludenz,Frauen,20 bis 24 Jahre,B9999,unbestimmt (nur Pst),1,20,24
449936,2020-05-31,801,Bludenz,Männer,20 bis 24 Jahre,B9999,unbestimmt (nur Pst),1,20,24
449946,2020-05-31,801,Bludenz,Männer,25 bis 29 Jahre,B9999,unbestimmt (nur Pst),1,25,29
450014,2020-05-31,802,Bregenz,Frauen,20 bis 24 Jahre,B9999,unbestimmt (nur Pst),2,20,24
450188,2020-05-31,802,Bregenz,Männer,25 bis 29 Jahre,B9999,unbestimmt (nur Pst),1,25,29
450266,2020-05-31,804,Dornbirn,Frauen,bis 19 Jahre,B9999,unbestimmt (nur Pst),1,0,19
450365,2020-05-31,804,Dornbirn,Frauen,45 bis 49 Jahre,B9999,unbestimmt (nur Pst),1,45,49
450428,2020-05-31,804,Dornbirn,Männer,20 bis 24 Jahre,B9999,unbestimmt (nur Pst),1,20,24
450486,2020-05-31,804,Dornbirn,Männer,50 bis 54 Jahre,B9999,unbestimmt (nur Pst),1,50,54
450503,2020-05-31,805,Feldkirch,Frauen,bis 19 Jahre,B9999,unbestimmt (nur Pst),3,0,19
450527,2020-05-31,805,Feldkirch,Frauen,20 bis 24 Jahre,B9999,unbestimmt (nur Pst),1,20,24
450549,2020-05-31,805,Feldkirch,Frauen,25 bis 29 Jahre,B9999,unbestimmt (nur Pst),2,25,29
450561,2020-05-31,805,Feldkirch,Frauen,30 bis 34 Jahre,B9999,unbestimmt (nur Pst),1,30,34
450578,2020-05-31,805,Feldkirch,Frauen,35 bis 39 Jahre,B9999,unbestimmt (nur Pst),1,35,39
450596,2020-05-31,805,Feldkirch,Frauen,40 bis 44 Jahre,B9999,unbestimmt (nur Pst),1,40,44
450641,2020-05-31,805,Feldkirch,Männer,bis 19 Jahre,B9999,unbestimmt (nur Pst),9,0,19
450671,2020-05-31,805,Feldkirch,Männer,20 bis 24 Jahre,B9999,unbestimmt (nur Pst),2,20,24
450697,2020-05-31,805,Feldkirch,Männer,25 bis 29 Jahre,B9999,unbestimmt (nur Pst),2,25,29
450725,2020-05-31,805,Feldkirch,Männer,35 bis 39 Jahre,B9999,unbestimmt (nur Pst),1,35,39
450932,2020-05-31,958,Wien Johnstraße,Männer,20 bis 24 Jahre,B9999,unbestimmt (nur Pst),1,20,24
451413,2020-05-31,960,Wien Esteplatz,Frauen,20 bis 24 Jahre,B9999,unbestimmt (nur Pst),1,20,24
453179,2020-05-31,965,Wien Schönbrunner Straße,Frauen,50 bis 54 Jahre,B9999,unbestimmt (nur Pst),2,50,54
453247,2020-05-31,965,Wien Schönbrunner Straße,Männer,20 bis 24 Jahre,B9999,unbestimmt (nur Pst),1,20,24
453324,2020-05-31,965,Wien Schönbrunner Straße,Männer,30 bis 34 Jahre,B9999,unbestimmt (nur Pst),1,30,34
453436,2020-05-31,965,Wien Schönbrunner Straße,Männer,50 bis 54 Jahre,B9999,unbestimmt (nur Pst),1,50,54
453567,2020-05-31,966,Wien Hietzinger Kai,Frauen,35 bis 39 Jahre,B9999,unbestimmt (nur Pst),1,35,39
454203,2020-05-31,967,Wien Huttengasse,Männer,30 bis 34 Jahre,B9999,unbestimmt (nur Pst),1,30,34
454249,2020-05-31,967,Wien Huttengasse,Männer,35 bis 39 Jahre,B9999,unbestimmt (nur Pst),1,35,39
455284,2020-05-31,970,Wien Jugendliche,Frauen,bis 19 Jahre,B9999,unbestimmt (nur Pst),15,0,19
455345,2020-05-31,970,Wien Jugendliche,Frauen,20 bis 24 Jahre,B9999,unbestimmt (nur Pst),2,20,24
455422,2020-05-31,970,Wien Jugendliche,Männer,bis 19 Jahre,B9999,unbestimmt (nur Pst),9,0,19
455502,2020-05-31,970,Wien Jugendliche,Männer,20 bis 24 Jahre,B9999,unbestimmt (nur Pst),4,20,24
455522,2020-05-31,974,Wien Austria Campus,Frauen,20 bis 24 Jahre,B9999,unbestimmt (nur Pst),1,20,24
455596,2020-05-31,974,Wien Austria Campus,Frauen,35 bis 39 Jahre,B9999,unbestimmt (nur Pst),1,35,39
455673,2020-05-31,974,Wien Austria Campus,Männer,20 bis 24 Jahre,B9999,unbestimmt (nur Pst),1,20,24
455755,2020-05-31,974,Wien Austria Campus,Männer,35 bis 39 Jahre,B9999,unbestimmt (nur Pst),1,35,39
456196,2020-06-30,101,Eisenstadt,Männer,bis 19 Jahre,B9999,unbestimmt (nur Pst),2,0,19
456273,2020-06-30,102,Mattersburg,Frauen,bis 19 Jahre,B9999,unbestimmt (nur Pst),1,0,19
456344,2020-06-30,102,Mattersburg,Männer,25 bis 29 Jahre,B9999,unbestimmt (nur Pst),1,25,29
456862,2020-06-30,106,Stegersbach,Frauen,20 bis 24 Jahre,B9999,unbestimmt (nur Pst),1,20,24
456950,2020-06-30,107,Jennersdorf,Frauen,bis 19 Jahre,B9999,unbestimmt (nur Pst),1,0,19
457126,2020-06-30,203,Klagenfurt,Frauen,bis 19 Jahre,B9999,unbestimmt (nur Pst),2,0,19
457253,2020-06-30,203,Klagenfurt,Frauen,40 bis 44 Jahre,B9999,unbestimmt (nur Pst),1,40,44
457276,2020-06-30,203,Klagenfurt,Frauen,45 bis 49 Jahre,B9999,unbestimmt (nur Pst),1,45,49
457296,2020-06-30,203,Klagenfurt,Frauen,50 bis 54 Jahre,B9999,unbestimmt (nur Pst),1,50,54
457341,2020-06-30,203,Klagenfurt,Männer,bis 19 Jahre,B9999,unbestimmt (nur Pst),2,0,19
457379,2020-06-30,203,Klagenfurt,Männer,20 bis 24 Jahre,B9999,unbestimmt (nur Pst),1,20,24
457426,2020-06-30,203,Klagenfurt,Männer,30 bis 34 Jahre,B9999,unbestimmt (nur Pst),1,30,34
457476,2020-06-30,203,Klagenfurt,Männer,45 bis 49 Jahre,B9999,unbestimmt (nur Pst),1,45,49
457504,2020-06-30,203,Klagenfurt,Männer,55 bis 59 Jahre,B9999,unbestimmt (nur Pst),1,55,59
457515,2020-06-30,204,Spittal/Drau,Frauen,bis 19 Jahre,B9999,unbestimmt (nur Pst),2,0,19
457767,2020-06-30,205,St. Veit/Glan,Männer,20 bis 24 Jahre,B9999,unbestimmt (nur Pst),1,20,24
458184,2020-06-30,207,Völkermarkt,Männer,bis 19 Jahre,B9999,unbestimmt (nur Pst),2,0,19
458329,2020-06-30,208,Wolfsberg,Männer,bis 19 Jahre,B9999,unbestimmt (nur Pst),2,0,19
458396,2020-06-30,301,Amstetten,Frauen,bis 19 Jahre,B9999,unbestimmt (nur Pst),4,0,19
458421,2020-06-30,301,Amstetten,Frauen,20 bis 24 Jahre,B9999,unbestimmt (nur Pst),1,20,24
458529,2020-06-30,301,Amstetten,Männer,bis 19 Jahre,B9999,unbestimmt (nur Pst),11,0,19
458666,2020-06-30,304,Baden neu,Frauen,bis 19 Jahre,B9999,unbestimmt (nur Pst),9,0,19
458697,2020-06-30,304,Baden neu,Frauen,20 bis 24 Jahre,B9999,unbestimmt (nur Pst),8,20,24
458713,2020-06-30,304,Baden neu,Frauen,25 bis 29 Jahre,B9999,unbestimmt (nur Pst),1,25,29
458735,2020-06-30,304,Baden neu,Frauen,30 bis 34 Jahre,B9999,unbestimmt (nur Pst),1,30,34
458757,2020-06-30,304,Baden neu,Frauen,35 bis 39 Jahre,B9999,unbestimmt (nur Pst),2,35,39
458848,2020-06-30,304,Baden neu,Männer,bis 19 Jahre,B9999,unbestimmt (nur Pst),7,0,19
458895,2020-06-30,304,Baden neu,Männer,20 bis 24 Jahre,B9999,unbestimmt (nur Pst),2,20,24
459017,2020-06-30,306,Bruck/Leitha,Frauen,bis 19 Jahre,B9999,unbestimmt (nur Pst),2,0,19
459093,2020-06-30,306,Bruck/Leitha,Männer,bis 19 Jahre,B9999,unbestimmt (nur Pst),3,0,19
459162,2020-06-30,308,Gänserndorf,Frauen,bis 19 Jahre,B9999,unbestimmt (nur Pst),2,0,19
459218,2020-06-30,308,Gänserndorf,Frauen,25 bis 29 Jahre,B9999,unbestimmt (nur Pst),1,25,29
459264,2020-06-30,308,Gänserndorf,Frauen,35 bis 39 Jahre,B9999,unbestimmt (nur Pst),1,35,39
459347,2020-06-30,308,Gänserndorf,Männer,bis 19 Jahre,B9999,unbestimmt (nur Pst),2,0,19
459392,2020-06-30,308,Gänserndorf,Männer,20 bis 24 Jahre,B9999,unbestimmt (nur Pst),1,20,24
459555,2020-06-30,311,Gmünd,Männer,bis 19 Jahre,B9999,unbestimmt (nur Pst),1,0,19
459615,2020-06-30,312,Hollabrunn,Frauen,bis 19 Jahre,B9999,unbestimmt (nur Pst),1,0,19
459630,2020-06-30,312,Hollabrunn,Frauen,20 bis 24 Jahre,B9999,unbestimmt (nur Pst),1,20,24
459711,2020-06-30,312,Hollabrunn,Männer,bis 19 Jahre,B9999,unbestimmt (nur Pst),1,0,19
459726,2020-06-30,312,Hollabrunn,Männer,20 bis 24 Jahre,B9999,unbestimmt (nur Pst),1,20,24
459768,2020-06-30,313,Horn,Frauen,bis 19 Jahre,B9999,unbestimmt (nur Pst),1,0,19
459777,2020-06-30,313,Horn,Frauen,20 bis 24 Jahre,B9999,unbestimmt (nur Pst),4,20,24
459814,2020-06-30,313,Horn,Männer,bis 19 Jahre,B9999,unbestimmt (nur Pst),3,0,19
459825,2020-06-30,313,Horn,Männer,20 bis 24 Jahre,B9999,unbestimmt (nur Pst),2,20,24
459829,2020-06-30,313,Horn,Männer,25 bis 29 Jahre,B9999,unbestimmt (nur Pst),1,25,29
459895,2020-06-30,314,Korneuburg,Frauen,20 bis 24 Jahre,B9999,unbestimmt (nur Pst),2,20,24
459928,2020-06-30,314,Korneuburg,Frauen,30 bis 34 Jahre,B9999,unbestimmt (nur Pst),1,30,34
460019,2020-06-30,314,Korneuburg,Männer,bis 19 Jahre,B9999,unbestimmt (nur Pst),6,0,19
460118,2020-06-30,315,Krems,Frauen,bis 19 Jahre,B9999,unbestimmt (nur Pst),2,0,19
460136,2020-06-30,315,Krems,Frauen,20 bis 24 Jahre,B9999,unbestimmt (nur Pst),1,20,24
460240,2020-06-30,315,Krems,Männer,bis 19 Jahre,B9999,unbestimmt (nur Pst),1,0,19
460341,2020-06-30,316,Lilienfeld,Frauen,bis 19 Jahre,B9999,unbestimmt (nur Pst),1,0,19
460354,2020-06-30,316,Lilienfeld,Frauen,20 bis 24 Jahre,B9999,unbestimmt (nur Pst),1,20,24
460373,2020-06-30,316,Lilienfeld,Frauen,40 bis 44 Jahre,B9999,unbestimmt (nur Pst),1,40,44
460382,2020-06-30,316,Lilienfeld,Frauen,45 bis 49 Jahre,B9999,unbestimmt (nur Pst),1,45,49
460411,2020-06-30,316,Lilienfeld,Männer,20 bis 24 Jahre,B9999,unbestimmt (nur Pst),1,20,24
460641,2020-06-30,319,Mistelbach,Frauen,bis 19 Jahre,B9999,unbestimmt (nur Pst),5,0,19
460659,2020-06-30,319,Mistelbach,Frauen,20 bis 24 Jahre,B9999,unbestimmt (nur Pst),1,20,24
460667,2020-06-30,319,Mistelbach,Frauen,25 bis 29 Jahre,B9999,unbestimmt (nur Pst),1,25,29
460741,2020-06-30,319,Mistelbach,Männer,bis 19 Jahre,B9999,unbestimmt (nur Pst),1,0,19
460819,2020-06-30,321,Mödling,Frauen,bis 19 Jahre,B9999,unbestimmt (nur Pst),1,0,19
460845,2020-06-30,321,Mödling,Frauen,20 bis 24 Jahre,B9999,unbestimmt (nur Pst),2,20,24
460860,2020-06-30,321,Mödling,Frauen,25 bis 29 Jahre,B9999,unbestimmt (nur Pst),1,25,29
460921,2020-06-30,321,Mödling,Frauen,45 bis 49 Jahre,B9999,unbestimmt (nur Pst),1,45,49
460940,2020-06-30,321,Mödling,Frauen,50 bis 54 Jahre,B9999,unbestimmt (nur Pst),1,50,54
460967,2020-06-30,321,Mödling,Männer,bis 19 Jahre,B9999,unbestimmt (nur Pst),6,0,19
460997,2020-06-30,321,Mödling,Männer,20 bis 24 Jahre,B9999,unbestimmt (nur Pst),3,20,24
461114,2020-06-30,323,Neunkirchen,Frauen,bis 19 Jahre,B9999,unbestimmt (nur Pst),4,0,19
461395,2020-06-30,326,St. Pölten,Frauen,bis 19 Jahre,B9999,unbestimmt (nur Pst),4,0,19
461428,2020-06-30,326,St. Pölten,Frauen,20 bis 24 Jahre,B9999,unbestimmt (nur Pst),2,20,24
461450,2020-06-30,326,St. Pölten,Frauen,25 bis 29 Jahre,B9999,unbestimmt (nur Pst),1,25,29
461498,2020-06-30,326,St. Pölten,Frauen,35 bis 39 Jahre,B9999,unbestimmt (nur Pst),1,35,39
461600,2020-06-30,326,St. Pölten,Männer,bis 19 Jahre,B9999,unbestimmt (nur Pst),9,0,19
461646,2020-06-30,326,St. Pölten,Männer,20 bis 24 Jahre,B9999,unbestimmt (nur Pst),2,20,24
461794,2020-06-30,328,Scheibbs,Frauen,20 bis 24 Jahre,B9999,unbestimmt (nur Pst),2,20,24
461835,2020-06-30,328,Scheibbs,Männer,bis 19 Jahre,B9999,unbestimmt (nur Pst),2,0,19
461885,2020-06-30,329,Schwechat,Frauen,bis 19 Jahre,B9999,unbestimmt (nur Pst),2,0,19
462094,2020-06-30,331,Tulln,Frauen,bis 19 Jahre,B9999,unbestimmt (nur Pst),8,0,19
462115,2020-06-30,331,Tulln,Frauen,20 bis 24 Jahre,B9999,unbestimmt (nur Pst),2,20,24
462208,2020-06-30,331,Tulln,Männer,bis 19 Jahre,B9999,unbestimmt (nur Pst),10,0,19
462233,2020-06-30,331,Tulln,Männer,20 bis 24 Jahre,B9999,unbestimmt (nur Pst),2,20,24
462301,2020-06-30,332,Waidhofen/Thaya,Frauen,bis 19 Jahre,B9999,unbestimmt (nur Pst),2,0,19
462311,2020-06-30,332,Waidhofen/Thaya,Frauen,20 bis 24 Jahre,B9999,unbestimmt (nur Pst),1,20,24
462349,2020-06-30,332,Waidhofen/Thaya,Männer,bis 19 Jahre,B9999,unbestimmt (nur Pst),1,0,19
462426,2020-06-30,333,Waidhofen/Ybbs,Männer,bis 19 Jahre,B9999,unbestimmt (nur Pst),2,0,19
462476,2020-06-30,334,Wr. Neustadt,Frauen,bis 19 Jahre,B9999,unbestimmt (nur Pst),3,0,19
462499,2020-06-30,334,Wr. Neustadt,Frauen,20 bis 24 Jahre,B9999,unbestimmt (nur Pst),1,20,24
462617,2020-06-30,334,Wr. Neustadt,Frauen,50 bis 54 Jahre,B9999,unbestimmt (nur Pst),1,50,54
462661,2020-06-30,334,Wr. Neustadt,Männer,bis 19 Jahre,B9999,unbestimmt (nur Pst),4,0,19
462933,2020-06-30,401,Braunau,Frauen,bis 19 Jahre,B9999,unbestimmt (nur Pst),7,0,19
462960,2020-06-30,401,Braunau,Frauen,20 bis 24 Jahre,B9999,unbestimmt (nur Pst),4,20,24
462981,2020-06-30,401,Braunau,Frauen,25 bis 29 Jahre,B9999,unbestimmt (nur Pst),2,25,29
463086,2020-06-30,401,Braunau,Männer,bis 19 Jahre,B9999,unbestimmt (nur Pst),15,0,19
463110,2020-06-30,401,Braunau,Männer,20 bis 24 Jahre,B9999,unbestimmt (nur Pst),3,20,24
463203,2020-06-30,402,Eferding,Frauen,bis 19 Jahre,B9999,unbestimmt (nur Pst),1,0,19
463503,2020-06-30,404,Gmunden,Frauen,bis 19 Jahre,B9999,unbestimmt (nur Pst),5,0,19
463646,2020-06-30,404,Gmunden,Männer,bis 19 Jahre,B9999,unbestimmt (nur Pst),6,0,19
463786,2020-06-30,406,Grieskirchen,Frauen,bis 19 Jahre,B9999,unbestimmt (nur Pst),1,0,19
463938,2020-06-30,407,Kirchdorf/Krems,Frauen,bis 19 Jahre,B9999,unbestimmt (nur Pst),3,0,19
463968,2020-06-30,407,Kirchdorf/Krems,Frauen,25 bis 29 Jahre,B9999,unbestimmt (nur Pst),1,25,29
464036,2020-06-30,407,Kirchdorf/Krems,Männer,bis 19 Jahre,B9999,unbestimmt (nur Pst),1,0,19
464133,2020-06-30,409,Linz neu,Frauen,bis 19 Jahre,B9999,unbestimmt (nur Pst),14,0,19
464180,2020-06-30,409,Linz neu,Frauen,20 bis 24 Jahre,B9999,unbestimmt (nur Pst),6,20,24
464223,2020-06-30,409,Linz neu,Frauen,25 bis 29 Jahre,B9999,unbestimmt (nur Pst),2,25,29
464260,2020-06-30,409,Linz neu,Frauen,30 bis 34 Jahre,B9999,unbestimmt (nur Pst),3,30,34
464297,2020-06-30,409,Linz neu,Frauen,35 bis 39 Jahre,B9999,unbestimmt (nur Pst),2,35,39
464331,2020-06-30,409,Linz neu,Frauen,40 bis 44 Jahre,B9999,unbestimmt (nur Pst),4,40,44
464435,2020-06-30,409,Linz neu,Männer,bis 19 Jahre,B9999,unbestimmt (nur Pst),29,0,19
464495,2020-06-30,409,Linz neu,Männer,20 bis 24 Jahre,B9999,unbestimmt (nur Pst),6,20,24
464543,2020-06-30,409,Linz neu,Männer,25 bis 29 Jahre,B9999,unbestimmt (nur Pst),2,25,29
464593,2020-06-30,409,Linz neu,Männer,30 bis 34 Jahre,B9999,unbestimmt (nur Pst),2,30,34
464641,2020-06-30,409,Linz neu,Männer,35 bis 39 Jahre,B9999,unbestimmt (nur Pst),1,35,39
464678,2020-06-30,409,Linz neu,Männer,40 bis 44 Jahre,B9999,unbestimmt (nur Pst),1,40,44
464715,2020-06-30,409,Linz neu,Männer,45 bis 49 Jahre,B9999,unbestimmt (nur Pst),2,45,49
464748,2020-06-30,409,Linz neu,Männer,50 bis 54 Jahre,B9999,unbestimmt (nur Pst),1,50,54
464776,2020-06-30,409,Linz neu,Männer,55 bis 59 Jahre,B9999,unbestimmt (nur Pst),1,55,59
464809,2020-06-30,411,Perg,Frauen,20 bis 24 Jahre,B9999,unbestimmt (nur Pst),1,20,24
464851,2020-06-30,411,Perg,Frauen,35 bis 39 Jahre,B9999,unbestimmt (nur Pst),1,35,39
464873,2020-06-30,411,Perg,Frauen,45 bis 49 Jahre,B9999,unbestimmt (nur Pst),1,45,49
464929,2020-06-30,411,Perg,Männer,20 bis 24 Jahre,B9999,unbestimmt (nur Pst),1,20,24
465025,2020-06-30,412,Ried im Innkreis,Frauen,bis 19 Jahre,B9999,unbestimmt (nur Pst),2,0,19
465043,2020-06-30,412,Ried im Innkreis,Frauen,20 bis 24 Jahre,B9999,unbestimmt (nur Pst),1,20,24
465059,2020-06-30,412,Ried im Innkreis,Frauen,25 bis 29 Jahre,B9999,unbestimmt (nur Pst),1,25,29
465086,2020-06-30,412,Ried im Innkreis,Frauen,35 bis 39 Jahre,B9999,unbestimmt (nur Pst),1,35,39
465135,2020-06-30,412,Ried im Innkreis,Männer,bis 19 Jahre,B9999,unbestimmt (nur Pst),3,0,19
465158,2020-06-30,412,Ried im Innkreis,Männer,20 bis 24 Jahre,B9999,unbestimmt (nur Pst),2,20,24
465166,2020-06-30,412,Ried im Innkreis,Männer,25 bis 29 Jahre,B9999,unbestimmt (nur Pst),1,25,29
465226,2020-06-30,413,Rohrbach,Frauen,bis 19 Jahre,B9999,unbestimmt (nur Pst),1,0,19
465245,2020-06-30,413,Rohrbach,Frauen,25 bis 29 Jahre,B9999,unbestimmt (nur Pst),1,25,29
465298,2020-06-30,413,Rohrbach,Männer,bis 19 Jahre,B9999,unbestimmt (nur Pst),1,0,19
465335,2020-06-30,413,Rohrbach,Männer,35 bis 39 Jahre,B9999,unbestimmt (nur Pst),1,35,39
465524,2020-06-30,415,Steyr,Frauen,bis 19 Jahre,B9999,unbestimmt (nur Pst),11,0,19
465555,2020-06-30,415,Steyr,Frauen,20 bis 24 Jahre,B9999,unbestimmt (nur Pst),1,20,24
465620,2020-06-30,415,Steyr,Frauen,35 bis 39 Jahre,B9999,unbestimmt (nur Pst),1,35,39
465661,2020-06-30,415,Steyr,Frauen,45 bis 49 Jahre,B9999,unbestimmt (nur Pst),1,45,49
465712,2020-06-30,415,Steyr,Männer,bis 19 Jahre,B9999,unbestimmt (nur Pst),6,0,19
465745,2020-06-30,415,Steyr,Männer,20 bis 24 Jahre,B9999,unbestimmt (nur Pst),2,20,24
465803,2020-06-30,415,Steyr,Männer,35 bis 39 Jahre,B9999,unbestimmt (nur Pst),1,35,39
465867,2020-06-30,418,Vöcklabruck,Frauen,bis 19 Jahre,B9999,unbestimmt (nur Pst),8,0,19
465888,2020-06-30,418,Vöcklabruck,Frauen,20 bis 24 Jahre,B9999,unbestimmt (nur Pst),1,20,24
466027,2020-06-30,418,Vöcklabruck,Männer,bis 19 Jahre,B9999,unbestimmt (nur Pst),6,0,19
466059,2020-06-30,418,Vöcklabruck,Männer,20 bis 24 Jahre,B9999,unbestimmt (nur Pst),1,20,24
466203,2020-06-30,419,Wels,Frauen,bis 19 Jahre,B9999,unbestimmt (nur Pst),1,0,19
466223,2020-06-30,419,Wels,Frauen,20 bis 24 Jahre,B9999,unbestimmt (nur Pst),1,20,24
466280,2020-06-30,419,Wels,Frauen,35 bis 39 Jahre,B9999,unbestimmt (nur Pst),2,35,39
466307,2020-06-30,419,Wels,Frauen,45 bis 49 Jahre,B9999,unbestimmt (nur Pst),1,45,49
466453,2020-06-30,419,Wels,Männer,40 bis 44 Jahre,B9999,unbestimmt (nur Pst),1,40,44
466512,2020-06-30,421,Traun,Frauen,bis 19 Jahre,B9999,unbestimmt (nur Pst),2,0,19
466538,2020-06-30,421,Traun,Frauen,20 bis 24 Jahre,B9999,unbestimmt (nur Pst),1,20,24
466590,2020-06-30,421,Traun,Frauen,30 bis 34 Jahre,B9999,unbestimmt (nur Pst),1,30,34
466620,2020-06-30,421,Traun,Frauen,35 bis 39 Jahre,B9999,unbestimmt (nur Pst),3,35,39
466660,2020-06-30,421,Traun,Frauen,45 bis 49 Jahre,B9999,unbestimmt (nur Pst),2,45,49
466728,2020-06-30,421,Traun,Männer,bis 19 Jahre,B9999,unbestimmt (nur Pst),3,0,19
466757,2020-06-30,421,Traun,Männer,20 bis 24 Jahre,B9999,unbestimmt (nur Pst),1,20,24
466809,2020-06-30,421,Traun,Männer,30 bis 34 Jahre,B9999,unbestimmt (nur Pst),1,30,34
466919,2020-06-30,501,Bischofshofen,Frauen,bis 19 Jahre,B9999,unbestimmt (nur Pst),1,0,19
466985,2020-06-30,501,Bischofshofen,Frauen,35 bis 39 Jahre,B9999,unbestimmt (nur Pst),1,35,39
467017,2020-06-30,501,Bischofshofen,Frauen,45 bis 49 Jahre,B9999,unbestimmt (nur Pst),2,45,49
467025,2020-06-30,501,Bischofshofen,Frauen,55 bis 59 Jahre,B9999,unbestimmt (nur Pst),1,55,59
467044,2020-06-30,501,Bischofshofen,Männer,bis 19 Jahre,B9999,unbestimmt (nur Pst),2,0,19
467083,2020-06-30,501,Bischofshofen,Männer,30 bis 34 Jahre,B9999,unbestimmt (nur Pst),1,30,34
467316,2020-06-30,504,Salzburg,Frauen,20 bis 24 Jahre,B9999,unbestimmt (nur Pst),1,20,24
467467,2020-06-30,504,Salzburg,Frauen,45 bis 49 Jahre,B9999,unbestimmt (nur Pst),1,45,49
467843,2020-06-30,506,Zell am See,Frauen,bis 19 Jahre,B9999,unbestimmt (nur Pst),1,0,19
467890,2020-06-30,506,Zell am See,Frauen,45 bis 49 Jahre,B9999,unbestimmt (nur Pst),1,45,49
467917,2020-06-30,506,Zell am See,Männer,bis 19 Jahre,B9999,unbestimmt (nur Pst),3,0,19
467931,2020-06-30,506,Zell am See,Männer,20 bis 24 Jahre,B9999,unbestimmt (nur Pst),1,20,24
467976,2020-06-30,601,Bruck/Mur,Frauen,bis 19 Jahre,B9999,unbestimmt (nur Pst),5,0,19
467996,2020-06-30,601,Bruck/Mur,Frauen,20 bis 24 Jahre,B9999,unbestimmt (nur Pst),2,20,24
468097,2020-06-30,601,Bruck/Mur,Männer,bis 19 Jahre,B9999,unbestimmt (nur Pst),1,0,19
468136,2020-06-30,601,Bruck/Mur,Männer,25 bis 29 Jahre,B9999,unbestimmt (nur Pst),1,25,29
468209,2020-06-30,603,Deutschlandsberg,Frauen,bis 19 Jahre,B9999,unbestimmt (nur Pst),1,0,19
468411,2020-06-30,604,Feldbach,Frauen,bis 19 Jahre,B9999,unbestimmt (nur Pst),3,0,19
468478,2020-06-30,604,Feldbach,Frauen,40 bis 44 Jahre,B9999,unbestimmt (nur Pst),1,40,44
468619,2020-06-30,606,Gleisdorf,Frauen,bis 19 Jahre,B9999,unbestimmt (nur Pst),1,0,19
468632,2020-06-30,606,Gleisdorf,Frauen,20 bis 24 Jahre,B9999,unbestimmt (nur Pst),2,20,24
468722,2020-06-30,606,Gleisdorf,Männer,20 bis 24 Jahre,B9999,unbestimmt (nur Pst),2,20,24
468776,2020-06-30,609,Hartberg,Frauen,bis 19 Jahre,B9999,unbestimmt (nur Pst),2,0,19
468937,2020-06-30,609,Hartberg,Männer,bis 19 Jahre,B9999,unbestimmt (nur Pst),1,0,19
468958,2020-06-30,609,Hartberg,Männer,20 bis 24 Jahre,B9999,unbestimmt (nur Pst),1,20,24
469085,2020-06-30,610,Judenburg,Frauen,bis 19 Jahre,B9999,unbestimmt (nur Pst),2,0,19
469195,2020-06-30,610,Judenburg,Männer,bis 19 Jahre,B9999,unbestimmt (nur Pst),4,0,19
469220,2020-06-30,610,Judenburg,Männer,20 bis 24 Jahre,B9999,unbestimmt (nur Pst),2,20,24
469298,2020-06-30,611,Murau,Frauen,bis 19 Jahre,B9999,unbestimmt (nur Pst),2,0,19
469307,2020-06-30,611,Murau,Frauen,20 bis 24 Jahre,B9999,unbestimmt (nur Pst),3,20,24
469363,2020-06-30,611,Murau,Männer,35 bis 39 Jahre,B9999,unbestimmt (nur Pst),1,35,39
469389,2020-06-30,614,Leibnitz,Frauen,bis 19 Jahre,B9999,unbestimmt (nur Pst),3,0,19
469432,2020-06-30,614,Leibnitz,Frauen,25 bis 29 Jahre,B9999,unbestimmt (nur Pst),1,25,29
469555,2020-06-30,614,Leibnitz,Männer,20 bis 24 Jahre,B9999,unbestimmt (nur Pst),1,20,24
469649,2020-06-30,616,Leoben,Frauen,bis 19 Jahre,B9999,unbestimmt (nur Pst),2,0,19
469668,2020-06-30,616,Leoben,Frauen,20 bis 24 Jahre,B9999,unbestimmt (nur Pst),2,20,24
469771,2020-06-30,616,Leoben,Männer,bis 19 Jahre,B9999,unbestimmt (nur Pst),2,0,19
469793,2020-06-30,616,Leoben,Männer,20 bis 24 Jahre,B9999,unbestimmt (nur Pst),1,20,24
469863,2020-06-30,618,Liezen,Frauen,bis 19 Jahre,B9999,unbestimmt (nur Pst),1,0,19
470075,2020-06-30,621,Mürzzuschlag,Frauen,bis 19 Jahre,B9999,unbestimmt (nur Pst),1,0,19
470091,2020-06-30,621,Mürzzuschlag,Frauen,20 bis 24 Jahre,B9999,unbestimmt (nur Pst),2,20,24
470118,2020-06-30,621,Mürzzuschlag,Frauen,40 bis 44 Jahre,B9999,unbestimmt (nur Pst),1,40,44
470150,2020-06-30,621,Mürzzuschlag,Männer,bis 19 Jahre,B9999,unbestimmt (nur Pst),2,0,19
470168,2020-06-30,621,Mürzzuschlag,Männer,20 bis 24 Jahre,B9999,unbestimmt (nur Pst),2,20,24
470233,2020-06-30,622,Voitsberg,Frauen,bis 19 Jahre,B9999,unbestimmt (nur Pst),4,0,19
470252,2020-06-30,622,Voitsberg,Frauen,20 bis 24 Jahre,B9999,unbestimmt (nur Pst),2,20,24
470598,2020-06-30,630,Graz-West und Umgebung,Frauen,bis 19 Jahre,B9999,unbestimmt (nur Pst),5,0,19
470656,2020-06-30,630,Graz-West und Umgebung,Frauen,20 bis 24 Jahre,B9999,unbestimmt (nur Pst),7,20,24
470847,2020-06-30,630,Graz-West und Umgebung,Frauen,40 bis 44 Jahre,B9999,unbestimmt (nur Pst),1,40,44
470973,2020-06-30,630,Graz-West und Umgebung,Männer,bis 19 Jahre,B9999,unbestimmt (nur Pst),9,0,19
471050,2020-06-30,630,Graz-West und Umgebung,Männer,20 bis 24 Jahre,B9999,unbestimmt (nur Pst),2,20,24
471101,2020-06-30,630,Graz-West und Umgebung,Männer,25 bis 29 Jahre,B9999,unbestimmt (nur Pst),1,25,29
471156,2020-06-30,630,Graz-West und Umgebung,Männer,30 bis 34 Jahre,B9999,unbestimmt (nur Pst),1,30,34
471197,2020-06-30,630,Graz-West und Umgebung,Männer,35 bis 39 Jahre,B9999,unbestimmt (nur Pst),2,35,39
471308,2020-06-30,631,Graz-Ost,Frauen,bis 19 Jahre,B9999,unbestimmt (nur Pst),3,0,19
471338,2020-06-30,631,Graz-Ost,Frauen,20 bis 24 Jahre,B9999,unbestimmt (nur Pst),3,20,24
471409,2020-06-30,631,Graz-Ost,Frauen,30 bis 34 Jahre,B9999,unbestimmt (nur Pst),1,30,34
471438,2020-06-30,631,Graz-Ost,Frauen,35 bis 39 Jahre,B9999,unbestimmt (nur Pst),2,35,39
471499,2020-06-30,631,Graz-Ost,Frauen,50 bis 54 Jahre,B9999,unbestimmt (nur Pst),1,50,54
471533,2020-06-30,631,Graz-Ost,Männer,bis 19 Jahre,B9999,unbestimmt (nur Pst),4,0,19
471586,2020-06-30,631,Graz-Ost,Männer,20 bis 24 Jahre,B9999,unbestimmt (nur Pst),1,20,24
471661,2020-06-30,631,Graz-Ost,Männer,30 bis 34 Jahre,B9999,unbestimmt (nur Pst),1,30,34
471755,2020-06-30,701,Imst,Frauen,bis 19 Jahre,B9999,unbestimmt (nur Pst),1,0,19
471797,2020-06-30,701,Imst,Frauen,50 bis 54 Jahre,B9999,unbestimmt (nur Pst),1,50,54
471807,2020-06-30,701,Imst,Männer,bis 19 Jahre,B9999,unbestimmt (nur Pst),3,0,19
471816,2020-06-30,701,Imst,Männer,25 bis 29 Jahre,B9999,unbestimmt (nur Pst),1,25,29
471847,2020-06-30,702,Innsbruck,Frauen,bis 19 Jahre,B9999,unbestimmt (nur Pst),1,0,19
471896,2020-06-30,702,Innsbruck,Frauen,25 bis 29 Jahre,B9999,unbestimmt (nur Pst),3,25,29
471923,2020-06-30,702,Innsbruck,Frauen,30 bis 34 Jahre,B9999,unbestimmt (nur Pst),2,30,34
471971,2020-06-30,702,Innsbruck,Frauen,40 bis 44 Jahre,B9999,unbestimmt (nur Pst),1,40,44
471993,2020-06-30,702,Innsbruck,Frauen,45 bis 49 Jahre,B9999,unbestimmt (nur Pst),2,45,49
472079,2020-06-30,702,Innsbruck,Männer,20 bis 24 Jahre,B9999,unbestimmt (nur Pst),2,20,24
472148,2020-06-30,702,Innsbruck,Männer,35 bis 39 Jahre,B9999,unbestimmt (nur Pst),3,35,39
472184,2020-06-30,702,Innsbruck,Männer,45 bis 49 Jahre,B9999,unbestimmt (nur Pst),1,45,49
472204,2020-06-30,702,Innsbruck,Männer,50 bis 54 Jahre,B9999,unbestimmt (nur Pst),1,50,54
472213,2020-06-30,702,Innsbruck,Männer,55 bis 59 Jahre,B9999,unbestimmt (nur Pst),1,55,59
472294,2020-06-30,705,Kufstein,Frauen,bis 19 Jahre,B9999,unbestimmt (nur Pst),3,0,19
472311,2020-06-30,705,Kufstein,Frauen,20 bis 24 Jahre,B9999,unbestimmt (nur Pst),1,20,24
472367,2020-06-30,705,Kufstein,Frauen,45 bis 49 Jahre,B9999,unbestimmt (nur Pst),1,45,49
472400,2020-06-30,705,Kufstein,Männer,bis 19 Jahre,B9999,unbestimmt (nur Pst),5,0,19
472422,2020-06-30,705,Kufstein,Männer,20 bis 24 Jahre,B9999,unbestimmt (nur Pst),3,20,24
472436,2020-06-30,705,Kufstein,Männer,25 bis 29 Jahre,B9999,unbestimmt (nur Pst),2,25,29
472460,2020-06-30,705,Kufstein,Männer,35 bis 39 Jahre,B9999,unbestimmt (nur Pst),1,35,39
472491,2020-06-30,706,Landeck,Frauen,bis 19 Jahre,B9999,unbestimmt (nur Pst),2,0,19
472544,2020-06-30,706,Landeck,Männer,bis 19 Jahre,B9999,unbestimmt (nur Pst),1,0,19
472552,2020-06-30,706,Landeck,Männer,20 bis 24 Jahre,B9999,unbestimmt (nur Pst),2,20,24
472570,2020-06-30,707,Lienz,Frauen,bis 19 Jahre,B9999,unbestimmt (nur Pst),1,0,19
472620,2020-06-30,707,Lienz,Männer,bis 19 Jahre,B9999,unbestimmt (nur Pst),1,0,19
472700,2020-06-30,709,Schwaz,Frauen,bis 19 Jahre,B9999,unbestimmt (nur Pst),2,0,19
472738,2020-06-30,709,Schwaz,Frauen,35 bis 39 Jahre,B9999,unbestimmt (nur Pst),1,35,39
472746,2020-06-30,709,Schwaz,Frauen,40 bis 44 Jahre,B9999,unbestimmt (nur Pst),1,40,44
472754,2020-06-30,709,Schwaz,Frauen,45 bis 49 Jahre,B9999,unbestimmt (nur Pst),2,45,49
472776,2020-06-30,709,Schwaz,Männer,bis 19 Jahre,B9999,unbestimmt (nur Pst),2,0,19
472811,2020-06-30,709,Schwaz,Männer,35 bis 39 Jahre,B9999,unbestimmt (nur Pst),1,35,39
472849,2020-06-30,801,Bludenz,Frauen,20 bis 24 Jahre,B9999,unbestimmt (nur Pst),1,20,24
472900,2020-06-30,801,Bludenz,Frauen,40 bis 44 Jahre,B9999,unbestimmt (nur Pst),1,40,44
472963,2020-06-30,801,Bludenz,Männer,25 bis 29 Jahre,B9999,unbestimmt (nur Pst),1,25,29
473002,2020-06-30,801,Bludenz,Männer,50 bis 54 Jahre,B9999,unbestimmt (nur Pst),1,50,54
473046,2020-06-30,802,Bregenz,Frauen,20 bis 24 Jahre,B9999,unbestimmt (nur Pst),3,20,24
473225,2020-06-30,802,Bregenz,Männer,20 bis 24 Jahre,B9999,unbestimmt (nur Pst),1,20,24
473252,2020-06-30,802,Bregenz,Männer,25 bis 29 Jahre,B9999,unbestimmt (nur Pst),1,25,29
473336,2020-06-30,802,Bregenz,Männer,55 bis 59 Jahre,B9999,unbestimmt (nur Pst),1,55,59
473353,2020-06-30,804,Dornbirn,Frauen,bis 19 Jahre,B9999,unbestimmt (nur Pst),1,0,19
473475,2020-06-30,804,Dornbirn,Frauen,45 bis 49 Jahre,B9999,unbestimmt (nur Pst),1,45,49
473545,2020-06-30,804,Dornbirn,Männer,20 bis 24 Jahre,B9999,unbestimmt (nur Pst),1,20,24
473624,2020-06-30,804,Dornbirn,Männer,50 bis 54 Jahre,B9999,unbestimmt (nur Pst),1,50,54
473644,2020-06-30,805,Feldkirch,Frauen,bis 19 Jahre,B9999,unbestimmt (nur Pst),4,0,19
473672,2020-06-30,805,Feldkirch,Frauen,20 bis 24 Jahre,B9999,unbestimmt (nur Pst),1,20,24
473695,2020-06-30,805,Feldkirch,Frauen,25 bis 29 Jahre,B9999,unbestimmt (nur Pst),2,25,29
473709,2020-06-30,805,Feldkirch,Frauen,30 bis 34 Jahre,B9999,unbestimmt (nur Pst),1,30,34
473727,2020-06-30,805,Feldkirch,Frauen,35 bis 39 Jahre,B9999,unbestimmt (nur Pst),1,35,39
473746,2020-06-30,805,Feldkirch,Frauen,40 bis 44 Jahre,B9999,unbestimmt (nur Pst),1,40,44
473766,2020-06-30,805,Feldkirch,Frauen,45 bis 49 Jahre,B9999,unbestimmt (nur Pst),1,45,49
473812,2020-06-30,805,Feldkirch,Männer,bis 19 Jahre,B9999,unbestimmt (nur Pst),9,0,19
473847,2020-06-30,805,Feldkirch,Männer,20 bis 24 Jahre,B9999,unbestimmt (nur Pst),2,20,24
473872,2020-06-30,805,Feldkirch,Männer,25 bis 29 Jahre,B9999,unbestimmt (nur Pst),2,25,29
473902,2020-06-30,805,Feldkirch,Männer,35 bis 39 Jahre,B9999,unbestimmt (nur Pst),4,35,39
474149,2020-06-30,958,Wien Johnstraße,Männer,20 bis 24 Jahre,B9999,unbestimmt (nur Pst),1,20,24
474654,2020-06-30,959,Wien Hauffgasse,Männer,40 bis 44 Jahre,B9999,unbestimmt (nur Pst),1,40,44
474724,2020-06-30,960,Wien Esteplatz,Frauen,20 bis 24 Jahre,B9999,unbestimmt (nur Pst),1,20,24
476254,2020-06-30,964,Wien Favoritenstraße,Männer,25 bis 29 Jahre,B9999,unbestimmt (nur Pst),1,25,29
476497,2020-06-30,965,Wien Schönbrunner Straße,Frauen,20 bis 24 Jahre,B9999,unbestimmt (nur Pst),1,20,24
476685,2020-06-30,965,Wien Schönbrunner Straße,Frauen,50 bis 54 Jahre,B9999,unbestimmt (nur Pst),1,50,54
476831,2020-06-30,965,Wien Schönbrunner Straße,Männer,30 bis 34 Jahre,B9999,unbestimmt (nur Pst),1,30,34
476949,2020-06-30,965,Wien Schönbrunner Straße,Männer,50 bis 54 Jahre,B9999,unbestimmt (nur Pst),1,50,54
477086,2020-06-30,966,Wien Hietzinger Kai,Frauen,35 bis 39 Jahre,B9999,unbestimmt (nur Pst),1,35,39
477783,2020-06-30,967,Wien Huttengasse,Männer,30 bis 34 Jahre,B9999,unbestimmt (nur Pst),1,30,34
477839,2020-06-30,967,Wien Huttengasse,Männer,35 bis 39 Jahre,B9999,unbestimmt (nur Pst),1,35,39
478990,2020-06-30,970,Wien Jugendliche,Frauen,bis 19 Jahre,B9999,unbestimmt (nur Pst),16,0,19
479058,2020-06-30,970,Wien Jugendliche,Frauen,20 bis 24 Jahre,B9999,unbestimmt (nur Pst),3,20,24
479141,2020-06-30,970,Wien Jugendliche,Männer,bis 19 Jahre,B9999,unbestimmt (nur Pst),8,0,19
479221,2020-06-30,970,Wien Jugendliche,Männer,20 bis 24 Jahre,B9999,unbestimmt (nur Pst),4,20,24
479241,2020-06-30,974,Wien Austria Campus,Frauen,20 bis 24 Jahre,B9999,unbestimmt (nur Pst),1,20,24
479328,2020-06-30,974,Wien Austria Campus,Frauen,35 bis 39 Jahre,B9999,unbestimmt (nur Pst),1,35,39
479440,2020-06-30,974,Wien Austria Campus,Männer,25 bis 29 Jahre,B9999,unbestimmt (nur Pst),1,25,29
479511,2020-06-30,974,Wien Austria Campus,Männer,35 bis 39 Jahre,B9999,unbestimmt (nur Pst),2,35,39
480017,2020-07-31,101,Eisenstadt,Männer,bis 19 Jahre,B9999,unbestimmt (nur Pst),2,0,19
480150,2020-07-31,102,Mattersburg,Männer,25 bis 29 Jahre,B9999,unbestimmt (nur Pst),1,25,29
480446,2020-07-31,105,Oberwart,Frauen,bis 19 Jahre,B9999,unbestimmt (nur Pst),1,0,19
480652,2020-07-31,106,Stegersbach,Frauen,20 bis 24 Jahre,B9999,unbestimmt (nur Pst),1,20,24
480740,2020-07-31,107,Jennersdorf,Frauen,bis 19 Jahre,B9999,unbestimmt (nur Pst),1,0,19
480908,2020-07-31,203,Klagenfurt,Frauen,bis 19 Jahre,B9999,unbestimmt (nur Pst),1,0,19
481022,2020-07-31,203,Klagenfurt,Frauen,40 bis 44 Jahre,B9999,unbestimmt (nur Pst),1,40,44
481044,2020-07-31,203,Klagenfurt,Frauen,45 bis 49 Jahre,B9999,unbestimmt (nur Pst),1,45,49
481063,2020-07-31,203,Klagenfurt,Frauen,50 bis 54 Jahre,B9999,unbestimmt (nur Pst),1,50,54
481109,2020-07-31,203,Klagenfurt,Männer,bis 19 Jahre,B9999,unbestimmt (nur Pst),4,0,19
481139,2020-07-31,203,Klagenfurt,Männer,20 bis 24 Jahre,B9999,unbestimmt (nur Pst),1,20,24
481178,2020-07-31,203,Klagenfurt,Männer,30 bis 34 Jahre,B9999,unbestimmt (nur Pst),1,30,34
481228,2020-07-31,203,Klagenfurt,Männer,45 bis 49 Jahre,B9999,unbestimmt (nur Pst),1,45,49
481255,2020-07-31,203,Klagenfurt,Männer,55 bis 59 Jahre,B9999,unbestimmt (nur Pst),1,55,59
481264,2020-07-31,204,Spittal/Drau,Frauen,bis 19 Jahre,B9999,unbestimmt (nur Pst),2,0,19
481354,2020-07-31,204,Spittal/Drau,Männer,bis 19 Jahre,B9999,unbestimmt (nur Pst),1,0,19
481510,2020-07-31,205,St. Veit/Glan,Männer,20 bis 24 Jahre,B9999,unbestimmt (nur Pst),1,20,24
481924,2020-07-31,207,Völkermarkt,Männer,bis 19 Jahre,B9999,unbestimmt (nur Pst),2,0,19
482043,2020-07-31,208,Wolfsberg,Männer,bis 19 Jahre,B9999,unbestimmt (nur Pst),2,0,19
482102,2020-07-31,301,Amstetten,Frauen,bis 19 Jahre,B9999,unbestimmt (nur Pst),5,0,19
482127,2020-07-31,301,Amstetten,Frauen,20 bis 24 Jahre,B9999,unbestimmt (nur Pst),2,20,24
482226,2020-07-31,301,Amstetten,Männer,bis 19 Jahre,B9999,unbestimmt (nur Pst),14,0,19
482356,2020-07-31,304,Baden neu,Frauen,bis 19 Jahre,B9999,unbestimmt (nur Pst),8,0,19
482388,2020-07-31,304,Baden neu,Frauen,20 bis 24 Jahre,B9999,unbestimmt (nur Pst),7,20,24
482405,2020-07-31,304,Baden neu,Frauen,25 bis 29 Jahre,B9999,unbestimmt (nur Pst),1,25,29
482446,2020-07-31,304,Baden neu,Frauen,35 bis 39 Jahre,B9999,unbestimmt (nur Pst),2,35,39
482522,2020-07-31,304,Baden neu,Männer,bis 19 Jahre,B9999,unbestimmt (nur Pst),5,0,19
482558,2020-07-31,304,Baden neu,Männer,20 bis 24 Jahre,B9999,unbestimmt (nur Pst),1,20,24
482674,2020-07-31,306,Bruck/Leitha,Frauen,bis 19 Jahre,B9999,unbestimmt (nur Pst),2,0,19
482683,2020-07-31,306,Bruck/Leitha,Frauen,20 bis 24 Jahre,B9999,unbestimmt (nur Pst),1,20,24
482742,2020-07-31,306,Bruck/Leitha,Männer,bis 19 Jahre,B9999,unbestimmt (nur Pst),4,0,19
482816,2020-07-31,308,Gänserndorf,Frauen,bis 19 Jahre,B9999,unbestimmt (nur Pst),2,0,19
482873,2020-07-31,308,Gänserndorf,Frauen,25 bis 29 Jahre,B9999,unbestimmt (nur Pst),1,25,29
482912,2020-07-31,308,Gänserndorf,Frauen,35 bis 39 Jahre,B9999,unbestimmt (nur Pst),1,35,39
482991,2020-07-31,308,Gänserndorf,Männer,bis 19 Jahre,B9999,unbestimmt (nur Pst),3,0,19
483027,2020-07-31,308,Gänserndorf,Männer,20 bis 24 Jahre,B9999,unbestimmt (nur Pst),1,20,24
483182,2020-07-31,311,Gmünd,Männer,bis 19 Jahre,B9999,unbestimmt (nur Pst),1,0,19
483236,2020-07-31,312,Hollabrunn,Frauen,bis 19 Jahre,B9999,unbestimmt (nur Pst),1,0,19
483263,2020-07-31,312,Hollabrunn,Frauen,25 bis 29 Jahre,B9999,unbestimmt (nur Pst),1,25,29
483333,2020-07-31,312,Hollabrunn,Männer,bis 19 Jahre,B9999,unbestimmt (nur Pst),1,0,19
483347,2020-07-31,312,Hollabrunn,Männer,20 bis 24 Jahre,B9999,unbestimmt (nur Pst),1,20,24
483391,2020-07-31,313,Horn,Frauen,bis 19 Jahre,B9999,unbestimmt (nur Pst),1,0,19
483399,2020-07-31,313,Horn,Frauen,20 bis 24 Jahre,B9999,unbestimmt (nur Pst),2,20,24
483437,2020-07-31,313,Horn,Männer,bis 19 Jahre,B9999,unbestimmt (nur Pst),3,0,19
483451,2020-07-31,313,Horn,Männer,20 bis 24 Jahre,B9999,unbestimmt (nur Pst),2,20,24
483456,2020-07-31,313,Horn,Männer,25 bis 29 Jahre,B9999,unbestimmt (nur Pst),1,25,29
483488,2020-07-31,314,Korneuburg,Frauen,bis 19 Jahre,B9999,unbestimmt (nur Pst),1,0,19
483512,2020-07-31,314,Korneuburg,Frauen,20 bis 24 Jahre,B9999,unbestimmt (nur Pst),2,20,24
483630,2020-07-31,314,Korneuburg,Männer,bis 19 Jahre,B9999,unbestimmt (nur Pst),9,0,19
483732,2020-07-31,315,Krems,Frauen,bis 19 Jahre,B9999,unbestimmt (nur Pst),4,0,19
483750,2020-07-31,315,Krems,Frauen,20 bis 24 Jahre,B9999,unbestimmt (nur Pst),1,20,24
483837,2020-07-31,315,Krems,Männer,bis 19 Jahre,B9999,unbestimmt (nur Pst),2,0,19
483935,2020-07-31,316,Lilienfeld,Frauen,bis 19 Jahre,B9999,unbestimmt (nur Pst),2,0,19
483947,2020-07-31,316,Lilienfeld,Frauen,20 bis 24 Jahre,B9999,unbestimmt (nur Pst),1,20,24
483961,2020-07-31,316,Lilienfeld,Frauen,40 bis 44 Jahre,B9999,unbestimmt (nur Pst),1,40,44
483969,2020-07-31,316,Lilienfeld,Frauen,45 bis 49 Jahre,B9999,unbestimmt (nur Pst),1,45,49
483997,2020-07-31,316,Lilienfeld,Männer,20 bis 24 Jahre,B9999,unbestimmt (nur Pst),1,20,24
484071,2020-07-31,317,Melk,Frauen,30 bis 34 Jahre,B9999,unbestimmt (nur Pst),1,30,34
484231,2020-07-31,319,Mistelbach,Frauen,bis 19 Jahre,B9999,unbestimmt (nur Pst),5,0,19
484246,2020-07-31,319,Mistelbach,Frauen,20 bis 24 Jahre,B9999,unbestimmt (nur Pst),1,20,24
484403,2020-07-31,321,Mödling,Frauen,bis 19 Jahre,B9999,unbestimmt (nur Pst),1,0,19
484429,2020-07-31,321,Mödling,Frauen,20 bis 24 Jahre,B9999,unbestimmt (nur Pst),2,20,24
484442,2020-07-31,321,Mödling,Frauen,25 bis 29 Jahre,B9999,unbestimmt (nur Pst),1,25,29
484492,2020-07-31,321,Mödling,Frauen,45 bis 49 Jahre,B9999,unbestimmt (nur Pst),1,45,49
484533,2020-07-31,321,Mödling,Männer,bis 19 Jahre,B9999,unbestimmt (nur Pst),5,0,19
484565,2020-07-31,321,Mödling,Männer,20 bis 24 Jahre,B9999,unbestimmt (nur Pst),4,20,24
484674,2020-07-31,323,Neunkirchen,Frauen,bis 19 Jahre,B9999,unbestimmt (nur Pst),3,0,19
484938,2020-07-31,326,St. Pölten,Frauen,bis 19 Jahre,B9999,unbestimmt (nur Pst),6,0,19
484969,2020-07-31,326,St. Pölten,Frauen,20 bis 24 Jahre,B9999,unbestimmt (nur Pst),1,20,24
484991,2020-07-31,326,St. Pölten,Frauen,25 bis 29 Jahre,B9999,unbestimmt (nur Pst),2,25,29
485118,2020-07-31,326,St. Pölten,Männer,bis 19 Jahre,B9999,unbestimmt (nur Pst),10,0,19
485158,2020-07-31,326,St. Pölten,Männer,20 bis 24 Jahre,B9999,unbestimmt (nur Pst),1,20,24
485300,2020-07-31,328,Scheibbs,Frauen,bis 19 Jahre,B9999,unbestimmt (nur Pst),2,0,19
485309,2020-07-31,328,Scheibbs,Frauen,20 bis 24 Jahre,B9999,unbestimmt (nur Pst),2,20,24
485351,2020-07-31,328,Scheibbs,Männer,bis 19 Jahre,B9999,unbestimmt (nur Pst),3,0,19
485399,2020-07-31,329,Schwechat,Frauen,bis 19 Jahre,B9999,unbestimmt (nur Pst),2,0,19
485417,2020-07-31,329,Schwechat,Frauen,20 bis 24 Jahre,B9999,unbestimmt (nur Pst),1,20,24
485505,2020-07-31,329,Schwechat,Männer,bis 19 Jahre,B9999,unbestimmt (nur Pst),2,0,19
485594,2020-07-31,331,Tulln,Frauen,bis 19 Jahre,B9999,unbestimmt (nur Pst),8,0,19
485704,2020-07-31,331,Tulln,Männer,bis 19 Jahre,B9999,unbestimmt (nur Pst),9,0,19
485722,2020-07-31,331,Tulln,Männer,20 bis 24 Jahre,B9999,unbestimmt (nur Pst),2,20,24
485792,2020-07-31,332,Waidhofen/Thaya,Frauen,bis 19 Jahre,B9999,unbestimmt (nur Pst),2,0,19
485845,2020-07-31,332,Waidhofen/Thaya,Männer,bis 19 Jahre,B9999,unbestimmt (nur Pst),1,0,19
485921,2020-07-31,333,Waidhofen/Ybbs,Männer,bis 19 Jahre,B9999,unbestimmt (nur Pst),2,0,19
485976,2020-07-31,334,Wr. Neustadt,Frauen,bis 19 Jahre,B9999,unbestimmt (nur Pst),2,0,19
485998,2020-07-31,334,Wr. Neustadt,Frauen,20 bis 24 Jahre,B9999,unbestimmt (nur Pst),1,20,24
486148,2020-07-31,334,Wr. Neustadt,Männer,bis 19 Jahre,B9999,unbestimmt (nur Pst),3,0,19
486394,2020-07-31,401,Braunau,Frauen,bis 19 Jahre,B9999,unbestimmt (nur Pst),7,0,19
486420,2020-07-31,401,Braunau,Frauen,20 bis 24 Jahre,B9999,unbestimmt (nur Pst),3,20,24
486438,2020-07-31,401,Braunau,Frauen,25 bis 29 Jahre,B9999,unbestimmt (nur Pst),2,25,29
486533,2020-07-31,401,Braunau,Männer,bis 19 Jahre,B9999,unbestimmt (nur Pst),16,0,19
486560,2020-07-31,401,Braunau,Männer,20 bis 24 Jahre,B9999,unbestimmt (nur Pst),3,20,24
486592,2020-07-31,401,Braunau,Männer,30 bis 34 Jahre,B9999,unbestimmt (nur Pst),1,30,34
486651,2020-07-31,402,Eferding,Frauen,bis 19 Jahre,B9999,unbestimmt (nur Pst),1,0,19
486934,2020-07-31,404,Gmunden,Frauen,bis 19 Jahre,B9999,unbestimmt (nur Pst),5,0,19
486983,2020-07-31,404,Gmunden,Frauen,30 bis 34 Jahre,B9999,unbestimmt (nur Pst),1,30,34
487070,2020-07-31,404,Gmunden,Männer,bis 19 Jahre,B9999,unbestimmt (nur Pst),6,0,19
487197,2020-07-31,406,Grieskirchen,Frauen,bis 19 Jahre,B9999,unbestimmt (nur Pst),1,0,19
487344,2020-07-31,407,Kirchdorf/Krems,Frauen,bis 19 Jahre,B9999,unbestimmt (nur Pst),2,0,19
487375,2020-07-31,407,Kirchdorf/Krems,Frauen,25 bis 29 Jahre,B9999,unbestimmt (nur Pst),1,25,29
487396,2020-07-31,407,Kirchdorf/Krems,Frauen,35 bis 39 Jahre,B9999,unbestimmt (nur Pst),1,35,39
487408,2020-07-31,407,Kirchdorf/Krems,Frauen,40 bis 44 Jahre,B9999,unbestimmt (nur Pst),1,40,44
487442,2020-07-31,407,Kirchdorf/Krems,Männer,bis 19 Jahre,B9999,unbestimmt (nur Pst),1,0,19
487528,2020-07-31,409,Linz neu,Frauen,bis 19 Jahre,B9999,unbestimmt (nur Pst),11,0,19
487569,2020-07-31,409,Linz neu,Frauen,20 bis 24 Jahre,B9999,unbestimmt (nur Pst),7,20,24
487613,2020-07-31,409,Linz neu,Frauen,25 bis 29 Jahre,B9999,unbestimmt (nur Pst),3,25,29
487654,2020-07-31,409,Linz neu,Frauen,30 bis 34 Jahre,B9999,unbestimmt (nur Pst),5,30,34
487694,2020-07-31,409,Linz neu,Frauen,35 bis 39 Jahre,B9999,unbestimmt (nur Pst),2,35,39
487728,2020-07-31,409,Linz neu,Frauen,40 bis 44 Jahre,B9999,unbestimmt (nur Pst),1,40,44
487832,2020-07-31,409,Linz neu,Männer,bis 19 Jahre,B9999,unbestimmt (nur Pst),23,0,19
487885,2020-07-31,409,Linz neu,Männer,20 bis 24 Jahre,B9999,unbestimmt (nur Pst),4,20,24
487934,2020-07-31,409,Linz neu,Männer,25 bis 29 Jahre,B9999,unbestimmt (nur Pst),2,25,29
487976,2020-07-31,409,Linz neu,Männer,30 bis 34 Jahre,B9999,unbestimmt (nur Pst),2,30,34
488021,2020-07-31,409,Linz neu,Männer,35 bis 39 Jahre,B9999,unbestimmt (nur Pst),1,35,39
488058,2020-07-31,409,Linz neu,Männer,40 bis 44 Jahre,B9999,unbestimmt (nur Pst),1,40,44
488095,2020-07-31,409,Linz neu,Männer,45 bis 49 Jahre,B9999,unbestimmt (nur Pst),2,45,49
488153,2020-07-31,409,Linz neu,Männer,55 bis 59 Jahre,B9999,unbestimmt (nur Pst),1,55,59
488188,2020-07-31,411,Perg,Frauen,20 bis 24 Jahre,B9999,unbestimmt (nur Pst),1,20,24
488225,2020-07-31,411,Perg,Frauen,35 bis 39 Jahre,B9999,unbestimmt (nur Pst),1,35,39
488294,2020-07-31,411,Perg,Männer,20 bis 24 Jahre,B9999,unbestimmt (nur Pst),1,20,24
488378,2020-07-31,412,Ried im Innkreis,Frauen,bis 19 Jahre,B9999,unbestimmt (nur Pst),4,0,19
488413,2020-07-31,412,Ried im Innkreis,Frauen,25 bis 29 Jahre,B9999,unbestimmt (nur Pst),1,25,29
488437,2020-07-31,412,Ried im Innkreis,Frauen,35 bis 39 Jahre,B9999,unbestimmt (nur Pst),1,35,39
488483,2020-07-31,412,Ried im Innkreis,Männer,bis 19 Jahre,B9999,unbestimmt (nur Pst),4,0,19
488510,2020-07-31,412,Ried im Innkreis,Männer,20 bis 24 Jahre,B9999,unbestimmt (nur Pst),3,20,24
488516,2020-07-31,412,Ried im Innkreis,Männer,25 bis 29 Jahre,B9999,unbestimmt (nur Pst),2,25,29
488574,2020-07-31,413,Rohrbach,Frauen,bis 19 Jahre,B9999,unbestimmt (nur Pst),1,0,19
488593,2020-07-31,413,Rohrbach,Frauen,25 bis 29 Jahre,B9999,unbestimmt (nur Pst),1,25,29
488646,2020-07-31,413,Rohrbach,Männer,bis 19 Jahre,B9999,unbestimmt (nur Pst),1,0,19
488687,2020-07-31,413,Rohrbach,Männer,35 bis 39 Jahre,B9999,unbestimmt (nur Pst),1,35,39
488862,2020-07-31,415,Steyr,Frauen,bis 19 Jahre,B9999,unbestimmt (nur Pst),10,0,19
488892,2020-07-31,415,Steyr,Frauen,20 bis 24 Jahre,B9999,unbestimmt (nur Pst),1,20,24
488952,2020-07-31,415,Steyr,Frauen,35 bis 39 Jahre,B9999,unbestimmt (nur Pst),1,35,39
488990,2020-07-31,415,Steyr,Frauen,45 bis 49 Jahre,B9999,unbestimmt (nur Pst),1,45,49
489041,2020-07-31,415,Steyr,Männer,bis 19 Jahre,B9999,unbestimmt (nur Pst),7,0,19
489075,2020-07-31,415,Steyr,Männer,20 bis 24 Jahre,B9999,unbestimmt (nur Pst),2,20,24
489127,2020-07-31,415,Steyr,Männer,35 bis 39 Jahre,B9999,unbestimmt (nur Pst),1,35,39
489192,2020-07-31,418,Vöcklabruck,Frauen,bis 19 Jahre,B9999,unbestimmt (nur Pst),7,0,19
489210,2020-07-31,418,Vöcklabruck,Frauen,20 bis 24 Jahre,B9999,unbestimmt (nur Pst),1,20,24
489343,2020-07-31,418,Vöcklabruck,Männer,bis 19 Jahre,B9999,unbestimmt (nur Pst),5,0,19
489374,2020-07-31,418,Vöcklabruck,Männer,20 bis 24 Jahre,B9999,unbestimmt (nur Pst),1,20,24
489407,2020-07-31,418,Vöcklabruck,Männer,30 bis 34 Jahre,B9999,unbestimmt (nur Pst),1,30,34
489508,2020-07-31,419,Wels,Frauen,bis 19 Jahre,B9999,unbestimmt (nur Pst),1,0,19
489525,2020-07-31,419,Wels,Frauen,20 bis 24 Jahre,B9999,unbestimmt (nur Pst),1,20,24
489576,2020-07-31,419,Wels,Frauen,35 bis 39 Jahre,B9999,unbestimmt (nur Pst),2,35,39
489603,2020-07-31,419,Wels,Frauen,45 bis 49 Jahre,B9999,unbestimmt (nur Pst),1,45,49
489704,2020-07-31,419,Wels,Männer,25 bis 29 Jahre,B9999,unbestimmt (nur Pst),1,25,29
489749,2020-07-31,419,Wels,Männer,40 bis 44 Jahre,B9999,unbestimmt (nur Pst),1,40,44
489803,2020-07-31,421,Traun,Frauen,bis 19 Jahre,B9999,unbestimmt (nur Pst),1,0,19
489828,2020-07-31,421,Traun,Frauen,20 bis 24 Jahre,B9999,unbestimmt (nur Pst),2,20,24
489899,2020-07-31,421,Traun,Frauen,35 bis 39 Jahre,B9999,unbestimmt (nur Pst),3,35,39
489934,2020-07-31,421,Traun,Frauen,45 bis 49 Jahre,B9999,unbestimmt (nur Pst),1,45,49
490000,2020-07-31,421,Traun,Männer,bis 19 Jahre,B9999,unbestimmt (nur Pst),3,0,19
490030,2020-07-31,421,Traun,Männer,20 bis 24 Jahre,B9999,unbestimmt (nur Pst),1,20,24
490076,2020-07-31,421,Traun,Männer,30 bis 34 Jahre,B9999,unbestimmt (nur Pst),1,30,34
490276,2020-07-31,501,Bischofshofen,Frauen,55 bis 59 Jahre,B9999,unbestimmt (nur Pst),1,55,59
490295,2020-07-31,501,Bischofshofen,Männer,bis 19 Jahre,B9999,unbestimmt (nur Pst),1,0,19
490550,2020-07-31,504,Salzburg,Frauen,20 bis 24 Jahre,B9999,unbestimmt (nur Pst),1,20,24
491060,2020-07-31,506,Zell am See,Frauen,bis 19 Jahre,B9999,unbestimmt (nur Pst),1,0,19
491128,2020-07-31,506,Zell am See,Männer,bis 19 Jahre,B9999,unbestimmt (nur Pst),3,0,19
491139,2020-07-31,506,Zell am See,Männer,20 bis 24 Jahre,B9999,unbestimmt (nur Pst),1,20,24
491200,2020-07-31,601,Bruck/Mur,Frauen,bis 19 Jahre,B9999,unbestimmt (nur Pst),4,0,19
491219,2020-07-31,601,Bruck/Mur,Frauen,20 bis 24 Jahre,B9999,unbestimmt (nur Pst),2,20,24
491314,2020-07-31,601,Bruck/Mur,Männer,bis 19 Jahre,B9999,unbestimmt (nur Pst),2,0,19
491419,2020-07-31,603,Deutschlandsberg,Frauen,bis 19 Jahre,B9999,unbestimmt (nur Pst),1,0,19
491594,2020-07-31,604,Feldbach,Frauen,bis 19 Jahre,B9999,unbestimmt (nur Pst),2,0,19
491664,2020-07-31,604,Feldbach,Frauen,40 bis 44 Jahre,B9999,unbestimmt (nur Pst),1,40,44
491795,2020-07-31,606,Gleisdorf,Frauen,bis 19 Jahre,B9999,unbestimmt (nur Pst),2,0,19
491808,2020-07-31,606,Gleisdorf,Frauen,20 bis 24 Jahre,B9999,unbestimmt (nur Pst),2,20,24
491898,2020-07-31,606,Gleisdorf,Männer,20 bis 24 Jahre,B9999,unbestimmt (nur Pst),2,20,24
491942,2020-07-31,609,Hartberg,Frauen,bis 19 Jahre,B9999,unbestimmt (nur Pst),1,0,19
492090,2020-07-31,609,Hartberg,Männer,bis 19 Jahre,B9999,unbestimmt (nur Pst),1,0,19
492111,2020-07-31,609,Hartberg,Männer,20 bis 24 Jahre,B9999,unbestimmt (nur Pst),1,20,24
492240,2020-07-31,610,Judenburg,Frauen,bis 19 Jahre,B9999,unbestimmt (nur Pst),2,0,19
492355,2020-07-31,610,Judenburg,Männer,bis 19 Jahre,B9999,unbestimmt (nur Pst),4,0,19
492381,2020-07-31,610,Judenburg,Männer,20 bis 24 Jahre,B9999,unbestimmt (nur Pst),3,20,24
492453,2020-07-31,611,Murau,Frauen,bis 19 Jahre,B9999,unbestimmt (nur Pst),1,0,19
492461,2020-07-31,611,Murau,Frauen,20 bis 24 Jahre,B9999,unbestimmt (nur Pst),3,20,24
492516,2020-07-31,611,Murau,Männer,35 bis 39 Jahre,B9999,unbestimmt (nur Pst),1,35,39
492536,2020-07-31,614,Leibnitz,Frauen,bis 19 Jahre,B9999,unbestimmt (nur Pst),2,0,19
492696,2020-07-31,614,Leibnitz,Männer,20 bis 24 Jahre,B9999,unbestimmt (nur Pst),1,20,24
492785,2020-07-31,616,Leoben,Frauen,bis 19 Jahre,B9999,unbestimmt (nur Pst),1,0,19
492807,2020-07-31,616,Leoben,Frauen,20 bis 24 Jahre,B9999,unbestimmt (nur Pst),2,20,24
492910,2020-07-31,616,Leoben,Männer,bis 19 Jahre,B9999,unbestimmt (nur Pst),1,0,19
492936,2020-07-31,616,Leoben,Männer,20 bis 24 Jahre,B9999,unbestimmt (nur Pst),1,20,24
493000,2020-07-31,618,Liezen,Frauen,bis 19 Jahre,B9999,unbestimmt (nur Pst),1,0,19
493187,2020-07-31,621,Mürzzuschlag,Frauen,bis 19 Jahre,B9999,unbestimmt (nur Pst),1,0,19
493201,2020-07-31,621,Mürzzuschlag,Frauen,20 bis 24 Jahre,B9999,unbestimmt (nur Pst),1,20,24
493228,2020-07-31,621,Mürzzuschlag,Frauen,40 bis 44 Jahre,B9999,unbestimmt (nur Pst),1,40,44
493256,2020-07-31,621,Mürzzuschlag,Männer,bis 19 Jahre,B9999,unbestimmt (nur Pst),2,0,19
493273,2020-07-31,621,Mürzzuschlag,Männer,20 bis 24 Jahre,B9999,unbestimmt (nur Pst),1,20,24
493335,2020-07-31,622,Voitsberg,Frauen,bis 19 Jahre,B9999,unbestimmt (nur Pst),4,0,19
493353,2020-07-31,622,Voitsberg,Frauen,20 bis 24 Jahre,B9999,unbestimmt (nur Pst),1,20,24
493669,2020-07-31,630,Graz-West und Umgebung,Frauen,bis 19 Jahre,B9999,unbestimmt (nur Pst),2,0,19
493719,2020-07-31,630,Graz-West und Umgebung,Frauen,20 bis 24 Jahre,B9999,unbestimmt (nur Pst),7,20,24
493977,2020-07-31,630,Graz-West und Umgebung,Frauen,50 bis 54 Jahre,B9999,unbestimmt (nur Pst),1,50,54
494037,2020-07-31,630,Graz-West und Umgebung,Männer,bis 19 Jahre,B9999,unbestimmt (nur Pst),9,0,19
494113,2020-07-31,630,Graz-West und Umgebung,Männer,20 bis 24 Jahre,B9999,unbestimmt (nur Pst),1,20,24
494163,2020-07-31,630,Graz-West und Umgebung,Männer,25 bis 29 Jahre,B9999,unbestimmt (nur Pst),1,25,29
494216,2020-07-31,630,Graz-West und Umgebung,Männer,30 bis 34 Jahre,B9999,unbestimmt (nur Pst),1,30,34
494251,2020-07-31,630,Graz-West und Umgebung,Männer,35 bis 39 Jahre,B9999,unbestimmt (nur Pst),2,35,39
494361,2020-07-31,631,Graz-Ost,Frauen,bis 19 Jahre,B9999,unbestimmt (nur Pst),3,0,19
494388,2020-07-31,631,Graz-Ost,Frauen,20 bis 24 Jahre,B9999,unbestimmt (nur Pst),2,20,24
494454,2020-07-31,631,Graz-Ost,Frauen,30 bis 34 Jahre,B9999,unbestimmt (nur Pst),1,30,34
494576,2020-07-31,631,Graz-Ost,Männer,bis 19 Jahre,B9999,unbestimmt (nur Pst),2,0,19
494625,2020-07-31,631,Graz-Ost,Männer,20 bis 24 Jahre,B9999,unbestimmt (nur Pst),1,20,24
494697,2020-07-31,631,Graz-Ost,Männer,30 bis 34 Jahre,B9999,unbestimmt (nur Pst),1,30,34
494826,2020-07-31,701,Imst,Frauen,50 bis 54 Jahre,B9999,unbestimmt (nur Pst),1,50,54
494835,2020-07-31,701,Imst,Männer,bis 19 Jahre,B9999,unbestimmt (nur Pst),3,0,19
494905,2020-07-31,702,Innsbruck,Frauen,20 bis 24 Jahre,B9999,unbestimmt (nur Pst),2,20,24
494929,2020-07-31,702,Innsbruck,Frauen,25 bis 29 Jahre,B9999,unbestimmt (nur Pst),4,25,29
494956,2020-07-31,702,Innsbruck,Frauen,30 bis 34 Jahre,B9999,unbestimmt (nur Pst),2,30,34
495004,2020-07-31,702,Innsbruck,Frauen,40 bis 44 Jahre,B9999,unbestimmt (nur Pst),1,40,44
495024,2020-07-31,702,Innsbruck,Frauen,45 bis 49 Jahre,B9999,unbestimmt (nur Pst),2,45,49
495103,2020-07-31,702,Innsbruck,Männer,20 bis 24 Jahre,B9999,unbestimmt (nur Pst),2,20,24
495167,2020-07-31,702,Innsbruck,Männer,35 bis 39 Jahre,B9999,unbestimmt (nur Pst),3,35,39
495200,2020-07-31,702,Innsbruck,Männer,45 bis 49 Jahre,B9999,unbestimmt (nur Pst),1,45,49
495221,2020-07-31,702,Innsbruck,Männer,50 bis 54 Jahre,B9999,unbestimmt (nur Pst),1,50,54
495233,2020-07-31,702,Innsbruck,Männer,55 bis 59 Jahre,B9999,unbestimmt (nur Pst),2,55,59
495244,2020-07-31,704,Kitzbühel,Frauen,bis 19 Jahre,B9999,unbestimmt (nur Pst),1,0,19
495269,2020-07-31,704,Kitzbühel,Männer,bis 19 Jahre,B9999,unbestimmt (nur Pst),1,0,19
495312,2020-07-31,705,Kufstein,Frauen,bis 19 Jahre,B9999,unbestimmt (nur Pst),5,0,19
495326,2020-07-31,705,Kufstein,Frauen,20 bis 24 Jahre,B9999,unbestimmt (nur Pst),2,20,24
495404,2020-07-31,705,Kufstein,Männer,bis 19 Jahre,B9999,unbestimmt (nur Pst),5,0,19
495428,2020-07-31,705,Kufstein,Männer,20 bis 24 Jahre,B9999,unbestimmt (nur Pst),2,20,24
495442,2020-07-31,705,Kufstein,Männer,25 bis 29 Jahre,B9999,unbestimmt (nur Pst),2,25,29
495491,2020-07-31,706,Landeck,Frauen,bis 19 Jahre,B9999,unbestimmt (nur Pst),1,0,19
495527,2020-07-31,706,Landeck,Männer,bis 19 Jahre,B9999,unbestimmt (nur Pst),1,0,19
495530,2020-07-31,706,Landeck,Männer,20 bis 24 Jahre,B9999,unbestimmt (nur Pst),2,20,24
495549,2020-07-31,707,Lienz,Frauen,bis 19 Jahre,B9999,unbestimmt (nur Pst),1,0,19
495588,2020-07-31,707,Lienz,Männer,bis 19 Jahre,B9999,unbestimmt (nur Pst),1,0,19
495595,2020-07-31,707,Lienz,Männer,20 bis 24 Jahre,B9999,unbestimmt (nur Pst),1,20,24
495601,2020-07-31,707,Lienz,Männer,30 bis 34 Jahre,B9999,unbestimmt (nur Pst),1,30,34
495659,2020-07-31,709,Schwaz,Frauen,bis 19 Jahre,B9999,unbestimmt (nur Pst),3,0,19
495705,2020-07-31,709,Schwaz,Frauen,40 bis 44 Jahre,B9999,unbestimmt (nur Pst),1,40,44
495711,2020-07-31,709,Schwaz,Frauen,45 bis 49 Jahre,B9999,unbestimmt (nur Pst),1,45,49
495716,2020-07-31,709,Schwaz,Frauen,50 bis 54 Jahre,B9999,unbestimmt (nur Pst),1,50,54
495731,2020-07-31,709,Schwaz,Männer,bis 19 Jahre,B9999,unbestimmt (nur Pst),3,0,19
495761,2020-07-31,709,Schwaz,Männer,35 bis 39 Jahre,B9999,unbestimmt (nur Pst),1,35,39
495797,2020-07-31,801,Bludenz,Frauen,20 bis 24 Jahre,B9999,unbestimmt (nur Pst),1,20,24
495903,2020-07-31,801,Bludenz,Männer,25 bis 29 Jahre,B9999,unbestimmt (nur Pst),1,25,29
495936,2020-07-31,801,Bludenz,Männer,50 bis 54 Jahre,B9999,unbestimmt (nur Pst),1,50,54
495979,2020-07-31,802,Bregenz,Frauen,20 bis 24 Jahre,B9999,unbestimmt (nur Pst),3,20,24
496150,2020-07-31,802,Bregenz,Männer,20 bis 24 Jahre,B9999,unbestimmt (nur Pst),1,20,24
496178,2020-07-31,802,Bregenz,Männer,25 bis 29 Jahre,B9999,unbestimmt (nur Pst),1,25,29
496268,2020-07-31,802,Bregenz,Männer,55 bis 59 Jahre,B9999,unbestimmt (nur Pst),1,55,59
496285,2020-07-31,804,Dornbirn,Frauen,bis 19 Jahre,B9999,unbestimmt (nur Pst),1,0,19
496393,2020-07-31,804,Dornbirn,Frauen,45 bis 49 Jahre,B9999,unbestimmt (nur Pst),1,45,49
496454,2020-07-31,804,Dornbirn,Männer,20 bis 24 Jahre,B9999,unbestimmt (nur Pst),1,20,24
496522,2020-07-31,804,Dornbirn,Männer,50 bis 54 Jahre,B9999,unbestimmt (nur Pst),1,50,54
496540,2020-07-31,805,Feldkirch,Frauen,bis 19 Jahre,B9999,unbestimmt (nur Pst),3,0,19
496564,2020-07-31,805,Feldkirch,Frauen,20 bis 24 Jahre,B9999,unbestimmt (nur Pst),1,20,24
496588,2020-07-31,805,Feldkirch,Frauen,25 bis 29 Jahre,B9999,unbestimmt (nur Pst),3,25,29
496619,2020-07-31,805,Feldkirch,Frauen,35 bis 39 Jahre,B9999,unbestimmt (nur Pst),1,35,39
496658,2020-07-31,805,Feldkirch,Frauen,45 bis 49 Jahre,B9999,unbestimmt (nur Pst),2,45,49
496668,2020-07-31,805,Feldkirch,Frauen,50 bis 54 Jahre,B9999,unbestimmt (nur Pst),1,50,54
496699,2020-07-31,805,Feldkirch,Männer,bis 19 Jahre,B9999,unbestimmt (nur Pst),7,0,19
496728,2020-07-31,805,Feldkirch,Männer,20 bis 24 Jahre,B9999,unbestimmt (nur Pst),1,20,24
496752,2020-07-31,805,Feldkirch,Männer,25 bis 29 Jahre,B9999,unbestimmt (nur Pst),3,25,29
496782,2020-07-31,805,Feldkirch,Männer,35 bis 39 Jahre,B9999,unbestimmt (nur Pst),3,35,39
497053,2020-07-31,958,Wien Johnstraße,Männer,20 bis 24 Jahre,B9999,unbestimmt (nur Pst),1,20,24
497401,2020-07-31,959,Wien Hauffgasse,Frauen,40 bis 44 Jahre,B9999,unbestimmt (nur Pst),1,40,44
497683,2020-07-31,960,Wien Esteplatz,Frauen,20 bis 24 Jahre,B9999,unbestimmt (nur Pst),1,20,24
498136,2020-07-31,962,Wien Redergasse,Frauen,20 bis 24 Jahre,B9999,unbestimmt (nur Pst),1,20,24
499142,2020-07-31,964,Wien Favoritenstraße,Frauen,30 bis 34 Jahre,B9999,unbestimmt (nur Pst),1,30,34
499684,2020-07-31,965,Wien Schönbrunner Straße,Frauen,20 bis 24 Jahre,B9999,unbestimmt (nur Pst),1,20,24
499765,2020-07-31,965,Wien Schönbrunner Straße,Frauen,30 bis 34 Jahre,B9999,unbestimmt (nur Pst),1,30,34
500061,2020-07-31,965,Wien Schönbrunner Straße,Männer,30 bis 34 Jahre,B9999,unbestimmt (nur Pst),1,30,34
500196,2020-07-31,965,Wien Schönbrunner Straße,Männer,50 bis 54 Jahre,B9999,unbestimmt (nur Pst),1,50,54
500357,2020-07-31,966,Wien Hietzinger Kai,Frauen,35 bis 39 Jahre,B9999,unbestimmt (nur Pst),1,35,39
500746,2020-07-31,967,Wien Huttengasse,Frauen,20 bis 24 Jahre,B9999,unbestimmt (nur Pst),1,20,24
501131,2020-07-31,967,Wien Huttengasse,Männer,30 bis 34 Jahre,B9999,unbestimmt (nur Pst),1,30,34
501187,2020-07-31,967,Wien Huttengasse,Männer,35 bis 39 Jahre,B9999,unbestimmt (nur Pst),1,35,39
501829,2020-07-31,969,Wien-Wagramer Straße,Frauen,20 bis 24 Jahre,B9999,unbestimmt (nur Pst),1,20,24
502453,2020-07-31,970,Wien Jugendliche,Frauen,bis 19 Jahre,B9999,unbestimmt (nur Pst),18,0,19
502524,2020-07-31,970,Wien Jugendliche,Frauen,20 bis 24 Jahre,B9999,unbestimmt (nur Pst),3,20,24
502610,2020-07-31,970,Wien Jugendliche,Männer,bis 19 Jahre,B9999,unbestimmt (nur Pst),13,0,19
502695,2020-07-31,970,Wien Jugendliche,Männer,20 bis 24 Jahre,B9999,unbestimmt (nur Pst),3,20,24
502714,2020-07-31,974,Wien Austria Campus,Frauen,20 bis 24 Jahre,B9999,unbestimmt (nur Pst),1,20,24
502802,2020-07-31,974,Wien Austria Campus,Frauen,35 bis 39 Jahre,B9999,unbestimmt (nur Pst),1,35,39
502931,2020-07-31,974,Wien Austria Campus,Männer,25 bis 29 Jahre,B9999,unbestimmt (nur Pst),1,25,29
503003,2020-07-31,974,Wien Austria Campus,Männer,35 bis 39 Jahre,B9999,unbestimmt (nur Pst),2,35,39
503555,2020-08-31,101,Eisenstadt,Männer,bis 19 Jahre,B9999,unbestimmt (nur Pst),2,0,19
503708,2020-08-31,102,Mattersburg,Männer,25 bis 29 Jahre,B9999,unbestimmt (nur Pst),1,25,29
503995,2020-08-31,105,Oberwart,Frauen,bis 19 Jahre,B9999,unbestimmt (nur Pst),1,0,19
504217,2020-08-31,106,Stegersbach,Frauen,20 bis 24 Jahre,B9999,unbestimmt (nur Pst),1,20,24
504300,2020-08-31,107,Jennersdorf,Frauen,bis 19 Jahre,B9999,unbestimmt (nur Pst),1,0,19
504451,2020-08-31,203,Klagenfurt,Frauen,bis 19 Jahre,B9999,unbestimmt (nur Pst),2,0,19
504544,2020-08-31,203,Klagenfurt,Frauen,35 bis 39 Jahre,B9999,unbestimmt (nur Pst),1,35,39
504568,2020-08-31,203,Klagenfurt,Frauen,40 bis 44 Jahre,B9999,unbestimmt (nur Pst),1,40,44
504589,2020-08-31,203,Klagenfurt,Frauen,45 bis 49 Jahre,B9999,unbestimmt (nur Pst),1,45,49
504605,2020-08-31,203,Klagenfurt,Frauen,50 bis 54 Jahre,B9999,unbestimmt (nur Pst),1,50,54
504647,2020-08-31,203,Klagenfurt,Männer,bis 19 Jahre,B9999,unbestimmt (nur Pst),4,0,19
504682,2020-08-31,203,Klagenfurt,Männer,20 bis 24 Jahre,B9999,unbestimmt (nur Pst),1,20,24
504718,2020-08-31,203,Klagenfurt,Männer,30 bis 34 Jahre,B9999,unbestimmt (nur Pst),1,30,34
504736,2020-08-31,203,Klagenfurt,Männer,35 bis 39 Jahre,B9999,unbestimmt (nur Pst),1,35,39
504763,2020-08-31,203,Klagenfurt,Männer,45 bis 49 Jahre,B9999,unbestimmt (nur Pst),1,45,49
504785,2020-08-31,203,Klagenfurt,Männer,55 bis 59 Jahre,B9999,unbestimmt (nur Pst),1,55,59
504794,2020-08-31,204,Spittal/Drau,Frauen,bis 19 Jahre,B9999,unbestimmt (nur Pst),2,0,19
504873,2020-08-31,204,Spittal/Drau,Männer,bis 19 Jahre,B9999,unbestimmt (nur Pst),3,0,19
504940,2020-08-31,205,St. Veit/Glan,Frauen,bis 19 Jahre,B9999,unbestimmt (nur Pst),1,0,19
505007,2020-08-31,205,St. Veit/Glan,Männer,bis 19 Jahre,B9999,unbestimmt (nur Pst),1,0,19
505023,2020-08-31,205,St. Veit/Glan,Männer,20 bis 24 Jahre,B9999,unbestimmt (nur Pst),1,20,24
505421,2020-08-31,207,Völkermarkt,Männer,bis 19 Jahre,B9999,unbestimmt (nur Pst),2,0,19
505553,2020-08-31,208,Wolfsberg,Männer,bis 19 Jahre,B9999,unbestimmt (nur Pst),3,0,19
505603,2020-08-31,301,Amstetten,Frauen,bis 19 Jahre,B9999,unbestimmt (nur Pst),8,0,19
505627,2020-08-31,301,Amstetten,Frauen,20 bis 24 Jahre,B9999,unbestimmt (nur Pst),2,20,24
505731,2020-08-31,301,Amstetten,Männer,bis 19 Jahre,B9999,unbestimmt (nur Pst),18,0,19
505780,2020-08-31,301,Amstetten,Männer,25 bis 29 Jahre,B9999,unbestimmt (nur Pst),1,25,29
505870,2020-08-31,304,Baden neu,Frauen,bis 19 Jahre,B9999,unbestimmt (nur Pst),4,0,19
505899,2020-08-31,304,Baden neu,Frauen,20 bis 24 Jahre,B9999,unbestimmt (nur Pst),8,20,24
505913,2020-08-31,304,Baden neu,Frauen,25 bis 29 Jahre,B9999,unbestimmt (nur Pst),1,25,29
505958,2020-08-31,304,Baden neu,Frauen,35 bis 39 Jahre,B9999,unbestimmt (nur Pst),1,35,39
506035,2020-08-31,304,Baden neu,Männer,bis 19 Jahre,B9999,unbestimmt (nur Pst),7,0,19
506072,2020-08-31,304,Baden neu,Männer,20 bis 24 Jahre,B9999,unbestimmt (nur Pst),1,20,24
506095,2020-08-31,304,Baden neu,Männer,25 bis 29 Jahre,B9999,unbestimmt (nur Pst),1,25,29
506196,2020-08-31,306,Bruck/Leitha,Frauen,bis 19 Jahre,B9999,unbestimmt (nur Pst),2,0,19
506205,2020-08-31,306,Bruck/Leitha,Frauen,20 bis 24 Jahre,B9999,unbestimmt (nur Pst),1,20,24
506264,2020-08-31,306,Bruck/Leitha,Männer,bis 19 Jahre,B9999,unbestimmt (nur Pst),5,0,19
506339,2020-08-31,308,Gänserndorf,Frauen,bis 19 Jahre,B9999,unbestimmt (nur Pst),3,0,19
506390,2020-08-31,308,Gänserndorf,Frauen,25 bis 29 Jahre,B9999,unbestimmt (nur Pst),1,25,29
506427,2020-08-31,308,Gänserndorf,Frauen,35 bis 39 Jahre,B9999,unbestimmt (nur Pst),1,35,39
506504,2020-08-31,308,Gänserndorf,Männer,bis 19 Jahre,B9999,unbestimmt (nur Pst),3,0,19
506539,2020-08-31,308,Gänserndorf,Männer,20 bis 24 Jahre,B9999,unbestimmt (nur Pst),1,20,24
506688,2020-08-31,311,Gmünd,Männer,bis 19 Jahre,B9999,unbestimmt (nur Pst),1,0,19
506737,2020-08-31,312,Hollabrunn,Frauen,bis 19 Jahre,B9999,unbestimmt (nur Pst),1,0,19
506751,2020-08-31,312,Hollabrunn,Frauen,20 bis 24 Jahre,B9999,unbestimmt (nur Pst),1,20,24
506767,2020-08-31,312,Hollabrunn,Frauen,25 bis 29 Jahre,B9999,unbestimmt (nur Pst),2,25,29
506828,2020-08-31,312,Hollabrunn,Männer,bis 19 Jahre,B9999,unbestimmt (nur Pst),1,0,19
506837,2020-08-31,312,Hollabrunn,Männer,20 bis 24 Jahre,B9999,unbestimmt (nur Pst),1,20,24
506883,2020-08-31,313,Horn,Frauen,bis 19 Jahre,B9999,unbestimmt (nur Pst),1,0,19
506891,2020-08-31,313,Horn,Frauen,20 bis 24 Jahre,B9999,unbestimmt (nur Pst),2,20,24
506928,2020-08-31,313,Horn,Männer,bis 19 Jahre,B9999,unbestimmt (nur Pst),2,0,19
506943,2020-08-31,313,Horn,Männer,20 bis 24 Jahre,B9999,unbestimmt (nur Pst),1,20,24
506949,2020-08-31,313,Horn,Männer,25 bis 29 Jahre,B9999,unbestimmt (nur Pst),1,25,29
506979,2020-08-31,314,Korneuburg,Frauen,bis 19 Jahre,B9999,unbestimmt (nur Pst),2,0,19
507004,2020-08-31,314,Korneuburg,Frauen,20 bis 24 Jahre,B9999,unbestimmt (nur Pst),1,20,24
507121,2020-08-31,314,Korneuburg,Männer,bis 19 Jahre,B9999,unbestimmt (nur Pst),9,0,19
507216,2020-08-31,315,Krems,Frauen,bis 19 Jahre,B9999,unbestimmt (nur Pst),2,0,19
507234,2020-08-31,315,Krems,Frauen,20 bis 24 Jahre,B9999,unbestimmt (nur Pst),1,20,24
507322,2020-08-31,315,Krems,Männer,bis 19 Jahre,B9999,unbestimmt (nur Pst),3,0,19
507422,2020-08-31,316,Lilienfeld,Frauen,bis 19 Jahre,B9999,unbestimmt (nur Pst),1,0,19
507452,2020-08-31,316,Lilienfeld,Frauen,40 bis 44 Jahre,B9999,unbestimmt (nur Pst),1,40,44
507459,2020-08-31,316,Lilienfeld,Frauen,45 bis 49 Jahre,B9999,unbestimmt (nur Pst),1,45,49
507561,2020-08-31,317,Melk,Frauen,30 bis 34 Jahre,B9999,unbestimmt (nur Pst),1,30,34
507726,2020-08-31,319,Mistelbach,Frauen,bis 19 Jahre,B9999,unbestimmt (nur Pst),5,0,19
507737,2020-08-31,319,Mistelbach,Frauen,20 bis 24 Jahre,B9999,unbestimmt (nur Pst),2,20,24
507801,2020-08-31,319,Mistelbach,Männer,bis 19 Jahre,B9999,unbestimmt (nur Pst),1,0,19
507883,2020-08-31,321,Mödling,Frauen,bis 19 Jahre,B9999,unbestimmt (nur Pst),1,0,19
507910,2020-08-31,321,Mödling,Frauen,20 bis 24 Jahre,B9999,unbestimmt (nur Pst),2,20,24
507922,2020-08-31,321,Mödling,Frauen,25 bis 29 Jahre,B9999,unbestimmt (nur Pst),1,25,29
507975,2020-08-31,321,Mödling,Frauen,45 bis 49 Jahre,B9999,unbestimmt (nur Pst),1,45,49
508018,2020-08-31,321,Mödling,Männer,bis 19 Jahre,B9999,unbestimmt (nur Pst),4,0,19
508056,2020-08-31,321,Mödling,Männer,20 bis 24 Jahre,B9999,unbestimmt (nur Pst),4,20,24
508157,2020-08-31,323,Neunkirchen,Frauen,bis 19 Jahre,B9999,unbestimmt (nur Pst),3,0,19
508415,2020-08-31,326,St. Pölten,Frauen,bis 19 Jahre,B9999,unbestimmt (nur Pst),6,0,19
508442,2020-08-31,326,St. Pölten,Frauen,20 bis 24 Jahre,B9999,unbestimmt (nur Pst),1,20,24
508463,2020-08-31,326,St. Pölten,Frauen,25 bis 29 Jahre,B9999,unbestimmt (nur Pst),1,25,29
508599,2020-08-31,326,St. Pölten,Männer,bis 19 Jahre,B9999,unbestimmt (nur Pst),9,0,19
508640,2020-08-31,326,St. Pölten,Männer,20 bis 24 Jahre,B9999,unbestimmt (nur Pst),1,20,24
508785,2020-08-31,328,Scheibbs,Frauen,bis 19 Jahre,B9999,unbestimmt (nur Pst),2,0,19
508794,2020-08-31,328,Scheibbs,Frauen,20 bis 24 Jahre,B9999,unbestimmt (nur Pst),2,20,24
508834,2020-08-31,328,Scheibbs,Männer,bis 19 Jahre,B9999,unbestimmt (nur Pst),6,0,19
508883,2020-08-31,329,Schwechat,Frauen,bis 19 Jahre,B9999,unbestimmt (nur Pst),2,0,19
508900,2020-08-31,329,Schwechat,Frauen,20 bis 24 Jahre,B9999,unbestimmt (nur Pst),1,20,24
508988,2020-08-31,329,Schwechat,Männer,bis 19 Jahre,B9999,unbestimmt (nur Pst),2,0,19
509079,2020-08-31,331,Tulln,Frauen,bis 19 Jahre,B9999,unbestimmt (nur Pst),8,0,19
509181,2020-08-31,331,Tulln,Männer,bis 19 Jahre,B9999,unbestimmt (nur Pst),7,0,19
509198,2020-08-31,331,Tulln,Männer,20 bis 24 Jahre,B9999,unbestimmt (nur Pst),2,20,24
509261,2020-08-31,332,Waidhofen/Thaya,Frauen,bis 19 Jahre,B9999,unbestimmt (nur Pst),2,0,19
509319,2020-08-31,332,Waidhofen/Thaya,Männer,bis 19 Jahre,B9999,unbestimmt (nur Pst),2,0,19
509390,2020-08-31,333,Waidhofen/Ybbs,Männer,bis 19 Jahre,B9999,unbestimmt (nur Pst),3,0,19
509438,2020-08-31,334,Wr. Neustadt,Frauen,bis 19 Jahre,B9999,unbestimmt (nur Pst),3,0,19
509459,2020-08-31,334,Wr. Neustadt,Frauen,20 bis 24 Jahre,B9999,unbestimmt (nur Pst),1,20,24
509597,2020-08-31,334,Wr. Neustadt,Männer,bis 19 Jahre,B9999,unbestimmt (nur Pst),3,0,19
509853,2020-08-31,401,Braunau,Frauen,bis 19 Jahre,B9999,unbestimmt (nur Pst),5,0,19
509877,2020-08-31,401,Braunau,Frauen,20 bis 24 Jahre,B9999,unbestimmt (nur Pst),3,20,24
509896,2020-08-31,401,Braunau,Frauen,25 bis 29 Jahre,B9999,unbestimmt (nur Pst),1,25,29
509985,2020-08-31,401,Braunau,Männer,bis 19 Jahre,B9999,unbestimmt (nur Pst),16,0,19
510015,2020-08-31,401,Braunau,Männer,20 bis 24 Jahre,B9999,unbestimmt (nur Pst),5,20,24
510045,2020-08-31,401,Braunau,Männer,30 bis 34 Jahre,B9999,unbestimmt (nur Pst),1,30,34
510106,2020-08-31,402,Eferding,Frauen,bis 19 Jahre,B9999,unbestimmt (nur Pst),1,0,19
510392,2020-08-31,404,Gmunden,Frauen,bis 19 Jahre,B9999,unbestimmt (nur Pst),5,0,19
510531,2020-08-31,404,Gmunden,Männer,bis 19 Jahre,B9999,unbestimmt (nur Pst),4,0,19
510664,2020-08-31,406,Grieskirchen,Frauen,bis 19 Jahre,B9999,unbestimmt (nur Pst),1,0,19
510812,2020-08-31,407,Kirchdorf/Krems,Frauen,bis 19 Jahre,B9999,unbestimmt (nur Pst),3,0,19
510843,2020-08-31,407,Kirchdorf/Krems,Frauen,25 bis 29 Jahre,B9999,unbestimmt (nur Pst),1,25,29
510863,2020-08-31,407,Kirchdorf/Krems,Frauen,35 bis 39 Jahre,B9999,unbestimmt (nur Pst),1,35,39
510906,2020-08-31,407,Kirchdorf/Krems,Männer,bis 19 Jahre,B9999,unbestimmt (nur Pst),2,0,19
510989,2020-08-31,409,Linz neu,Frauen,bis 19 Jahre,B9999,unbestimmt (nur Pst),9,0,19
511034,2020-08-31,409,Linz neu,Frauen,20 bis 24 Jahre,B9999,unbestimmt (nur Pst),4,20,24
511079,2020-08-31,409,Linz neu,Frauen,25 bis 29 Jahre,B9999,unbestimmt (nur Pst),4,25,29
511118,2020-08-31,409,Linz neu,Frauen,30 bis 34 Jahre,B9999,unbestimmt (nur Pst),2,30,34
511158,2020-08-31,409,Linz neu,Frauen,35 bis 39 Jahre,B9999,unbestimmt (nur Pst),3,35,39
511194,2020-08-31,409,Linz neu,Frauen,40 bis 44 Jahre,B9999,unbestimmt (nur Pst),1,40,44
511245,2020-08-31,409,Linz neu,Frauen,50 bis 54 Jahre,B9999,unbestimmt (nur Pst),1,50,54
511302,2020-08-31,409,Linz neu,Männer,bis 19 Jahre,B9999,unbestimmt (nur Pst),21,0,19
511358,2020-08-31,409,Linz neu,Männer,20 bis 24 Jahre,B9999,unbestimmt (nur Pst),3,20,24
511410,2020-08-31,409,Linz neu,Männer,25 bis 29 Jahre,B9999,unbestimmt (nur Pst),2,25,29
511455,2020-08-31,409,Linz neu,Männer,30 bis 34 Jahre,B9999,unbestimmt (nur Pst),1,30,34
511495,2020-08-31,409,Linz neu,Männer,35 bis 39 Jahre,B9999,unbestimmt (nur Pst),1,35,39
511535,2020-08-31,409,Linz neu,Männer,40 bis 44 Jahre,B9999,unbestimmt (nur Pst),1,40,44
511574,2020-08-31,409,Linz neu,Männer,45 bis 49 Jahre,B9999,unbestimmt (nur Pst),1,45,49
511626,2020-08-31,409,Linz neu,Männer,55 bis 59 Jahre,B9999,unbestimmt (nur Pst),1,55,59
511659,2020-08-31,411,Perg,Frauen,20 bis 24 Jahre,B9999,unbestimmt (nur Pst),1,20,24
511694,2020-08-31,411,Perg,Frauen,35 bis 39 Jahre,B9999,unbestimmt (nur Pst),1,35,39
511767,2020-08-31,411,Perg,Männer,20 bis 24 Jahre,B9999,unbestimmt (nur Pst),1,20,24
511855,2020-08-31,412,Ried im Innkreis,Frauen,bis 19 Jahre,B9999,unbestimmt (nur Pst),5,0,19
511885,2020-08-31,412,Ried im Innkreis,Frauen,25 bis 29 Jahre,B9999,unbestimmt (nur Pst),1,25,29
511908,2020-08-31,412,Ried im Innkreis,Frauen,35 bis 39 Jahre,B9999,unbestimmt (nur Pst),1,35,39
511928,2020-08-31,412,Ried im Innkreis,Frauen,45 bis 49 Jahre,B9999,unbestimmt (nur Pst),1,45,49
511956,2020-08-31,412,Ried im Innkreis,Männer,bis 19 Jahre,B9999,unbestimmt (nur Pst),3,0,19
511985,2020-08-31,412,Ried im Innkreis,Männer,20 bis 24 Jahre,B9999,unbestimmt (nur Pst),3,20,24
511993,2020-08-31,412,Ried im Innkreis,Männer,25 bis 29 Jahre,B9999,unbestimmt (nur Pst),1,25,29
512125,2020-08-31,413,Rohrbach,Männer,bis 19 Jahre,B9999,unbestimmt (nur Pst),1,0,19
512163,2020-08-31,413,Rohrbach,Männer,35 bis 39 Jahre,B9999,unbestimmt (nur Pst),1,35,39
512328,2020-08-31,415,Steyr,Frauen,bis 19 Jahre,B9999,unbestimmt (nur Pst),9,0,19
512380,2020-08-31,415,Steyr,Frauen,25 bis 29 Jahre,B9999,unbestimmt (nur Pst),2,25,29
512407,2020-08-31,415,Steyr,Frauen,30 bis 34 Jahre,B9999,unbestimmt (nur Pst),1,30,34
512426,2020-08-31,415,Steyr,Frauen,35 bis 39 Jahre,B9999,unbestimmt (nur Pst),1,35,39
512466,2020-08-31,415,Steyr,Frauen,45 bis 49 Jahre,B9999,unbestimmt (nur Pst),1,45,49
512518,2020-08-31,415,Steyr,Männer,bis 19 Jahre,B9999,unbestimmt (nur Pst),8,0,19
512554,2020-08-31,415,Steyr,Männer,20 bis 24 Jahre,B9999,unbestimmt (nur Pst),2,20,24
512603,2020-08-31,415,Steyr,Männer,35 bis 39 Jahre,B9999,unbestimmt (nur Pst),1,35,39
512674,2020-08-31,418,Vöcklabruck,Frauen,bis 19 Jahre,B9999,unbestimmt (nur Pst),6,0,19
512693,2020-08-31,418,Vöcklabruck,Frauen,20 bis 24 Jahre,B9999,unbestimmt (nur Pst),1,20,24
512810,2020-08-31,418,Vöcklabruck,Männer,bis 19 Jahre,B9999,unbestimmt (nur Pst),4,0,19
512840,2020-08-31,418,Vöcklabruck,Männer,20 bis 24 Jahre,B9999,unbestimmt (nur Pst),1,20,24
512872,2020-08-31,418,Vöcklabruck,Männer,30 bis 34 Jahre,B9999,unbestimmt (nur Pst),1,30,34
512967,2020-08-31,419,Wels,Frauen,bis 19 Jahre,B9999,unbestimmt (nur Pst),1,0,19
512986,2020-08-31,419,Wels,Frauen,20 bis 24 Jahre,B9999,unbestimmt (nur Pst),1,20,24
513035,2020-08-31,419,Wels,Frauen,35 bis 39 Jahre,B9999,unbestimmt (nur Pst),2,35,39
513063,2020-08-31,419,Wels,Frauen,45 bis 49 Jahre,B9999,unbestimmt (nur Pst),1,45,49
513203,2020-08-31,419,Wels,Männer,40 bis 44 Jahre,B9999,unbestimmt (nur Pst),1,40,44
513257,2020-08-31,421,Traun,Frauen,bis 19 Jahre,B9999,unbestimmt (nur Pst),1,0,19
513279,2020-08-31,421,Traun,Frauen,20 bis 24 Jahre,B9999,unbestimmt (nur Pst),2,20,24
513343,2020-08-31,421,Traun,Frauen,35 bis 39 Jahre,B9999,unbestimmt (nur Pst),1,35,39
513439,2020-08-31,421,Traun,Männer,bis 19 Jahre,B9999,unbestimmt (nur Pst),1,0,19
513470,2020-08-31,421,Traun,Männer,20 bis 24 Jahre,B9999,unbestimmt (nur Pst),1,20,24
513514,2020-08-31,421,Traun,Männer,30 bis 34 Jahre,B9999,unbestimmt (nur Pst),1,30,34
513707,2020-08-31,501,Bischofshofen,Frauen,55 bis 59 Jahre,B9999,unbestimmt (nur Pst),1,55,59
513725,2020-08-31,501,Bischofshofen,Männer,bis 19 Jahre,B9999,unbestimmt (nur Pst),1,0,19
513968,2020-08-31,504,Salzburg,Frauen,20 bis 24 Jahre,B9999,unbestimmt (nur Pst),1,20,24
514126,2020-08-31,504,Salzburg,Frauen,50 bis 54 Jahre,B9999,unbestimmt (nur Pst),1,50,54
514409,2020-08-31,504,Salzburg,Männer,50 bis 54 Jahre,B9999,unbestimmt (nur Pst),1,50,54
514487,2020-08-31,506,Zell am See,Frauen,bis 19 Jahre,B9999,unbestimmt (nur Pst),1,0,19
514557,2020-08-31,506,Zell am See,Männer,bis 19 Jahre,B9999,unbestimmt (nur Pst),4,0,19
514571,2020-08-31,506,Zell am See,Männer,20 bis 24 Jahre,B9999,unbestimmt (nur Pst),3,20,24
514636,2020-08-31,601,Bruck/Mur,Frauen,bis 19 Jahre,B9999,unbestimmt (nur Pst),5,0,19
514655,2020-08-31,601,Bruck/Mur,Frauen,20 bis 24 Jahre,B9999,unbestimmt (nur Pst),2,20,24
514747,2020-08-31,601,Bruck/Mur,Männer,bis 19 Jahre,B9999,unbestimmt (nur Pst),4,0,19
514859,2020-08-31,603,Deutschlandsberg,Frauen,bis 19 Jahre,B9999,unbestimmt (nur Pst),1,0,19
515043,2020-08-31,604,Feldbach,Frauen,bis 19 Jahre,B9999,unbestimmt (nur Pst),3,0,19
515114,2020-08-31,604,Feldbach,Frauen,40 bis 44 Jahre,B9999,unbestimmt (nur Pst),1,40,44
515236,2020-08-31,606,Gleisdorf,Frauen,bis 19 Jahre,B9999,unbestimmt (nur Pst),1,0,19
515251,2020-08-31,606,Gleisdorf,Frauen,20 bis 24 Jahre,B9999,unbestimmt (nur Pst),1,20,24
515337,2020-08-31,606,Gleisdorf,Männer,20 bis 24 Jahre,B9999,unbestimmt (nur Pst),2,20,24
515382,2020-08-31,609,Hartberg,Frauen,bis 19 Jahre,B9999,unbestimmt (nur Pst),1,0,19
515522,2020-08-31,609,Hartberg,Männer,bis 19 Jahre,B9999,unbestimmt (nur Pst),2,0,19
515542,2020-08-31,609,Hartberg,Männer,20 bis 24 Jahre,B9999,unbestimmt (nur Pst),1,20,24
515669,2020-08-31,610,Judenburg,Frauen,bis 19 Jahre,B9999,unbestimmt (nur Pst),1,0,19
515779,2020-08-31,610,Judenburg,Männer,bis 19 Jahre,B9999,unbestimmt (nur Pst),2,0,19
515804,2020-08-31,610,Judenburg,Männer,20 bis 24 Jahre,B9999,unbestimmt (nur Pst),3,20,24
515900,2020-08-31,611,Murau,Frauen,20 bis 24 Jahre,B9999,unbestimmt (nur Pst),3,20,24
515948,2020-08-31,611,Murau,Männer,35 bis 39 Jahre,B9999,unbestimmt (nur Pst),1,35,39
515969,2020-08-31,614,Leibnitz,Frauen,bis 19 Jahre,B9999,unbestimmt (nur Pst),2,0,19
516122,2020-08-31,614,Leibnitz,Männer,20 bis 24 Jahre,B9999,unbestimmt (nur Pst),1,20,24
516242,2020-08-31,616,Leoben,Frauen,20 bis 24 Jahre,B9999,unbestimmt (nur Pst),1,20,24
516253,2020-08-31,616,Leoben,Frauen,25 bis 29 Jahre,B9999,unbestimmt (nur Pst),1,25,29
516334,2020-08-31,616,Leoben,Männer,bis 19 Jahre,B9999,unbestimmt (nur Pst),2,0,19
516357,2020-08-31,616,Leoben,Männer,20 bis 24 Jahre,B9999,unbestimmt (nur Pst),1,20,24
516429,2020-08-31,618,Liezen,Frauen,bis 19 Jahre,B9999,unbestimmt (nur Pst),1,0,19
516620,2020-08-31,621,Mürzzuschlag,Frauen,bis 19 Jahre,B9999,unbestimmt (nur Pst),1,0,19
516638,2020-08-31,621,Mürzzuschlag,Frauen,20 bis 24 Jahre,B9999,unbestimmt (nur Pst),1,20,24
516669,2020-08-31,621,Mürzzuschlag,Frauen,40 bis 44 Jahre,B9999,unbestimmt (nur Pst),1,40,44
516694,2020-08-31,621,Mürzzuschlag,Männer,bis 19 Jahre,B9999,unbestimmt (nur Pst),2,0,19
516711,2020-08-31,621,Mürzzuschlag,Männer,20 bis 24 Jahre,B9999,unbestimmt (nur Pst),1,20,24
516778,2020-08-31,622,Voitsberg,Frauen,bis 19 Jahre,B9999,unbestimmt (nur Pst),4,0,19
516795,2020-08-31,622,Voitsberg,Frauen,20 bis 24 Jahre,B9999,unbestimmt (nur Pst),1,20,24
517052,2020-08-31,623,Weiz,Männer,35 bis 39 Jahre,B9999,unbestimmt (nur Pst),1,35,39
517112,2020-08-31,630,Graz-West und Umgebung,Frauen,bis 19 Jahre,B9999,unbestimmt (nur Pst),3,0,19
517166,2020-08-31,630,Graz-West und Umgebung,Frauen,20 bis 24 Jahre,B9999,unbestimmt (nur Pst),7,20,24
517462,2020-08-31,630,Graz-West und Umgebung,Männer,bis 19 Jahre,B9999,unbestimmt (nur Pst),8,0,19
517536,2020-08-31,630,Graz-West und Umgebung,Männer,20 bis 24 Jahre,B9999,unbestimmt (nur Pst),1,20,24
517587,2020-08-31,630,Graz-West und Umgebung,Männer,25 bis 29 Jahre,B9999,unbestimmt (nur Pst),1,25,29
517635,2020-08-31,630,Graz-West und Umgebung,Männer,30 bis 34 Jahre,B9999,unbestimmt (nur Pst),1,30,34
517677,2020-08-31,630,Graz-West und Umgebung,Männer,35 bis 39 Jahre,B9999,unbestimmt (nur Pst),2,35,39
517789,2020-08-31,631,Graz-Ost,Frauen,bis 19 Jahre,B9999,unbestimmt (nur Pst),1,0,19
517823,2020-08-31,631,Graz-Ost,Frauen,20 bis 24 Jahre,B9999,unbestimmt (nur Pst),2,20,24
517995,2020-08-31,631,Graz-Ost,Männer,bis 19 Jahre,B9999,unbestimmt (nur Pst),3,0,19
518046,2020-08-31,631,Graz-Ost,Männer,20 bis 24 Jahre,B9999,unbestimmt (nur Pst),1,20,24
518243,2020-08-31,701,Imst,Frauen,50 bis 54 Jahre,B9999,unbestimmt (nur Pst),1,50,54
518251,2020-08-31,701,Imst,Männer,bis 19 Jahre,B9999,unbestimmt (nur Pst),3,0,19
518270,2020-08-31,701,Imst,Männer,50 bis 54 Jahre,B9999,unbestimmt (nur Pst),1,50,54
518316,2020-08-31,702,Innsbruck,Frauen,20 bis 24 Jahre,B9999,unbestimmt (nur Pst),2,20,24
518342,2020-08-31,702,Innsbruck,Frauen,25 bis 29 Jahre,B9999,unbestimmt (nur Pst),5,25,29
518371,2020-08-31,702,Innsbruck,Frauen,30 bis 34 Jahre,B9999,unbestimmt (nur Pst),2,30,34
518413,2020-08-31,702,Innsbruck,Frauen,40 bis 44 Jahre,B9999,unbestimmt (nur Pst),1,40,44
518432,2020-08-31,702,Innsbruck,Frauen,45 bis 49 Jahre,B9999,unbestimmt (nur Pst),2,45,49
518515,2020-08-31,702,Innsbruck,Männer,20 bis 24 Jahre,B9999,unbestimmt (nur Pst),2,20,24
518582,2020-08-31,702,Innsbruck,Männer,35 bis 39 Jahre,B9999,unbestimmt (nur Pst),2,35,39
518648,2020-08-31,702,Innsbruck,Männer,55 bis 59 Jahre,B9999,unbestimmt (nur Pst),1,55,59
518657,2020-08-31,704,Kitzbühel,Frauen,bis 19 Jahre,B9999,unbestimmt (nur Pst),1,0,19
518686,2020-08-31,704,Kitzbühel,Männer,bis 19 Jahre,B9999,unbestimmt (nur Pst),1,0,19
518732,2020-08-31,705,Kufstein,Frauen,bis 19 Jahre,B9999,unbestimmt (nur Pst),5,0,19
518747,2020-08-31,705,Kufstein,Frauen,20 bis 24 Jahre,B9999,unbestimmt (nur Pst),2,20,24
518828,2020-08-31,705,Kufstein,Männer,bis 19 Jahre,B9999,unbestimmt (nur Pst),8,0,19
518849,2020-08-31,705,Kufstein,Männer,20 bis 24 Jahre,B9999,unbestimmt (nur Pst),2,20,24
518863,2020-08-31,705,Kufstein,Männer,25 bis 29 Jahre,B9999,unbestimmt (nur Pst),2,25,29
518910,2020-08-31,706,Landeck,Frauen,bis 19 Jahre,B9999,unbestimmt (nur Pst),2,0,19
518949,2020-08-31,706,Landeck,Männer,bis 19 Jahre,B9999,unbestimmt (nur Pst),1,0,19
518952,2020-08-31,706,Landeck,Männer,20 bis 24 Jahre,B9999,unbestimmt (nur Pst),1,20,24
518970,2020-08-31,707,Lienz,Frauen,bis 19 Jahre,B9999,unbestimmt (nur Pst),1,0,19
519009,2020-08-31,707,Lienz,Männer,bis 19 Jahre,B9999,unbestimmt (nur Pst),1,0,19
519017,2020-08-31,707,Lienz,Männer,20 bis 24 Jahre,B9999,unbestimmt (nur Pst),1,20,24
519025,2020-08-31,707,Lienz,Männer,30 bis 34 Jahre,B9999,unbestimmt (nur Pst),1,30,34
519087,2020-08-31,709,Schwaz,Frauen,bis 19 Jahre,B9999,unbestimmt (nur Pst),5,0,19
519132,2020-08-31,709,Schwaz,Frauen,40 bis 44 Jahre,B9999,unbestimmt (nur Pst),1,40,44
519138,2020-08-31,709,Schwaz,Frauen,45 bis 49 Jahre,B9999,unbestimmt (nur Pst),1,45,49
519156,2020-08-31,709,Schwaz,Männer,bis 19 Jahre,B9999,unbestimmt (nur Pst),4,0,19
519187,2020-08-31,709,Schwaz,Männer,35 bis 39 Jahre,B9999,unbestimmt (nur Pst),1,35,39
519191,2020-08-31,709,Schwaz,Männer,40 bis 44 Jahre,B9999,unbestimmt (nur Pst),1,40,44
519218,2020-08-31,801,Bludenz,Frauen,20 bis 24 Jahre,B9999,unbestimmt (nur Pst),1,20,24
519317,2020-08-31,801,Bludenz,Männer,25 bis 29 Jahre,B9999,unbestimmt (nur Pst),1,25,29
519387,2020-08-31,802,Bregenz,Frauen,20 bis 24 Jahre,B9999,unbestimmt (nur Pst),2,20,24
519570,2020-08-31,802,Bregenz,Männer,25 bis 29 Jahre,B9999,unbestimmt (nur Pst),1,25,29
519650,2020-08-31,802,Bregenz,Männer,55 bis 59 Jahre,B9999,unbestimmt (nur Pst),1,55,59
519665,2020-08-31,804,Dornbirn,Frauen,bis 19 Jahre,B9999,unbestimmt (nur Pst),1,0,19
519770,2020-08-31,804,Dornbirn,Frauen,45 bis 49 Jahre,B9999,unbestimmt (nur Pst),1,45,49
519835,2020-08-31,804,Dornbirn,Männer,20 bis 24 Jahre,B9999,unbestimmt (nur Pst),1,20,24
519901,2020-08-31,804,Dornbirn,Männer,50 bis 54 Jahre,B9999,unbestimmt (nur Pst),1,50,54
519924,2020-08-31,805,Feldkirch,Frauen,bis 19 Jahre,B9999,unbestimmt (nur Pst),1,0,19
519971,2020-08-31,805,Feldkirch,Frauen,25 bis 29 Jahre,B9999,unbestimmt (nur Pst),2,25,29
520003,2020-08-31,805,Feldkirch,Frauen,35 bis 39 Jahre,B9999,unbestimmt (nur Pst),1,35,39
520044,2020-08-31,805,Feldkirch,Frauen,50 bis 54 Jahre,B9999,unbestimmt (nur Pst),1,50,54
520073,2020-08-31,805,Feldkirch,Männer,bis 19 Jahre,B9999,unbestimmt (nur Pst),5,0,19
520105,2020-08-31,805,Feldkirch,Männer,20 bis 24 Jahre,B9999,unbestimmt (nur Pst),1,20,24
520130,2020-08-31,805,Feldkirch,Männer,25 bis 29 Jahre,B9999,unbestimmt (nur Pst),3,25,29
520165,2020-08-31,805,Feldkirch,Männer,35 bis 39 Jahre,B9999,unbestimmt (nur Pst),1,35,39
520466,2020-08-31,958,Wien Johnstraße,Männer,20 bis 24 Jahre,B9999,unbestimmt (nur Pst),1,20,24
520511,2020-08-31,958,Wien Johnstraße,Männer,25 bis 29 Jahre,B9999,unbestimmt (nur Pst),1,25,29
521693,2020-08-31,962,Wien Redergasse,Frauen,20 bis 24 Jahre,B9999,unbestimmt (nur Pst),1,20,24
521960,2020-08-31,962,Wien Redergasse,Männer,20 bis 24 Jahre,B9999,unbestimmt (nur Pst),1,20,24
522303,2020-08-31,963,Wien Währinger Gürtel,Frauen,30 bis 34 Jahre,B9999,unbestimmt (nur Pst),1,30,34
523102,2020-08-31,964,Wien Favoritenstraße,Männer,25 bis 29 Jahre,B9999,unbestimmt (nur Pst),1,25,29
523430,2020-08-31,965,Wien Schönbrunner Straße,Frauen,20 bis 24 Jahre,B9999,unbestimmt (nur Pst),1,20,24
523519,2020-08-31,965,Wien Schönbrunner Straße,Frauen,30 bis 34 Jahre,B9999,unbestimmt (nur Pst),1,30,34
523729,2020-08-31,965,Wien Schönbrunner Straße,Männer,20 bis 24 Jahre,B9999,unbestimmt (nur Pst),1,20,24
523836,2020-08-31,965,Wien Schönbrunner Straße,Männer,30 bis 34 Jahre,B9999,unbestimmt (nur Pst),1,30,34
524005,2020-08-31,965,Wien Schönbrunner Straße,Männer,50 bis 54 Jahre,B9999,unbestimmt (nur Pst),1,50,54
524065,2020-08-31,966,Wien Hietzinger Kai,Frauen,20 bis 24 Jahre,B9999,unbestimmt (nur Pst),1,20,24
525101,2020-08-31,967,Wien Huttengasse,Männer,35 bis 39 Jahre,B9999,unbestimmt (nur Pst),1,35,39
525268,2020-08-31,968,Wien Schloßhofer Straße,Frauen,20 bis 24 Jahre,B9999,unbestimmt (nur Pst),1,20,24
525756,2020-08-31,968,Wien Schloßhofer Straße,Männer,50 bis 54 Jahre,B9999,unbestimmt (nur Pst),1,50,54
525813,2020-08-31,969,Wien-Wagramer Straße,Frauen,20 bis 24 Jahre,B9999,unbestimmt (nur Pst),1,20,24
526469,2020-08-31,970,Wien Jugendliche,Frauen,bis 19 Jahre,B9999,unbestimmt (nur Pst),21,0,19
526539,2020-08-31,970,Wien Jugendliche,Frauen,20 bis 24 Jahre,B9999,unbestimmt (nur Pst),3,20,24
526626,2020-08-31,970,Wien Jugendliche,Männer,bis 19 Jahre,B9999,unbestimmt (nur Pst),18,0,19
526714,2020-08-31,970,Wien Jugendliche,Männer,20 bis 24 Jahre,B9999,unbestimmt (nur Pst),3,20,24
526733,2020-08-31,974,Wien Austria Campus,Frauen,20 bis 24 Jahre,B9999,unbestimmt (nur Pst),1,20,24
526882,2020-08-31,974,Wien Austria Campus,Frauen,45 bis 49 Jahre,B9999,unbestimmt (nur Pst),1,45,49
526976,2020-08-31,974,Wien Austria Campus,Männer,25 bis 29 Jahre,B9999,unbestimmt (nur Pst),1,25,29
527058,2020-08-31,974,Wien Austria Campus,Männer,35 bis 39 Jahre,B9999,unbestimmt (nur Pst),1,35,39
527709,2020-09-30,101,Eisenstadt,Männer,bis 19 Jahre,B9999,unbestimmt (nur Pst),3,0,19
527887,2020-09-30,102,Mattersburg,Männer,25 bis 29 Jahre,B9999,unbestimmt (nur Pst),1,25,29
528240,2020-09-30,105,Oberwart,Frauen,25 bis 29 Jahre,B9999,unbestimmt (nur Pst),1,25,29
528457,2020-09-30,106,Stegersbach,Frauen,20 bis 24 Jahre,B9999,unbestimmt (nur Pst),1,20,24
528562,2020-09-30,107,Jennersdorf,Frauen,bis 19 Jahre,B9999,unbestimmt (nur Pst),1,0,19
528667,2020-09-30,201,Feldkirchen,Frauen,25 bis 29 Jahre,B9999,unbestimmt (nur Pst),1,25,29
528792,2020-09-30,203,Klagenfurt,Frauen,bis 19 Jahre,B9999,unbestimmt (nur Pst),1,0,19
528829,2020-09-30,203,Klagenfurt,Frauen,20 bis 24 Jahre,B9999,unbestimmt (nur Pst),2,20,24
528907,2020-09-30,203,Klagenfurt,Frauen,35 bis 39 Jahre,B9999,unbestimmt (nur Pst),2,35,39
528933,2020-09-30,203,Klagenfurt,Frauen,40 bis 44 Jahre,B9999,unbestimmt (nur Pst),1,40,44
528959,2020-09-30,203,Klagenfurt,Frauen,45 bis 49 Jahre,B9999,unbestimmt (nur Pst),1,45,49
528984,2020-09-30,203,Klagenfurt,Frauen,50 bis 54 Jahre,B9999,unbestimmt (nur Pst),1,50,54
529028,2020-09-30,203,Klagenfurt,Männer,bis 19 Jahre,B9999,unbestimmt (nur Pst),4,0,19
529072,2020-09-30,203,Klagenfurt,Männer,20 bis 24 Jahre,B9999,unbestimmt (nur Pst),2,20,24
529112,2020-09-30,203,Klagenfurt,Männer,30 bis 34 Jahre,B9999,unbestimmt (nur Pst),2,30,34
529131,2020-09-30,203,Klagenfurt,Männer,35 bis 39 Jahre,B9999,unbestimmt (nur Pst),1,35,39
529173,2020-09-30,203,Klagenfurt,Männer,45 bis 49 Jahre,B9999,unbestimmt (nur Pst),2,45,49
529200,2020-09-30,203,Klagenfurt,Männer,55 bis 59 Jahre,B9999,unbestimmt (nur Pst),1,55,59
529340,2020-09-30,204,Spittal/Drau,Männer,bis 19 Jahre,B9999,unbestimmt (nur Pst),3,0,19
529419,2020-09-30,205,St. Veit/Glan,Frauen,bis 19 Jahre,B9999,unbestimmt (nur Pst),1,0,19
529507,2020-09-30,205,St. Veit/Glan,Männer,bis 19 Jahre,B9999,unbestimmt (nur Pst),1,0,19
529520,2020-09-30,205,St. Veit/Glan,Männer,20 bis 24 Jahre,B9999,unbestimmt (nur Pst),1,20,24
529838,2020-09-30,206,Villach,Männer,25 bis 29 Jahre,B9999,unbestimmt (nur Pst),1,25,29
529997,2020-09-30,207,Völkermarkt,Männer,bis 19 Jahre,B9999,unbestimmt (nur Pst),2,0,19
530056,2020-09-30,208,Wolfsberg,Frauen,bis 19 Jahre,B9999,unbestimmt (nur Pst),1,0,19
530162,2020-09-30,208,Wolfsberg,Männer,bis 19 Jahre,B9999,unbestimmt (nur Pst),3,0,19
530224,2020-09-30,301,Amstetten,Frauen,bis 19 Jahre,B9999,unbestimmt (nur Pst),7,0,19
530244,2020-09-30,301,Amstetten,Frauen,20 bis 24 Jahre,B9999,unbestimmt (nur Pst),3,20,24
530353,2020-09-30,301,Amstetten,Männer,bis 19 Jahre,B9999,unbestimmt (nur Pst),18,0,19
530384,2020-09-30,301,Amstetten,Männer,20 bis 24 Jahre,B9999,unbestimmt (nur Pst),1,20,24
530399,2020-09-30,301,Amstetten,Männer,25 bis 29 Jahre,B9999,unbestimmt (nur Pst),1,25,29
530492,2020-09-30,304,Baden neu,Frauen,bis 19 Jahre,B9999,unbestimmt (nur Pst),5,0,19
530519,2020-09-30,304,Baden neu,Frauen,20 bis 24 Jahre,B9999,unbestimmt (nur Pst),6,20,24
530533,2020-09-30,304,Baden neu,Frauen,25 bis 29 Jahre,B9999,unbestimmt (nur Pst),1,25,29
530578,2020-09-30,304,Baden neu,Frauen,35 bis 39 Jahre,B9999,unbestimmt (nur Pst),1,35,39
530601,2020-09-30,304,Baden neu,Frauen,40 bis 44 Jahre,B9999,unbestimmt (nur Pst),1,40,44
530684,2020-09-30,304,Baden neu,Männer,bis 19 Jahre,B9999,unbestimmt (nur Pst),9,0,19
530722,2020-09-30,304,Baden neu,Männer,20 bis 24 Jahre,B9999,unbestimmt (nur Pst),2,20,24
530744,2020-09-30,304,Baden neu,Männer,25 bis 29 Jahre,B9999,unbestimmt (nur Pst),1,25,29
530845,2020-09-30,306,Bruck/Leitha,Frauen,bis 19 Jahre,B9999,unbestimmt (nur Pst),3,0,19
530861,2020-09-30,306,Bruck/Leitha,Frauen,20 bis 24 Jahre,B9999,unbestimmt (nur Pst),1,20,24
530871,2020-09-30,306,Bruck/Leitha,Frauen,25 bis 29 Jahre,B9999,unbestimmt (nur Pst),1,25,29
530932,2020-09-30,306,Bruck/Leitha,Männer,bis 19 Jahre,B9999,unbestimmt (nur Pst),7,0,19
531010,2020-09-30,308,Gänserndorf,Frauen,bis 19 Jahre,B9999,unbestimmt (nur Pst),6,0,19
531064,2020-09-30,308,Gänserndorf,Frauen,25 bis 29 Jahre,B9999,unbestimmt (nur Pst),1,25,29
531185,2020-09-30,308,Gänserndorf,Männer,bis 19 Jahre,B9999,unbestimmt (nur Pst),9,0,19
531222,2020-09-30,308,Gänserndorf,Männer,20 bis 24 Jahre,B9999,unbestimmt (nur Pst),1,20,24
531386,2020-09-30,311,Gmünd,Männer,bis 19 Jahre,B9999,unbestimmt (nur Pst),1,0,19
531470,2020-09-30,312,Hollabrunn,Frauen,25 bis 29 Jahre,B9999,unbestimmt (nur Pst),2,25,29
531532,2020-09-30,312,Hollabrunn,Männer,bis 19 Jahre,B9999,unbestimmt (nur Pst),2,0,19
531542,2020-09-30,312,Hollabrunn,Männer,20 bis 24 Jahre,B9999,unbestimmt (nur Pst),1,20,24
531554,2020-09-30,312,Hollabrunn,Männer,25 bis 29 Jahre,B9999,unbestimmt (nur Pst),1,25,29
531587,2020-09-30,313,Horn,Frauen,bis 19 Jahre,B9999,unbestimmt (nur Pst),1,0,19
531595,2020-09-30,313,Horn,Frauen,20 bis 24 Jahre,B9999,unbestimmt (nur Pst),3,20,24
531642,2020-09-30,313,Horn,Männer,bis 19 Jahre,B9999,unbestimmt (nur Pst),2,0,19
531653,2020-09-30,313,Horn,Männer,20 bis 24 Jahre,B9999,unbestimmt (nur Pst),1,20,24
531660,2020-09-30,313,Horn,Männer,25 bis 29 Jahre,B9999,unbestimmt (nur Pst),1,25,29
531689,2020-09-30,314,Korneuburg,Frauen,bis 19 Jahre,B9999,unbestimmt (nur Pst),2,0,19
531713,2020-09-30,314,Korneuburg,Frauen,20 bis 24 Jahre,B9999,unbestimmt (nur Pst),2,20,24
531747,2020-09-30,314,Korneuburg,Frauen,30 bis 34 Jahre,B9999,unbestimmt (nur Pst),1,30,34
531845,2020-09-30,314,Korneuburg,Männer,bis 19 Jahre,B9999,unbestimmt (nur Pst),11,0,19
531875,2020-09-30,314,Korneuburg,Männer,20 bis 24 Jahre,B9999,unbestimmt (nur Pst),1,20,24
531948,2020-09-30,315,Krems,Frauen,bis 19 Jahre,B9999,unbestimmt (nur Pst),5,0,19
531970,2020-09-30,315,Krems,Frauen,20 bis 24 Jahre,B9999,unbestimmt (nur Pst),1,20,24
532079,2020-09-30,315,Krems,Männer,bis 19 Jahre,B9999,unbestimmt (nur Pst),3,0,19
532187,2020-09-30,316,Lilienfeld,Frauen,bis 19 Jahre,B9999,unbestimmt (nur Pst),1,0,19
532334,2020-09-30,317,Melk,Frauen,30 bis 34 Jahre,B9999,unbestimmt (nur Pst),1,30,34
532505,2020-09-30,319,Mistelbach,Frauen,bis 19 Jahre,B9999,unbestimmt (nur Pst),5,0,19
532598,2020-09-30,319,Mistelbach,Männer,bis 19 Jahre,B9999,unbestimmt (nur Pst),2,0,19
532689,2020-09-30,321,Mödling,Frauen,bis 19 Jahre,B9999,unbestimmt (nur Pst),2,0,19
532717,2020-09-30,321,Mödling,Frauen,20 bis 24 Jahre,B9999,unbestimmt (nur Pst),2,20,24
532801,2020-09-30,321,Mödling,Frauen,45 bis 49 Jahre,B9999,unbestimmt (nur Pst),1,45,49
532845,2020-09-30,321,Mödling,Männer,bis 19 Jahre,B9999,unbestimmt (nur Pst),4,0,19
532879,2020-09-30,321,Mödling,Männer,20 bis 24 Jahre,B9999,unbestimmt (nur Pst),4,20,24
532959,2020-09-30,321,Mödling,Männer,50 bis 54 Jahre,B9999,unbestimmt (nur Pst),1,50,54
532990,2020-09-30,323,Neunkirchen,Frauen,bis 19 Jahre,B9999,unbestimmt (nur Pst),3,0,19
533279,2020-09-30,326,St. Pölten,Frauen,bis 19 Jahre,B9999,unbestimmt (nur Pst),10,0,19
533310,2020-09-30,326,St. Pölten,Frauen,20 bis 24 Jahre,B9999,unbestimmt (nur Pst),2,20,24
533330,2020-09-30,326,St. Pölten,Frauen,25 bis 29 Jahre,B9999,unbestimmt (nur Pst),1,25,29
533479,2020-09-30,326,St. Pölten,Männer,bis 19 Jahre,B9999,unbestimmt (nur Pst),9,0,19
533520,2020-09-30,326,St. Pölten,Männer,20 bis 24 Jahre,B9999,unbestimmt (nur Pst),2,20,24
533690,2020-09-30,328,Scheibbs,Frauen,bis 19 Jahre,B9999,unbestimmt (nur Pst),2,0,19
533702,2020-09-30,328,Scheibbs,Frauen,20 bis 24 Jahre,B9999,unbestimmt (nur Pst),1,20,24
533744,2020-09-30,328,Scheibbs,Männer,bis 19 Jahre,B9999,unbestimmt (nur Pst),6,0,19
533798,2020-09-30,329,Schwechat,Frauen,bis 19 Jahre,B9999,unbestimmt (nur Pst),2,0,19
533814,2020-09-30,329,Schwechat,Frauen,20 bis 24 Jahre,B9999,unbestimmt (nur Pst),1,20,24
533915,2020-09-30,329,Schwechat,Männer,bis 19 Jahre,B9999,unbestimmt (nur Pst),3,0,19
534006,2020-09-30,331,Tulln,Frauen,bis 19 Jahre,B9999,unbestimmt (nur Pst),9,0,19
534045,2020-09-30,331,Tulln,Frauen,25 bis 29 Jahre,B9999,unbestimmt (nur Pst),2,25,29
534141,2020-09-30,331,Tulln,Männer,bis 19 Jahre,B9999,unbestimmt (nur Pst),12,0,19
534162,2020-09-30,331,Tulln,Männer,20 bis 24 Jahre,B9999,unbestimmt (nur Pst),2,20,24
534239,2020-09-30,332,Waidhofen/Thaya,Frauen,bis 19 Jahre,B9999,unbestimmt (nur Pst),2,0,19
534302,2020-09-30,332,Waidhofen/Thaya,Männer,bis 19 Jahre,B9999,unbestimmt (nur Pst),2,0,19
534382,2020-09-30,333,Waidhofen/Ybbs,Männer,bis 19 Jahre,B9999,unbestimmt (nur Pst),4,0,19
534431,2020-09-30,334,Wr. Neustadt,Frauen,bis 19 Jahre,B9999,unbestimmt (nur Pst),4,0,19
534451,2020-09-30,334,Wr. Neustadt,Frauen,20 bis 24 Jahre,B9999,unbestimmt (nur Pst),1,20,24
534610,2020-09-30,334,Wr. Neustadt,Männer,bis 19 Jahre,B9999,unbestimmt (nur Pst),2,0,19
534919,2020-09-30,401,Braunau,Frauen,bis 19 Jahre,B9999,unbestimmt (nur Pst),9,0,19
534942,2020-09-30,401,Braunau,Frauen,20 bis 24 Jahre,B9999,unbestimmt (nur Pst),2,20,24
534967,2020-09-30,401,Braunau,Frauen,25 bis 29 Jahre,B9999,unbestimmt (nur Pst),1,25,29
535041,2020-09-30,401,Braunau,Frauen,50 bis 54 Jahre,B9999,unbestimmt (nur Pst),1,50,54
535065,2020-09-30,401,Braunau,Männer,bis 19 Jahre,B9999,unbestimmt (nur Pst),17,0,19
535090,2020-09-30,401,Braunau,Männer,20 bis 24 Jahre,B9999,unbestimmt (nur Pst),5,20,24
535187,2020-09-30,402,Eferding,Frauen,bis 19 Jahre,B9999,unbestimmt (nur Pst),1,0,19
535266,2020-09-30,402,Eferding,Männer,35 bis 39 Jahre,B9999,unbestimmt (nur Pst),1,35,39
535505,2020-09-30,404,Gmunden,Frauen,bis 19 Jahre,B9999,unbestimmt (nur Pst),9,0,19
535658,2020-09-30,404,Gmunden,Männer,bis 19 Jahre,B9999,unbestimmt (nur Pst),8,0,19
535804,2020-09-30,406,Grieskirchen,Frauen,bis 19 Jahre,B9999,unbestimmt (nur Pst),1,0,19
535972,2020-09-30,407,Kirchdorf/Krems,Frauen,bis 19 Jahre,B9999,unbestimmt (nur Pst),5,0,19
536005,2020-09-30,407,Kirchdorf/Krems,Frauen,25 bis 29 Jahre,B9999,unbestimmt (nur Pst),1,25,29
536031,2020-09-30,407,Kirchdorf/Krems,Frauen,35 bis 39 Jahre,B9999,unbestimmt (nur Pst),1,35,39
536084,2020-09-30,407,Kirchdorf/Krems,Männer,bis 19 Jahre,B9999,unbestimmt (nur Pst),2,0,19
536181,2020-09-30,409,Linz neu,Frauen,bis 19 Jahre,B9999,unbestimmt (nur Pst),18,0,19
536228,2020-09-30,409,Linz neu,Frauen,20 bis 24 Jahre,B9999,unbestimmt (nur Pst),8,20,24
536279,2020-09-30,409,Linz neu,Frauen,25 bis 29 Jahre,B9999,unbestimmt (nur Pst),5,25,29
536321,2020-09-30,409,Linz neu,Frauen,30 bis 34 Jahre,B9999,unbestimmt (nur Pst),2,30,34
536357,2020-09-30,409,Linz neu,Frauen,35 bis 39 Jahre,B9999,unbestimmt (nur Pst),3,35,39
536398,2020-09-30,409,Linz neu,Frauen,40 bis 44 Jahre,B9999,unbestimmt (nur Pst),2,40,44
536449,2020-09-30,409,Linz neu,Frauen,50 bis 54 Jahre,B9999,unbestimmt (nur Pst),1,50,54
536509,2020-09-30,409,Linz neu,Männer,bis 19 Jahre,B9999,unbestimmt (nur Pst),21,0,19
536564,2020-09-30,409,Linz neu,Männer,20 bis 24 Jahre,B9999,unbestimmt (nur Pst),5,20,24
536618,2020-09-30,409,Linz neu,Männer,25 bis 29 Jahre,B9999,unbestimmt (nur Pst),2,25,29
536667,2020-09-30,409,Linz neu,Männer,30 bis 34 Jahre,B9999,unbestimmt (nur Pst),1,30,34
536705,2020-09-30,409,Linz neu,Männer,35 bis 39 Jahre,B9999,unbestimmt (nur Pst),1,35,39
536744,2020-09-30,409,Linz neu,Männer,40 bis 44 Jahre,B9999,unbestimmt (nur Pst),2,40,44
536779,2020-09-30,409,Linz neu,Männer,45 bis 49 Jahre,B9999,unbestimmt (nur Pst),1,45,49
536831,2020-09-30,409,Linz neu,Männer,55 bis 59 Jahre,B9999,unbestimmt (nur Pst),3,55,59
536903,2020-09-30,411,Perg,Frauen,35 bis 39 Jahre,B9999,unbestimmt (nur Pst),1,35,39
536980,2020-09-30,411,Perg,Männer,20 bis 24 Jahre,B9999,unbestimmt (nur Pst),1,20,24
537081,2020-09-30,412,Ried im Innkreis,Frauen,bis 19 Jahre,B9999,unbestimmt (nur Pst),10,0,19
537110,2020-09-30,412,Ried im Innkreis,Frauen,25 bis 29 Jahre,B9999,unbestimmt (nur Pst),1,25,29
537135,2020-09-30,412,Ried im Innkreis,Frauen,35 bis 39 Jahre,B9999,unbestimmt (nur Pst),1,35,39
537155,2020-09-30,412,Ried im Innkreis,Frauen,45 bis 49 Jahre,B9999,unbestimmt (nur Pst),1,45,49
537187,2020-09-30,412,Ried im Innkreis,Männer,bis 19 Jahre,B9999,unbestimmt (nur Pst),6,0,19
537217,2020-09-30,412,Ried im Innkreis,Männer,20 bis 24 Jahre,B9999,unbestimmt (nur Pst),2,20,24
537226,2020-09-30,412,Ried im Innkreis,Männer,25 bis 29 Jahre,B9999,unbestimmt (nur Pst),1,25,29
537362,2020-09-30,413,Rohrbach,Männer,bis 19 Jahre,B9999,unbestimmt (nur Pst),1,0,19
537400,2020-09-30,413,Rohrbach,Männer,35 bis 39 Jahre,B9999,unbestimmt (nur Pst),1,35,39
537571,2020-09-30,415,Steyr,Frauen,bis 19 Jahre,B9999,unbestimmt (nur Pst),15,0,19
537622,2020-09-30,415,Steyr,Frauen,25 bis 29 Jahre,B9999,unbestimmt (nur Pst),2,25,29
537684,2020-09-30,415,Steyr,Frauen,40 bis 44 Jahre,B9999,unbestimmt (nur Pst),1,40,44
537699,2020-09-30,415,Steyr,Frauen,45 bis 49 Jahre,B9999,unbestimmt (nur Pst),1,45,49
537755,2020-09-30,415,Steyr,Männer,bis 19 Jahre,B9999,unbestimmt (nur Pst),7,0,19
537786,2020-09-30,415,Steyr,Männer,20 bis 24 Jahre,B9999,unbestimmt (nur Pst),3,20,24
537841,2020-09-30,415,Steyr,Männer,35 bis 39 Jahre,B9999,unbestimmt (nur Pst),1,35,39
537913,2020-09-30,418,Vöcklabruck,Frauen,bis 19 Jahre,B9999,unbestimmt (nur Pst),7,0,19
537933,2020-09-30,418,Vöcklabruck,Frauen,20 bis 24 Jahre,B9999,unbestimmt (nur Pst),1,20,24
538084,2020-09-30,418,Vöcklabruck,Männer,bis 19 Jahre,B9999,unbestimmt (nur Pst),5,0,19
538160,2020-09-30,418,Vöcklabruck,Männer,35 bis 39 Jahre,B9999,unbestimmt (nur Pst),1,35,39
538259,2020-09-30,419,Wels,Frauen,bis 19 Jahre,B9999,unbestimmt (nur Pst),2,0,19
538280,2020-09-30,419,Wels,Frauen,20 bis 24 Jahre,B9999,unbestimmt (nur Pst),1,20,24
538334,2020-09-30,419,Wels,Frauen,35 bis 39 Jahre,B9999,unbestimmt (nur Pst),2,35,39
538370,2020-09-30,419,Wels,Frauen,45 bis 49 Jahre,B9999,unbestimmt (nur Pst),1,45,49
538430,2020-09-30,419,Wels,Männer,bis 19 Jahre,B9999,unbestimmt (nur Pst),1,0,19
538528,2020-09-30,419,Wels,Männer,40 bis 44 Jahre,B9999,unbestimmt (nur Pst),1,40,44
538589,2020-09-30,421,Traun,Frauen,bis 19 Jahre,B9999,unbestimmt (nur Pst),1,0,19
538617,2020-09-30,421,Traun,Frauen,20 bis 24 Jahre,B9999,unbestimmt (nur Pst),2,20,24
538663,2020-09-30,421,Traun,Frauen,30 bis 34 Jahre,B9999,unbestimmt (nur Pst),2,30,34
538692,2020-09-30,421,Traun,Frauen,35 bis 39 Jahre,B9999,unbestimmt (nur Pst),1,35,39
538719,2020-09-30,421,Traun,Frauen,40 bis 44 Jahre,B9999,unbestimmt (nur Pst),1,40,44
538741,2020-09-30,421,Traun,Frauen,45 bis 49 Jahre,B9999,unbestimmt (nur Pst),2,45,49
538812,2020-09-30,421,Traun,Männer,bis 19 Jahre,B9999,unbestimmt (nur Pst),1,0,19
538846,2020-09-30,421,Traun,Männer,20 bis 24 Jahre,B9999,unbestimmt (nur Pst),2,20,24
538892,2020-09-30,421,Traun,Männer,30 bis 34 Jahre,B9999,unbestimmt (nur Pst),1,30,34
538999,2020-09-30,501,Bischofshofen,Frauen,bis 19 Jahre,B9999,unbestimmt (nur Pst),1,0,19
539070,2020-09-30,501,Bischofshofen,Frauen,35 bis 39 Jahre,B9999,unbestimmt (nur Pst),1,35,39
539113,2020-09-30,501,Bischofshofen,Frauen,55 bis 59 Jahre,B9999,unbestimmt (nur Pst),1,55,59
539137,2020-09-30,501,Bischofshofen,Männer,bis 19 Jahre,B9999,unbestimmt (nur Pst),1,0,19
539179,2020-09-30,501,Bischofshofen,Männer,30 bis 34 Jahre,B9999,unbestimmt (nur Pst),1,30,34
539255,2020-09-30,503,Hallein,Frauen,20 bis 24 Jahre,B9999,unbestimmt (nur Pst),1,20,24
539475,2020-09-30,504,Salzburg,Frauen,20 bis 24 Jahre,B9999,unbestimmt (nur Pst),1,20,24
539577,2020-09-30,504,Salzburg,Frauen,35 bis 39 Jahre,B9999,unbestimmt (nur Pst),1,35,39
539659,2020-09-30,504,Salzburg,Frauen,50 bis 54 Jahre,B9999,unbestimmt (nur Pst),1,50,54
539791,2020-09-30,504,Salzburg,Männer,25 bis 29 Jahre,B9999,unbestimmt (nur Pst),1,25,29
539954,2020-09-30,504,Salzburg,Männer,50 bis 54 Jahre,B9999,unbestimmt (nur Pst),1,50,54
540037,2020-09-30,506,Zell am See,Frauen,bis 19 Jahre,B9999,unbestimmt (nur Pst),1,0,19
540149,2020-09-30,506,Zell am See,Männer,20 bis 24 Jahre,B9999,unbestimmt (nur Pst),3,20,24
540207,2020-09-30,601,Bruck/Mur,Frauen,bis 19 Jahre,B9999,unbestimmt (nur Pst),6,0,19
540227,2020-09-30,601,Bruck/Mur,Frauen,20 bis 24 Jahre,B9999,unbestimmt (nur Pst),2,20,24
540321,2020-09-30,601,Bruck/Mur,Männer,bis 19 Jahre,B9999,unbestimmt (nur Pst),5,0,19
540467,2020-09-30,603,Deutschlandsberg,Frauen,bis 19 Jahre,B9999,unbestimmt (nur Pst),1,0,19
540667,2020-09-30,604,Feldbach,Frauen,bis 19 Jahre,B9999,unbestimmt (nur Pst),3,0,19
540750,2020-09-30,604,Feldbach,Frauen,40 bis 44 Jahre,B9999,unbestimmt (nur Pst),1,40,44
540872,2020-09-30,606,Gleisdorf,Frauen,bis 19 Jahre,B9999,unbestimmt (nur Pst),1,0,19
540885,2020-09-30,606,Gleisdorf,Frauen,20 bis 24 Jahre,B9999,unbestimmt (nur Pst),2,20,24
540963,2020-09-30,606,Gleisdorf,Männer,bis 19 Jahre,B9999,unbestimmt (nur Pst),1,0,19
540975,2020-09-30,606,Gleisdorf,Männer,20 bis 24 Jahre,B9999,unbestimmt (nur Pst),2,20,24
541021,2020-09-30,609,Hartberg,Frauen,bis 19 Jahre,B9999,unbestimmt (nur Pst),2,0,19
541168,2020-09-30,609,Hartberg,Männer,bis 19 Jahre,B9999,unbestimmt (nur Pst),2,0,19
541319,2020-09-30,610,Judenburg,Frauen,bis 19 Jahre,B9999,unbestimmt (nur Pst),2,0,19
541443,2020-09-30,610,Judenburg,Männer,bis 19 Jahre,B9999,unbestimmt (nur Pst),2,0,19
541552,2020-09-30,611,Murau,Frauen,bis 19 Jahre,B9999,unbestimmt (nur Pst),1,0,19
541562,2020-09-30,611,Murau,Frauen,20 bis 24 Jahre,B9999,unbestimmt (nur Pst),2,20,24
541614,2020-09-30,611,Murau,Männer,35 bis 39 Jahre,B9999,unbestimmt (nur Pst),1,35,39
541637,2020-09-30,614,Leibnitz,Frauen,bis 19 Jahre,B9999,unbestimmt (nur Pst),2,0,19
541680,2020-09-30,614,Leibnitz,Frauen,25 bis 29 Jahre,B9999,unbestimmt (nur Pst),1,25,29
541698,2020-09-30,614,Leibnitz,Frauen,30 bis 34 Jahre,B9999,unbestimmt (nur Pst),1,30,34
541809,2020-09-30,614,Leibnitz,Männer,20 bis 24 Jahre,B9999,unbestimmt (nur Pst),1,20,24
541900,2020-09-30,616,Leoben,Frauen,bis 19 Jahre,B9999,unbestimmt (nur Pst),1,0,19
541926,2020-09-30,616,Leoben,Frauen,20 bis 24 Jahre,B9999,unbestimmt (nur Pst),2,20,24
541938,2020-09-30,616,Leoben,Frauen,25 bis 29 Jahre,B9999,unbestimmt (nur Pst),1,25,29
541982,2020-09-30,616,Leoben,Frauen,40 bis 44 Jahre,B9999,unbestimmt (nur Pst),1,40,44
542021,2020-09-30,616,Leoben,Männer,bis 19 Jahre,B9999,unbestimmt (nur Pst),1,0,19
542048,2020-09-30,616,Leoben,Männer,20 bis 24 Jahre,B9999,unbestimmt (nur Pst),1,20,24
542125,2020-09-30,618,Liezen,Frauen,bis 19 Jahre,B9999,unbestimmt (nur Pst),1,0,19
542336,2020-09-30,621,Mürzzuschlag,Frauen,bis 19 Jahre,B9999,unbestimmt (nur Pst),1,0,19
542352,2020-09-30,621,Mürzzuschlag,Frauen,20 bis 24 Jahre,B9999,unbestimmt (nur Pst),1,20,24
542385,2020-09-30,621,Mürzzuschlag,Frauen,40 bis 44 Jahre,B9999,unbestimmt (nur Pst),1,40,44
542409,2020-09-30,621,Mürzzuschlag,Männer,bis 19 Jahre,B9999,unbestimmt (nur Pst),2,0,19
542424,2020-09-30,621,Mürzzuschlag,Männer,20 bis 24 Jahre,B9999,unbestimmt (nur Pst),2,20,24
542501,2020-09-30,622,Voitsberg,Frauen,bis 19 Jahre,B9999,unbestimmt (nur Pst),1,0,19
542520,2020-09-30,622,Voitsberg,Frauen,20 bis 24 Jahre,B9999,unbestimmt (nur Pst),2,20,24
542679,2020-09-30,623,Weiz,Frauen,bis 19 Jahre,B9999,unbestimmt (nur Pst),1,0,19
542752,2020-09-30,623,Weiz,Männer,bis 19 Jahre,B9999,unbestimmt (nur Pst),1,0,19
542779,2020-09-30,623,Weiz,Männer,30 bis 34 Jahre,B9999,unbestimmt (nur Pst),1,30,34
542784,2020-09-30,623,Weiz,Männer,35 bis 39 Jahre,B9999,unbestimmt (nur Pst),1,35,39
542846,2020-09-30,630,Graz-West und Umgebung,Frauen,bis 19 Jahre,B9999,unbestimmt (nur Pst),2,0,19
542904,2020-09-30,630,Graz-West und Umgebung,Frauen,20 bis 24 Jahre,B9999,unbestimmt (nur Pst),8,20,24
543221,2020-09-30,630,Graz-West und Umgebung,Männer,bis 19 Jahre,B9999,unbestimmt (nur Pst),7,0,19
543292,2020-09-30,630,Graz-West und Umgebung,Männer,20 bis 24 Jahre,B9999,unbestimmt (nur Pst),1,20,24
543346,2020-09-30,630,Graz-West und Umgebung,Männer,25 bis 29 Jahre,B9999,unbestimmt (nur Pst),1,25,29
543393,2020-09-30,630,Graz-West und Umgebung,Männer,30 bis 34 Jahre,B9999,unbestimmt (nur Pst),1,30,34
543432,2020-09-30,630,Graz-West und Umgebung,Männer,35 bis 39 Jahre,B9999,unbestimmt (nur Pst),2,35,39
543549,2020-09-30,631,Graz-Ost,Frauen,bis 19 Jahre,B9999,unbestimmt (nur Pst),3,0,19
543589,2020-09-30,631,Graz-Ost,Frauen,20 bis 24 Jahre,B9999,unbestimmt (nur Pst),2,20,24
543783,2020-09-30,631,Graz-Ost,Männer,bis 19 Jahre,B9999,unbestimmt (nur Pst),3,0,19
543841,2020-09-30,631,Graz-Ost,Männer,20 bis 24 Jahre,B9999,unbestimmt (nur Pst),1,20,24
544013,2020-09-30,701,Imst,Frauen,bis 19 Jahre,B9999,unbestimmt (nur Pst),1,0,19
544057,2020-09-30,701,Imst,Frauen,50 bis 54 Jahre,B9999,unbestimmt (nur Pst),1,50,54
544065,2020-09-30,701,Imst,Männer,bis 19 Jahre,B9999,unbestimmt (nur Pst),3,0,19
544081,2020-09-30,701,Imst,Männer,50 bis 54 Jahre,B9999,unbestimmt (nur Pst),1,50,54
544108,2020-09-30,702,Innsbruck,Frauen,bis 19 Jahre,B9999,unbestimmt (nur Pst),1,0,19
544131,2020-09-30,702,Innsbruck,Frauen,20 bis 24 Jahre,B9999,unbestimmt (nur Pst),2,20,24
544157,2020-09-30,702,Innsbruck,Frauen,25 bis 29 Jahre,B9999,unbestimmt (nur Pst),5,25,29
544188,2020-09-30,702,Innsbruck,Frauen,30 bis 34 Jahre,B9999,unbestimmt (nur Pst),1,30,34
544216,2020-09-30,702,Innsbruck,Frauen,35 bis 39 Jahre,B9999,unbestimmt (nur Pst),1,35,39
544265,2020-09-30,702,Innsbruck,Frauen,45 bis 49 Jahre,B9999,unbestimmt (nur Pst),2,45,49
544366,2020-09-30,702,Innsbruck,Männer,20 bis 24 Jahre,B9999,unbestimmt (nur Pst),1,20,24
544441,2020-09-30,702,Innsbruck,Männer,35 bis 39 Jahre,B9999,unbestimmt (nur Pst),2,35,39
544502,2020-09-30,702,Innsbruck,Männer,55 bis 59 Jahre,B9999,unbestimmt (nur Pst),1,55,59
544514,2020-09-30,704,Kitzbühel,Frauen,bis 19 Jahre,B9999,unbestimmt (nur Pst),1,0,19
544546,2020-09-30,704,Kitzbühel,Frauen,40 bis 44 Jahre,B9999,unbestimmt (nur Pst),1,40,44
544566,2020-09-30,704,Kitzbühel,Männer,bis 19 Jahre,B9999,unbestimmt (nur Pst),1,0,19
544625,2020-09-30,705,Kufstein,Frauen,bis 19 Jahre,B9999,unbestimmt (nur Pst),5,0,19
544640,2020-09-30,705,Kufstein,Frauen,20 bis 24 Jahre,B9999,unbestimmt (nur Pst),2,20,24
544706,2020-09-30,705,Kufstein,Frauen,45 bis 49 Jahre,B9999,unbestimmt (nur Pst),1,45,49
544741,2020-09-30,705,Kufstein,Männer,bis 19 Jahre,B9999,unbestimmt (nur Pst),7,0,19
544764,2020-09-30,705,Kufstein,Männer,20 bis 24 Jahre,B9999,unbestimmt (nur Pst),3,20,24
544779,2020-09-30,705,Kufstein,Männer,25 bis 29 Jahre,B9999,unbestimmt (nur Pst),2,25,29
544826,2020-09-30,706,Landeck,Frauen,bis 19 Jahre,B9999,unbestimmt (nur Pst),2,0,19
544886,2020-09-30,706,Landeck,Männer,bis 19 Jahre,B9999,unbestimmt (nur Pst),1,0,19
544889,2020-09-30,706,Landeck,Männer,20 bis 24 Jahre,B9999,unbestimmt (nur Pst),1,20,24
544949,2020-09-30,707,Lienz,Männer,bis 19 Jahre,B9999,unbestimmt (nur Pst),1,0,19
544956,2020-09-30,707,Lienz,Männer,20 bis 24 Jahre,B9999,unbestimmt (nur Pst),1,20,24
544963,2020-09-30,707,Lienz,Männer,30 bis 34 Jahre,B9999,unbestimmt (nur Pst),1,30,34
545050,2020-09-30,709,Schwaz,Frauen,bis 19 Jahre,B9999,unbestimmt (nur Pst),8,0,19
545100,2020-09-30,709,Schwaz,Frauen,40 bis 44 Jahre,B9999,unbestimmt (nur Pst),1,40,44
545108,2020-09-30,709,Schwaz,Frauen,45 bis 49 Jahre,B9999,unbestimmt (nur Pst),1,45,49
545127,2020-09-30,709,Schwaz,Männer,bis 19 Jahre,B9999,unbestimmt (nur Pst),7,0,19
545161,2020-09-30,709,Schwaz,Männer,35 bis 39 Jahre,B9999,unbestimmt (nur Pst),1,35,39
545167,2020-09-30,709,Schwaz,Männer,40 bis 44 Jahre,B9999,unbestimmt (nur Pst),1,40,44
545186,2020-09-30,801,Bludenz,Frauen,bis 19 Jahre,B9999,unbestimmt (nur Pst),1,0,19
545206,2020-09-30,801,Bludenz,Frauen,20 bis 24 Jahre,B9999,unbestimmt (nur Pst),1,20,24
545251,2020-09-30,801,Bludenz,Frauen,35 bis 39 Jahre,B9999,unbestimmt (nur Pst),1,35,39
545335,2020-09-30,801,Bludenz,Männer,25 bis 29 Jahre,B9999,unbestimmt (nur Pst),1,25,29
545413,2020-09-30,802,Bregenz,Frauen,20 bis 24 Jahre,B9999,unbestimmt (nur Pst),2,20,24
545462,2020-09-30,802,Bregenz,Frauen,30 bis 34 Jahre,B9999,unbestimmt (nur Pst),1,30,34
545481,2020-09-30,802,Bregenz,Frauen,35 bis 39 Jahre,B9999,unbestimmt (nur Pst),1,35,39
545580,2020-09-30,802,Bregenz,Männer,bis 19 Jahre,B9999,unbestimmt (nur Pst),1,0,19
545645,2020-09-30,802,Bregenz,Männer,25 bis 29 Jahre,B9999,unbestimmt (nur Pst),1,25,29
545796,2020-09-30,804,Dornbirn,Frauen,20 bis 24 Jahre,B9999,unbestimmt (nur Pst),1,20,24
545896,2020-09-30,804,Dornbirn,Frauen,45 bis 49 Jahre,B9999,unbestimmt (nur Pst),2,45,49
545943,2020-09-30,804,Dornbirn,Männer,bis 19 Jahre,B9999,unbestimmt (nur Pst),1,0,19
545976,2020-09-30,804,Dornbirn,Männer,20 bis 24 Jahre,B9999,unbestimmt (nur Pst),1,20,24
546054,2020-09-30,804,Dornbirn,Männer,50 bis 54 Jahre,B9999,unbestimmt (nur Pst),1,50,54
546081,2020-09-30,805,Feldkirch,Frauen,bis 19 Jahre,B9999,unbestimmt (nur Pst),4,0,19
546108,2020-09-30,805,Feldkirch,Frauen,20 bis 24 Jahre,B9999,unbestimmt (nur Pst),2,20,24
546135,2020-09-30,805,Feldkirch,Frauen,25 bis 29 Jahre,B9999,unbestimmt (nur Pst),3,25,29
546179,2020-09-30,805,Feldkirch,Frauen,35 bis 39 Jahre,B9999,unbestimmt (nur Pst),1,35,39
546202,2020-09-30,805,Feldkirch,Frauen,40 bis 44 Jahre,B9999,unbestimmt (nur Pst),1,40,44
546269,2020-09-30,805,Feldkirch,Männer,bis 19 Jahre,B9999,unbestimmt (nur Pst),8,0,19
546303,2020-09-30,805,Feldkirch,Männer,20 bis 24 Jahre,B9999,unbestimmt (nur Pst),2,20,24
546330,2020-09-30,805,Feldkirch,Männer,25 bis 29 Jahre,B9999,unbestimmt (nur Pst),2,25,29
546370,2020-09-30,805,Feldkirch,Männer,35 bis 39 Jahre,B9999,unbestimmt (nur Pst),3,35,39
546390,2020-09-30,805,Feldkirch,Männer,45 bis 49 Jahre,B9999,unbestimmt (nur Pst),1,45,49
546413,2020-09-30,805,Feldkirch,Männer,55 bis 59 Jahre,B9999,unbestimmt (nur Pst),1,55,59
546710,2020-09-30,958,Wien Johnstraße,Männer,20 bis 24 Jahre,B9999,unbestimmt (nur Pst),2,20,24
546757,2020-09-30,958,Wien Johnstraße,Männer,25 bis 29 Jahre,B9999,unbestimmt (nur Pst),1,25,29
548452,2020-09-30,962,Wien Redergasse,Männer,20 bis 24 Jahre,B9999,unbestimmt (nur Pst),2,20,24
548710,2020-09-30,962,Wien Redergasse,Männer,50 bis 54 Jahre,B9999,unbestimmt (nur Pst),1,50,54
548837,2020-09-30,963,Wien Währinger Gürtel,Frauen,30 bis 34 Jahre,B9999,unbestimmt (nur Pst),1,30,34
549000,2020-09-30,963,Wien Währinger Gürtel,Männer,20 bis 24 Jahre,B9999,unbestimmt (nur Pst),1,20,24
549040,2020-09-30,963,Wien Währinger Gürtel,Männer,25 bis 29 Jahre,B9999,unbestimmt (nur Pst),1,25,29
550092,2020-09-30,965,Wien Schönbrunner Straße,Frauen,20 bis 24 Jahre,B9999,unbestimmt (nur Pst),2,20,24
550182,2020-09-30,965,Wien Schönbrunner Straße,Frauen,30 bis 34 Jahre,B9999,unbestimmt (nur Pst),1,30,34
550444,2020-09-30,965,Wien Schönbrunner Straße,Männer,20 bis 24 Jahre,B9999,unbestimmt (nur Pst),1,20,24
550566,2020-09-30,965,Wien Schönbrunner Straße,Männer,30 bis 34 Jahre,B9999,unbestimmt (nur Pst),1,30,34
550760,2020-09-30,965,Wien Schönbrunner Straße,Männer,50 bis 54 Jahre,B9999,unbestimmt (nur Pst),1,50,54
550825,2020-09-30,966,Wien Hietzinger Kai,Frauen,20 bis 24 Jahre,B9999,unbestimmt (nur Pst),2,20,24
551017,2020-09-30,966,Wien Hietzinger Kai,Frauen,45 bis 49 Jahre,B9999,unbestimmt (nur Pst),1,45,49
551429,2020-09-30,967,Wien Huttengasse,Frauen,20 bis 24 Jahre,B9999,unbestimmt (nur Pst),1,20,24
551471,2020-09-30,967,Wien Huttengasse,Frauen,25 bis 29 Jahre,B9999,unbestimmt (nur Pst),1,25,29
551527,2020-09-30,967,Wien Huttengasse,Frauen,30 bis 34 Jahre,B9999,unbestimmt (nur Pst),1,30,34
551939,2020-09-30,967,Wien Huttengasse,Männer,35 bis 39 Jahre,B9999,unbestimmt (nur Pst),1,35,39
552142,2020-09-30,968,Wien Schloßhofer Straße,Frauen,20 bis 24 Jahre,B9999,unbestimmt (nur Pst),1,20,24
552240,2020-09-30,968,Wien Schloßhofer Straße,Frauen,30 bis 34 Jahre,B9999,unbestimmt (nur Pst),1,30,34
552291,2020-09-30,968,Wien Schloßhofer Straße,Frauen,35 bis 39 Jahre,B9999,unbestimmt (nur Pst),1,35,39
552707,2020-09-30,968,Wien Schloßhofer Straße,Männer,50 bis 54 Jahre,B9999,unbestimmt (nur Pst),1,50,54
552784,2020-09-30,969,Wien-Wagramer Straße,Frauen,20 bis 24 Jahre,B9999,unbestimmt (nur Pst),2,20,24
553523,2020-09-30,970,Wien Jugendliche,Frauen,bis 19 Jahre,B9999,unbestimmt (nur Pst),27,0,19
553594,2020-09-30,970,Wien Jugendliche,Frauen,20 bis 24 Jahre,B9999,unbestimmt (nur Pst),2,20,24
553687,2020-09-30,970,Wien Jugendliche,Männer,bis 19 Jahre,B9999,unbestimmt (nur Pst),34,0,19
553783,2020-09-30,970,Wien Jugendliche,Männer,20 bis 24 Jahre,B9999,unbestimmt (nur Pst),6,20,24
553806,2020-09-30,974,Wien Austria Campus,Frauen,20 bis 24 Jahre,B9999,unbestimmt (nur Pst),1,20,24
553996,2020-09-30,974,Wien Austria Campus,Frauen,45 bis 49 Jahre,B9999,unbestimmt (nur Pst),1,45,49
554112,2020-09-30,974,Wien Austria Campus,Männer,25 bis 29 Jahre,B9999,unbestimmt (nur Pst),1,25,29
554202,2020-09-30,974,Wien Austria Campus,Männer,35 bis 39 Jahre,B9999,unbestimmt (nur Pst),1,35,39
554242,2020-09-30,974,Wien Austria Campus,Männer,40 bis 44 Jahre,B9999,unbestimmt (nur Pst),1,40,44
554976,2020-10-31,101,Eisenstadt,Männer,bis 19 Jahre,B9999,unbestimmt (nur Pst),4,0,19
555153,2020-10-31,102,Mattersburg,Männer,20 bis 24 Jahre,B9999,unbestimmt (nur Pst),1,20,24
555159,2020-10-31,102,Mattersburg,Männer,25 bis 29 Jahre,B9999,unbestimmt (nur Pst),1,25,29
555516,2020-10-31,105,Oberwart,Frauen,20 bis 24 Jahre,B9999,unbestimmt (nur Pst),1,20,24
555529,2020-10-31,105,Oberwart,Frauen,25 bis 29 Jahre,B9999,unbestimmt (nur Pst),1,25,29
555752,2020-10-31,106,Stegersbach,Frauen,20 bis 24 Jahre,B9999,unbestimmt (nur Pst),1,20,24
555870,2020-10-31,107,Jennersdorf,Frauen,bis 19 Jahre,B9999,unbestimmt (nur Pst),1,0,19
555939,2020-10-31,107,Jennersdorf,Männer,35 bis 39 Jahre,B9999,unbestimmt (nur Pst),1,35,39
555972,2020-10-31,201,Feldkirchen,Frauen,25 bis 29 Jahre,B9999,unbestimmt (nur Pst),1,25,29
556058,2020-10-31,202,Hermagor,Männer,bis 19 Jahre,B9999,unbestimmt (nur Pst),1,0,19
556102,2020-10-31,203,Klagenfurt,Frauen,bis 19 Jahre,B9999,unbestimmt (nur Pst),2,0,19
556136,2020-10-31,203,Klagenfurt,Frauen,20 bis 24 Jahre,B9999,unbestimmt (nur Pst),2,20,24
556187,2020-10-31,203,Klagenfurt,Frauen,30 bis 34 Jahre,B9999,unbestimmt (nur Pst),1,30,34
556216,2020-10-31,203,Klagenfurt,Frauen,35 bis 39 Jahre,B9999,unbestimmt (nur Pst),2,35,39
556240,2020-10-31,203,Klagenfurt,Frauen,40 bis 44 Jahre,B9999,unbestimmt (nur Pst),2,40,44
556267,2020-10-31,203,Klagenfurt,Frauen,45 bis 49 Jahre,B9999,unbestimmt (nur Pst),1,45,49
556294,2020-10-31,203,Klagenfurt,Frauen,50 bis 54 Jahre,B9999,unbestimmt (nur Pst),1,50,54
556338,2020-10-31,203,Klagenfurt,Männer,bis 19 Jahre,B9999,unbestimmt (nur Pst),4,0,19
556376,2020-10-31,203,Klagenfurt,Männer,20 bis 24 Jahre,B9999,unbestimmt (nur Pst),1,20,24
556418,2020-10-31,203,Klagenfurt,Männer,30 bis 34 Jahre,B9999,unbestimmt (nur Pst),2,30,34
556437,2020-10-31,203,Klagenfurt,Männer,35 bis 39 Jahre,B9999,unbestimmt (nur Pst),1,35,39
556462,2020-10-31,203,Klagenfurt,Männer,40 bis 44 Jahre,B9999,unbestimmt (nur Pst),2,40,44
556486,2020-10-31,203,Klagenfurt,Männer,45 bis 49 Jahre,B9999,unbestimmt (nur Pst),2,45,49
556513,2020-10-31,203,Klagenfurt,Männer,55 bis 59 Jahre,B9999,unbestimmt (nur Pst),1,55,59
556656,2020-10-31,204,Spittal/Drau,Männer,bis 19 Jahre,B9999,unbestimmt (nur Pst),3,0,19
556731,2020-10-31,205,St. Veit/Glan,Frauen,bis 19 Jahre,B9999,unbestimmt (nur Pst),1,0,19
556832,2020-10-31,205,St. Veit/Glan,Männer,20 bis 24 Jahre,B9999,unbestimmt (nur Pst),1,20,24
557303,2020-10-31,207,Völkermarkt,Männer,bis 19 Jahre,B9999,unbestimmt (nur Pst),2,0,19
557354,2020-10-31,208,Wolfsberg,Frauen,bis 19 Jahre,B9999,unbestimmt (nur Pst),1,0,19
557445,2020-10-31,208,Wolfsberg,Männer,bis 19 Jahre,B9999,unbestimmt (nur Pst),2,0,19
557508,2020-10-31,301,Amstetten,Frauen,bis 19 Jahre,B9999,unbestimmt (nur Pst),6,0,19
557529,2020-10-31,301,Amstetten,Frauen,20 bis 24 Jahre,B9999,unbestimmt (nur Pst),3,20,24
557641,2020-10-31,301,Amstetten,Männer,bis 19 Jahre,B9999,unbestimmt (nur Pst),19,0,19
557671,2020-10-31,301,Amstetten,Männer,20 bis 24 Jahre,B9999,unbestimmt (nur Pst),1,20,24
557686,2020-10-31,301,Amstetten,Männer,25 bis 29 Jahre,B9999,unbestimmt (nur Pst),1,25,29
557780,2020-10-31,304,Baden neu,Frauen,bis 19 Jahre,B9999,unbestimmt (nur Pst),4,0,19
557808,2020-10-31,304,Baden neu,Frauen,20 bis 24 Jahre,B9999,unbestimmt (nur Pst),6,20,24
557868,2020-10-31,304,Baden neu,Frauen,35 bis 39 Jahre,B9999,unbestimmt (nur Pst),1,35,39
557893,2020-10-31,304,Baden neu,Frauen,40 bis 44 Jahre,B9999,unbestimmt (nur Pst),1,40,44
557972,2020-10-31,304,Baden neu,Männer,bis 19 Jahre,B9999,unbestimmt (nur Pst),7,0,19
558007,2020-10-31,304,Baden neu,Männer,20 bis 24 Jahre,B9999,unbestimmt (nur Pst),1,20,24
558025,2020-10-31,304,Baden neu,Männer,25 bis 29 Jahre,B9999,unbestimmt (nur Pst),2,25,29
558136,2020-10-31,306,Bruck/Leitha,Frauen,bis 19 Jahre,B9999,unbestimmt (nur Pst),3,0,19
558151,2020-10-31,306,Bruck/Leitha,Frauen,20 bis 24 Jahre,B9999,unbestimmt (nur Pst),1,20,24
558161,2020-10-31,306,Bruck/Leitha,Frauen,25 bis 29 Jahre,B9999,unbestimmt (nur Pst),1,25,29
558226,2020-10-31,306,Bruck/Leitha,Männer,bis 19 Jahre,B9999,unbestimmt (nur Pst),7,0,19
558307,2020-10-31,308,Gänserndorf,Frauen,bis 19 Jahre,B9999,unbestimmt (nur Pst),6,0,19
558338,2020-10-31,308,Gänserndorf,Frauen,20 bis 24 Jahre,B9999,unbestimmt (nur Pst),1,20,24
558360,2020-10-31,308,Gänserndorf,Frauen,25 bis 29 Jahre,B9999,unbestimmt (nur Pst),1,25,29
558476,2020-10-31,308,Gänserndorf,Männer,bis 19 Jahre,B9999,unbestimmt (nur Pst),11,0,19
558518,2020-10-31,308,Gänserndorf,Männer,20 bis 24 Jahre,B9999,unbestimmt (nur Pst),1,20,24
558686,2020-10-31,311,Gmünd,Männer,bis 19 Jahre,B9999,unbestimmt (nur Pst),1,0,19
558772,2020-10-31,312,Hollabrunn,Frauen,25 bis 29 Jahre,B9999,unbestimmt (nur Pst),2,25,29
558833,2020-10-31,312,Hollabrunn,Männer,bis 19 Jahre,B9999,unbestimmt (nur Pst),1,0,19
558848,2020-10-31,312,Hollabrunn,Männer,20 bis 24 Jahre,B9999,unbestimmt (nur Pst),1,20,24
558860,2020-10-31,312,Hollabrunn,Männer,25 bis 29 Jahre,B9999,unbestimmt (nur Pst),1,25,29
558892,2020-10-31,313,Horn,Frauen,bis 19 Jahre,B9999,unbestimmt (nur Pst),1,0,19
558900,2020-10-31,313,Horn,Frauen,20 bis 24 Jahre,B9999,unbestimmt (nur Pst),4,20,24
558932,2020-10-31,313,Horn,Männer,bis 19 Jahre,B9999,unbestimmt (nur Pst),1,0,19
558945,2020-10-31,313,Horn,Männer,20 bis 24 Jahre,B9999,unbestimmt (nur Pst),1,20,24
558976,2020-10-31,314,Korneuburg,Frauen,bis 19 Jahre,B9999,unbestimmt (nur Pst),3,0,19
558999,2020-10-31,314,Korneuburg,Frauen,20 bis 24 Jahre,B9999,unbestimmt (nur Pst),2,20,24
559033,2020-10-31,314,Korneuburg,Frauen,30 bis 34 Jahre,B9999,unbestimmt (nur Pst),1,30,34
559135,2020-10-31,314,Korneuburg,Männer,bis 19 Jahre,B9999,unbestimmt (nur Pst),12,0,19
559161,2020-10-31,314,Korneuburg,Männer,20 bis 24 Jahre,B9999,unbestimmt (nur Pst),1,20,24
559232,2020-10-31,315,Krems,Frauen,bis 19 Jahre,B9999,unbestimmt (nur Pst),4,0,19
559250,2020-10-31,315,Krems,Frauen,20 bis 24 Jahre,B9999,unbestimmt (nur Pst),1,20,24
559369,2020-10-31,315,Krems,Männer,bis 19 Jahre,B9999,unbestimmt (nur Pst),3,0,19
559450,2020-10-31,315,Krems,Männer,35 bis 39 Jahre,B9999,unbestimmt (nur Pst),1,35,39
559488,2020-10-31,316,Lilienfeld,Frauen,bis 19 Jahre,B9999,unbestimmt (nur Pst),1,0,19
559523,2020-10-31,316,Lilienfeld,Frauen,40 bis 44 Jahre,B9999,unbestimmt (nur Pst),1,40,44
559528,2020-10-31,316,Lilienfeld,Frauen,45 bis 49 Jahre,B9999,unbestimmt (nur Pst),1,45,49
559798,2020-10-31,319,Mistelbach,Frauen,bis 19 Jahre,B9999,unbestimmt (nur Pst),4,0,19
559811,2020-10-31,319,Mistelbach,Frauen,20 bis 24 Jahre,B9999,unbestimmt (nur Pst),2,20,24
559888,2020-10-31,319,Mistelbach,Männer,bis 19 Jahre,B9999,unbestimmt (nur Pst),3,0,19
559985,2020-10-31,321,Mödling,Frauen,bis 19 Jahre,B9999,unbestimmt (nur Pst),2,0,19
560013,2020-10-31,321,Mödling,Frauen,20 bis 24 Jahre,B9999,unbestimmt (nur Pst),2,20,24
560102,2020-10-31,321,Mödling,Frauen,45 bis 49 Jahre,B9999,unbestimmt (nur Pst),1,45,49
560144,2020-10-31,321,Mödling,Männer,bis 19 Jahre,B9999,unbestimmt (nur Pst),3,0,19
560178,2020-10-31,321,Mödling,Männer,20 bis 24 Jahre,B9999,unbestimmt (nur Pst),2,20,24
560259,2020-10-31,321,Mödling,Männer,50 bis 54 Jahre,B9999,unbestimmt (nur Pst),1,50,54
560287,2020-10-31,323,Neunkirchen,Frauen,bis 19 Jahre,B9999,unbestimmt (nur Pst),3,0,19
560570,2020-10-31,326,St. Pölten,Frauen,bis 19 Jahre,B9999,unbestimmt (nur Pst),11,0,19
560602,2020-10-31,326,St. Pölten,Frauen,20 bis 24 Jahre,B9999,unbestimmt (nur Pst),1,20,24
560623,2020-10-31,326,St. Pölten,Frauen,25 bis 29 Jahre,B9999,unbestimmt (nur Pst),1,25,29
560785,2020-10-31,326,St. Pölten,Männer,bis 19 Jahre,B9999,unbestimmt (nur Pst),10,0,19
560827,2020-10-31,326,St. Pölten,Männer,20 bis 24 Jahre,B9999,unbestimmt (nur Pst),3,20,24
560988,2020-10-31,328,Scheibbs,Frauen,bis 19 Jahre,B9999,unbestimmt (nur Pst),3,0,19
560999,2020-10-31,328,Scheibbs,Frauen,20 bis 24 Jahre,B9999,unbestimmt (nur Pst),1,20,24
561050,2020-10-31,328,Scheibbs,Männer,bis 19 Jahre,B9999,unbestimmt (nur Pst),3,0,19
561110,2020-10-31,329,Schwechat,Frauen,bis 19 Jahre,B9999,unbestimmt (nur Pst),2,0,19
561129,2020-10-31,329,Schwechat,Frauen,20 bis 24 Jahre,B9999,unbestimmt (nur Pst),1,20,24
561238,2020-10-31,329,Schwechat,Männer,bis 19 Jahre,B9999,unbestimmt (nur Pst),3,0,19
561342,2020-10-31,331,Tulln,Frauen,bis 19 Jahre,B9999,unbestimmt (nur Pst),7,0,19
561425,2020-10-31,331,Tulln,Frauen,40 bis 44 Jahre,B9999,unbestimmt (nur Pst),1,40,44
561470,2020-10-31,331,Tulln,Männer,bis 19 Jahre,B9999,unbestimmt (nur Pst),11,0,19
561492,2020-10-31,331,Tulln,Männer,20 bis 24 Jahre,B9999,unbestimmt (nur Pst),2,20,24
561563,2020-10-31,332,Waidhofen/Thaya,Frauen,bis 19 Jahre,B9999,unbestimmt (nur Pst),2,0,19
561618,2020-10-31,332,Waidhofen/Thaya,Männer,bis 19 Jahre,B9999,unbestimmt (nur Pst),2,0,19
561650,2020-10-31,333,Waidhofen/Ybbs,Frauen,bis 19 Jahre,B9999,unbestimmt (nur Pst),1,0,19
561702,2020-10-31,333,Waidhofen/Ybbs,Männer,bis 19 Jahre,B9999,unbestimmt (nur Pst),3,0,19
561757,2020-10-31,334,Wr. Neustadt,Frauen,bis 19 Jahre,B9999,unbestimmt (nur Pst),3,0,19
561777,2020-10-31,334,Wr. Neustadt,Frauen,20 bis 24 Jahre,B9999,unbestimmt (nur Pst),2,20,24
561932,2020-10-31,334,Wr. Neustadt,Männer,bis 19 Jahre,B9999,unbestimmt (nur Pst),2,0,19
562231,2020-10-31,401,Braunau,Frauen,bis 19 Jahre,B9999,unbestimmt (nur Pst),9,0,19
562253,2020-10-31,401,Braunau,Frauen,20 bis 24 Jahre,B9999,unbestimmt (nur Pst),6,20,24
562274,2020-10-31,401,Braunau,Frauen,25 bis 29 Jahre,B9999,unbestimmt (nur Pst),1,25,29
562296,2020-10-31,401,Braunau,Frauen,30 bis 34 Jahre,B9999,unbestimmt (nur Pst),1,30,34
562381,2020-10-31,401,Braunau,Männer,bis 19 Jahre,B9999,unbestimmt (nur Pst),14,0,19
562409,2020-10-31,401,Braunau,Männer,20 bis 24 Jahre,B9999,unbestimmt (nur Pst),4,20,24
562442,2020-10-31,401,Braunau,Männer,30 bis 34 Jahre,B9999,unbestimmt (nur Pst),1,30,34
562516,2020-10-31,402,Eferding,Frauen,20 bis 24 Jahre,B9999,unbestimmt (nur Pst),1,20,24
562585,2020-10-31,402,Eferding,Männer,35 bis 39 Jahre,B9999,unbestimmt (nur Pst),1,35,39
562732,2020-10-31,403,Freistadt,Männer,20 bis 24 Jahre,B9999,unbestimmt (nur Pst),1,20,24
562816,2020-10-31,404,Gmunden,Frauen,bis 19 Jahre,B9999,unbestimmt (nur Pst),9,0,19
562979,2020-10-31,404,Gmunden,Männer,bis 19 Jahre,B9999,unbestimmt (nur Pst),9,0,19
563133,2020-10-31,406,Grieskirchen,Frauen,bis 19 Jahre,B9999,unbestimmt (nur Pst),1,0,19
563296,2020-10-31,407,Kirchdorf/Krems,Frauen,bis 19 Jahre,B9999,unbestimmt (nur Pst),6,0,19
563330,2020-10-31,407,Kirchdorf/Krems,Frauen,25 bis 29 Jahre,B9999,unbestimmt (nur Pst),1,25,29
563356,2020-10-31,407,Kirchdorf/Krems,Frauen,35 bis 39 Jahre,B9999,unbestimmt (nur Pst),1,35,39
563406,2020-10-31,407,Kirchdorf/Krems,Männer,bis 19 Jahre,B9999,unbestimmt (nur Pst),2,0,19
563510,2020-10-31,409,Linz neu,Frauen,bis 19 Jahre,B9999,unbestimmt (nur Pst),22,0,19
563554,2020-10-31,409,Linz neu,Frauen,20 bis 24 Jahre,B9999,unbestimmt (nur Pst),8,20,24
563608,2020-10-31,409,Linz neu,Frauen,25 bis 29 Jahre,B9999,unbestimmt (nur Pst),2,25,29
563647,2020-10-31,409,Linz neu,Frauen,30 bis 34 Jahre,B9999,unbestimmt (nur Pst),1,30,34
563690,2020-10-31,409,Linz neu,Frauen,35 bis 39 Jahre,B9999,unbestimmt (nur Pst),5,35,39
563730,2020-10-31,409,Linz neu,Frauen,40 bis 44 Jahre,B9999,unbestimmt (nur Pst),1,40,44
563767,2020-10-31,409,Linz neu,Frauen,45 bis 49 Jahre,B9999,unbestimmt (nur Pst),1,45,49
563789,2020-10-31,409,Linz neu,Frauen,50 bis 54 Jahre,B9999,unbestimmt (nur Pst),1,50,54
563846,2020-10-31,409,Linz neu,Männer,bis 19 Jahre,B9999,unbestimmt (nur Pst),23,0,19
563904,2020-10-31,409,Linz neu,Männer,20 bis 24 Jahre,B9999,unbestimmt (nur Pst),8,20,24
563958,2020-10-31,409,Linz neu,Männer,25 bis 29 Jahre,B9999,unbestimmt (nur Pst),2,25,29
564006,2020-10-31,409,Linz neu,Männer,30 bis 34 Jahre,B9999,unbestimmt (nur Pst),1,30,34
564050,2020-10-31,409,Linz neu,Männer,35 bis 39 Jahre,B9999,unbestimmt (nur Pst),1,35,39
564088,2020-10-31,409,Linz neu,Männer,40 bis 44 Jahre,B9999,unbestimmt (nur Pst),2,40,44
564167,2020-10-31,409,Linz neu,Männer,55 bis 59 Jahre,B9999,unbestimmt (nur Pst),3,55,59
564312,2020-10-31,411,Perg,Männer,20 bis 24 Jahre,B9999,unbestimmt (nur Pst),1,20,24
564406,2020-10-31,412,Ried im Innkreis,Frauen,bis 19 Jahre,B9999,unbestimmt (nur Pst),4,0,19
564440,2020-10-31,412,Ried im Innkreis,Frauen,25 bis 29 Jahre,B9999,unbestimmt (nur Pst),1,25,29
564466,2020-10-31,412,Ried im Innkreis,Frauen,35 bis 39 Jahre,B9999,unbestimmt (nur Pst),1,35,39
564489,2020-10-31,412,Ried im Innkreis,Frauen,45 bis 49 Jahre,B9999,unbestimmt (nur Pst),1,45,49
564513,2020-10-31,412,Ried im Innkreis,Männer,bis 19 Jahre,B9999,unbestimmt (nur Pst),3,0,19
564540,2020-10-31,412,Ried im Innkreis,Männer,20 bis 24 Jahre,B9999,unbestimmt (nur Pst),2,20,24
564551,2020-10-31,412,Ried im Innkreis,Männer,25 bis 29 Jahre,B9999,unbestimmt (nur Pst),2,25,29
564608,2020-10-31,413,Rohrbach,Frauen,bis 19 Jahre,B9999,unbestimmt (nur Pst),1,0,19
564695,2020-10-31,413,Rohrbach,Männer,bis 19 Jahre,B9999,unbestimmt (nur Pst),1,0,19
564784,2020-10-31,414,Schärding,Frauen,25 bis 29 Jahre,B9999,unbestimmt (nur Pst),1,25,29
564919,2020-10-31,415,Steyr,Frauen,bis 19 Jahre,B9999,unbestimmt (nur Pst),16,0,19
564948,2020-10-31,415,Steyr,Frauen,20 bis 24 Jahre,B9999,unbestimmt (nur Pst),1,20,24
564974,2020-10-31,415,Steyr,Frauen,25 bis 29 Jahre,B9999,unbestimmt (nur Pst),3,25,29
565039,2020-10-31,415,Steyr,Frauen,40 bis 44 Jahre,B9999,unbestimmt (nur Pst),1,40,44
565055,2020-10-31,415,Steyr,Frauen,45 bis 49 Jahre,B9999,unbestimmt (nur Pst),1,45,49
565106,2020-10-31,415,Steyr,Männer,bis 19 Jahre,B9999,unbestimmt (nur Pst),6,0,19
565135,2020-10-31,415,Steyr,Männer,20 bis 24 Jahre,B9999,unbestimmt (nur Pst),2,20,24
565184,2020-10-31,415,Steyr,Männer,35 bis 39 Jahre,B9999,unbestimmt (nur Pst),1,35,39
565252,2020-10-31,418,Vöcklabruck,Frauen,bis 19 Jahre,B9999,unbestimmt (nur Pst),8,0,19
565273,2020-10-31,418,Vöcklabruck,Frauen,20 bis 24 Jahre,B9999,unbestimmt (nur Pst),1,20,24
565438,2020-10-31,418,Vöcklabruck,Männer,bis 19 Jahre,B9999,unbestimmt (nur Pst),4,0,19
565462,2020-10-31,418,Vöcklabruck,Männer,20 bis 24 Jahre,B9999,unbestimmt (nur Pst),1,20,24
565511,2020-10-31,418,Vöcklabruck,Männer,35 bis 39 Jahre,B9999,unbestimmt (nur Pst),1,35,39
565615,2020-10-31,419,Wels,Frauen,bis 19 Jahre,B9999,unbestimmt (nur Pst),2,0,19
565633,2020-10-31,419,Wels,Frauen,20 bis 24 Jahre,B9999,unbestimmt (nur Pst),1,20,24
565651,2020-10-31,419,Wels,Frauen,25 bis 29 Jahre,B9999,unbestimmt (nur Pst),1,25,29
565667,2020-10-31,419,Wels,Frauen,30 bis 34 Jahre,B9999,unbestimmt (nur Pst),1,30,34
565694,2020-10-31,419,Wels,Frauen,35 bis 39 Jahre,B9999,unbestimmt (nur Pst),2,35,39
565727,2020-10-31,419,Wels,Frauen,45 bis 49 Jahre,B9999,unbestimmt (nur Pst),1,45,49
565789,2020-10-31,419,Wels,Männer,bis 19 Jahre,B9999,unbestimmt (nur Pst),1,0,19
565888,2020-10-31,419,Wels,Männer,40 bis 44 Jahre,B9999,unbestimmt (nur Pst),1,40,44
565953,2020-10-31,421,Traun,Frauen,bis 19 Jahre,B9999,unbestimmt (nur Pst),2,0,19
565977,2020-10-31,421,Traun,Frauen,20 bis 24 Jahre,B9999,unbestimmt (nur Pst),1,20,24
566009,2020-10-31,421,Traun,Frauen,25 bis 29 Jahre,B9999,unbestimmt (nur Pst),1,25,29
566037,2020-10-31,421,Traun,Frauen,30 bis 34 Jahre,B9999,unbestimmt (nur Pst),2,30,34
566062,2020-10-31,421,Traun,Frauen,35 bis 39 Jahre,B9999,unbestimmt (nur Pst),1,35,39
566092,2020-10-31,421,Traun,Frauen,40 bis 44 Jahre,B9999,unbestimmt (nur Pst),1,40,44
566113,2020-10-31,421,Traun,Frauen,45 bis 49 Jahre,B9999,unbestimmt (nur Pst),2,45,49
566180,2020-10-31,421,Traun,Männer,bis 19 Jahre,B9999,unbestimmt (nur Pst),1,0,19
566214,2020-10-31,421,Traun,Männer,20 bis 24 Jahre,B9999,unbestimmt (nur Pst),2,20,24
566366,2020-10-31,501,Bischofshofen,Frauen,bis 19 Jahre,B9999,unbestimmt (nur Pst),1,0,19
566425,2020-10-31,501,Bischofshofen,Frauen,30 bis 34 Jahre,B9999,unbestimmt (nur Pst),1,30,34
566440,2020-10-31,501,Bischofshofen,Frauen,35 bis 39 Jahre,B9999,unbestimmt (nur Pst),2,35,39
566465,2020-10-31,501,Bischofshofen,Frauen,45 bis 49 Jahre,B9999,unbestimmt (nur Pst),2,45,49
566485,2020-10-31,501,Bischofshofen,Frauen,55 bis 59 Jahre,B9999,unbestimmt (nur Pst),1,55,59
566554,2020-10-31,501,Bischofshofen,Männer,30 bis 34 Jahre,B9999,unbestimmt (nur Pst),1,30,34
566631,2020-10-31,503,Hallein,Frauen,20 bis 24 Jahre,B9999,unbestimmt (nur Pst),1,20,24
566850,2020-10-31,504,Salzburg,Frauen,20 bis 24 Jahre,B9999,unbestimmt (nur Pst),1,20,24
566958,2020-10-31,504,Salzburg,Frauen,35 bis 39 Jahre,B9999,unbestimmt (nur Pst),1,35,39
567043,2020-10-31,504,Salzburg,Frauen,50 bis 54 Jahre,B9999,unbestimmt (nur Pst),1,50,54
567141,2020-10-31,504,Salzburg,Männer,20 bis 24 Jahre,B9999,unbestimmt (nur Pst),1,20,24
567351,2020-10-31,504,Salzburg,Männer,50 bis 54 Jahre,B9999,unbestimmt (nur Pst),1,50,54
567433,2020-10-31,506,Zell am See,Frauen,bis 19 Jahre,B9999,unbestimmt (nur Pst),1,0,19
567556,2020-10-31,506,Zell am See,Männer,20 bis 24 Jahre,B9999,unbestimmt (nur Pst),2,20,24
567628,2020-10-31,601,Bruck/Mur,Frauen,bis 19 Jahre,B9999,unbestimmt (nur Pst),6,0,19
567651,2020-10-31,601,Bruck/Mur,Frauen,20 bis 24 Jahre,B9999,unbestimmt (nur Pst),2,20,24
567747,2020-10-31,601,Bruck/Mur,Männer,bis 19 Jahre,B9999,unbestimmt (nur Pst),5,0,19
567908,2020-10-31,603,Deutschlandsberg,Frauen,bis 19 Jahre,B9999,unbestimmt (nur Pst),2,0,19
568115,2020-10-31,604,Feldbach,Frauen,bis 19 Jahre,B9999,unbestimmt (nur Pst),2,0,19
568197,2020-10-31,604,Feldbach,Frauen,40 bis 44 Jahre,B9999,unbestimmt (nur Pst),1,40,44
568334,2020-10-31,606,Gleisdorf,Frauen,bis 19 Jahre,B9999,unbestimmt (nur Pst),1,0,19
568348,2020-10-31,606,Gleisdorf,Frauen,20 bis 24 Jahre,B9999,unbestimmt (nur Pst),2,20,24
568431,2020-10-31,606,Gleisdorf,Männer,20 bis 24 Jahre,B9999,unbestimmt (nur Pst),2,20,24
568487,2020-10-31,609,Hartberg,Frauen,bis 19 Jahre,B9999,unbestimmt (nur Pst),2,0,19
568649,2020-10-31,609,Hartberg,Männer,bis 19 Jahre,B9999,unbestimmt (nur Pst),3,0,19
568667,2020-10-31,609,Hartberg,Männer,20 bis 24 Jahre,B9999,unbestimmt (nur Pst),1,20,24
568790,2020-10-31,610,Judenburg,Frauen,bis 19 Jahre,B9999,unbestimmt (nur Pst),3,0,19
568915,2020-10-31,610,Judenburg,Männer,bis 19 Jahre,B9999,unbestimmt (nur Pst),2,0,19
569024,2020-10-31,611,Murau,Frauen,bis 19 Jahre,B9999,unbestimmt (nur Pst),2,0,19
569034,2020-10-31,611,Murau,Frauen,20 bis 24 Jahre,B9999,unbestimmt (nur Pst),1,20,24
569106,2020-10-31,614,Leibnitz,Frauen,bis 19 Jahre,B9999,unbestimmt (nur Pst),2,0,19
569147,2020-10-31,614,Leibnitz,Frauen,25 bis 29 Jahre,B9999,unbestimmt (nur Pst),1,25,29
569165,2020-10-31,614,Leibnitz,Frauen,30 bis 34 Jahre,B9999,unbestimmt (nur Pst),1,30,34
569276,2020-10-31,614,Leibnitz,Männer,20 bis 24 Jahre,B9999,unbestimmt (nur Pst),1,20,24
569364,2020-10-31,616,Leoben,Frauen,bis 19 Jahre,B9999,unbestimmt (nur Pst),1,0,19
569388,2020-10-31,616,Leoben,Frauen,20 bis 24 Jahre,B9999,unbestimmt (nur Pst),2,20,24
569400,2020-10-31,616,Leoben,Frauen,25 bis 29 Jahre,B9999,unbestimmt (nur Pst),1,25,29
569450,2020-10-31,616,Leoben,Frauen,40 bis 44 Jahre,B9999,unbestimmt (nur Pst),1,40,44
569488,2020-10-31,616,Leoben,Männer,bis 19 Jahre,B9999,unbestimmt (nur Pst),2,0,19
569514,2020-10-31,616,Leoben,Männer,20 bis 24 Jahre,B9999,unbestimmt (nur Pst),1,20,24
569605,2020-10-31,618,Liezen,Frauen,bis 19 Jahre,B9999,unbestimmt (nur Pst),1,0,19
569825,2020-10-31,621,Mürzzuschlag,Frauen,bis 19 Jahre,B9999,unbestimmt (nur Pst),1,0,19
569839,2020-10-31,621,Mürzzuschlag,Frauen,20 bis 24 Jahre,B9999,unbestimmt (nur Pst),1,20,24
569905,2020-10-31,621,Mürzzuschlag,Männer,bis 19 Jahre,B9999,unbestimmt (nur Pst),3,0,19
569920,2020-10-31,621,Mürzzuschlag,Männer,20 bis 24 Jahre,B9999,unbestimmt (nur Pst),2,20,24
570008,2020-10-31,622,Voitsberg,Frauen,bis 19 Jahre,B9999,unbestimmt (nur Pst),1,0,19
570026,2020-10-31,622,Voitsberg,Frauen,20 bis 24 Jahre,B9999,unbestimmt (nur Pst),2,20,24
570194,2020-10-31,623,Weiz,Frauen,bis 19 Jahre,B9999,unbestimmt (nur Pst),2,0,19
570289,2020-10-31,623,Weiz,Männer,30 bis 34 Jahre,B9999,unbestimmt (nur Pst),1,30,34
570295,2020-10-31,623,Weiz,Männer,35 bis 39 Jahre,B9999,unbestimmt (nur Pst),1,35,39
570354,2020-10-31,630,Graz-West und Umgebung,Frauen,bis 19 Jahre,B9999,unbestimmt (nur Pst),3,0,19
570404,2020-10-31,630,Graz-West und Umgebung,Frauen,20 bis 24 Jahre,B9999,unbestimmt (nur Pst),7,20,24
570725,2020-10-31,630,Graz-West und Umgebung,Männer,bis 19 Jahre,B9999,unbestimmt (nur Pst),9,0,19
570792,2020-10-31,630,Graz-West und Umgebung,Männer,20 bis 24 Jahre,B9999,unbestimmt (nur Pst),2,20,24
570846,2020-10-31,630,Graz-West und Umgebung,Männer,25 bis 29 Jahre,B9999,unbestimmt (nur Pst),1,25,29
570931,2020-10-31,630,Graz-West und Umgebung,Männer,35 bis 39 Jahre,B9999,unbestimmt (nur Pst),2,35,39
571016,2020-10-31,630,Graz-West und Umgebung,Männer,55 bis 59 Jahre,B9999,unbestimmt (nur Pst),1,55,59
571044,2020-10-31,631,Graz-Ost,Frauen,bis 19 Jahre,B9999,unbestimmt (nur Pst),2,0,19
571082,2020-10-31,631,Graz-Ost,Frauen,20 bis 24 Jahre,B9999,unbestimmt (nur Pst),2,20,24
571270,2020-10-31,631,Graz-Ost,Männer,bis 19 Jahre,B9999,unbestimmt (nur Pst),2,0,19
571321,2020-10-31,631,Graz-Ost,Männer,20 bis 24 Jahre,B9999,unbestimmt (nur Pst),1,20,24
571494,2020-10-31,701,Imst,Frauen,bis 19 Jahre,B9999,unbestimmt (nur Pst),1,0,19
571562,2020-10-31,701,Imst,Männer,bis 19 Jahre,B9999,unbestimmt (nur Pst),2,0,19
571608,2020-10-31,702,Innsbruck,Frauen,bis 19 Jahre,B9999,unbestimmt (nur Pst),1,0,19
571632,2020-10-31,702,Innsbruck,Frauen,20 bis 24 Jahre,B9999,unbestimmt (nur Pst),2,20,24
571656,2020-10-31,702,Innsbruck,Frauen,25 bis 29 Jahre,B9999,unbestimmt (nur Pst),4,25,29
571690,2020-10-31,702,Innsbruck,Frauen,30 bis 34 Jahre,B9999,unbestimmt (nur Pst),1,30,34
571718,2020-10-31,702,Innsbruck,Frauen,35 bis 39 Jahre,B9999,unbestimmt (nur Pst),1,35,39
571770,2020-10-31,702,Innsbruck,Frauen,45 bis 49 Jahre,B9999,unbestimmt (nur Pst),2,45,49
571881,2020-10-31,702,Innsbruck,Männer,20 bis 24 Jahre,B9999,unbestimmt (nur Pst),1,20,24
571906,2020-10-31,702,Innsbruck,Männer,25 bis 29 Jahre,B9999,unbestimmt (nur Pst),1,25,29
571933,2020-10-31,702,Innsbruck,Männer,30 bis 34 Jahre,B9999,unbestimmt (nur Pst),1,30,34
571963,2020-10-31,702,Innsbruck,Männer,35 bis 39 Jahre,B9999,unbestimmt (nur Pst),2,35,39
572026,2020-10-31,702,Innsbruck,Männer,55 bis 59 Jahre,B9999,unbestimmt (nur Pst),1,55,59
572037,2020-10-31,704,Kitzbühel,Frauen,bis 19 Jahre,B9999,unbestimmt (nur Pst),2,0,19
572082,2020-10-31,704,Kitzbühel,Frauen,40 bis 44 Jahre,B9999,unbestimmt (nur Pst),1,40,44
572115,2020-10-31,704,Kitzbühel,Männer,bis 19 Jahre,B9999,unbestimmt (nur Pst),1,0,19
572181,2020-10-31,705,Kufstein,Frauen,bis 19 Jahre,B9999,unbestimmt (nur Pst),5,0,19
572298,2020-10-31,705,Kufstein,Männer,bis 19 Jahre,B9999,unbestimmt (nur Pst),8,0,19
572322,2020-10-31,705,Kufstein,Männer,20 bis 24 Jahre,B9999,unbestimmt (nur Pst),3,20,24
572337,2020-10-31,705,Kufstein,Männer,25 bis 29 Jahre,B9999,unbestimmt (nur Pst),2,25,29
572394,2020-10-31,706,Landeck,Frauen,bis 19 Jahre,B9999,unbestimmt (nur Pst),3,0,19
572404,2020-10-31,706,Landeck,Frauen,20 bis 24 Jahre,B9999,unbestimmt (nur Pst),1,20,24
572461,2020-10-31,706,Landeck,Männer,bis 19 Jahre,B9999,unbestimmt (nur Pst),1,0,19
572466,2020-10-31,706,Landeck,Männer,20 bis 24 Jahre,B9999,unbestimmt (nur Pst),1,20,24
572483,2020-10-31,707,Lienz,Frauen,bis 19 Jahre,B9999,unbestimmt (nur Pst),1,0,19
572536,2020-10-31,707,Lienz,Männer,bis 19 Jahre,B9999,unbestimmt (nur Pst),1,0,19
572541,2020-10-31,707,Lienz,Männer,20 bis 24 Jahre,B9999,unbestimmt (nur Pst),1,20,24
572549,2020-10-31,707,Lienz,Männer,30 bis 34 Jahre,B9999,unbestimmt (nur Pst),1,30,34
572645,2020-10-31,709,Schwaz,Frauen,bis 19 Jahre,B9999,unbestimmt (nur Pst),6,0,19
572701,2020-10-31,709,Schwaz,Frauen,40 bis 44 Jahre,B9999,unbestimmt (nur Pst),1,40,44
572710,2020-10-31,709,Schwaz,Frauen,45 bis 49 Jahre,B9999,unbestimmt (nur Pst),1,45,49
572731,2020-10-31,709,Schwaz,Männer,bis 19 Jahre,B9999,unbestimmt (nur Pst),7,0,19
572768,2020-10-31,709,Schwaz,Männer,35 bis 39 Jahre,B9999,unbestimmt (nur Pst),1,35,39
572776,2020-10-31,709,Schwaz,Männer,40 bis 44 Jahre,B9999,unbestimmt (nur Pst),1,40,44
572800,2020-10-31,801,Bludenz,Frauen,bis 19 Jahre,B9999,unbestimmt (nur Pst),1,0,19
572821,2020-10-31,801,Bludenz,Frauen,20 bis 24 Jahre,B9999,unbestimmt (nur Pst),1,20,24
572951,2020-10-31,801,Bludenz,Männer,25 bis 29 Jahre,B9999,unbestimmt (nur Pst),1,25,29
573030,2020-10-31,802,Bregenz,Frauen,20 bis 24 Jahre,B9999,unbestimmt (nur Pst),2,20,24
573084,2020-10-31,802,Bregenz,Frauen,30 bis 34 Jahre,B9999,unbestimmt (nur Pst),1,30,34
573202,2020-10-31,802,Bregenz,Männer,bis 19 Jahre,B9999,unbestimmt (nur Pst),1,0,19
573259,2020-10-31,802,Bregenz,Männer,25 bis 29 Jahre,B9999,unbestimmt (nur Pst),2,25,29
573400,2020-10-31,804,Dornbirn,Frauen,20 bis 24 Jahre,B9999,unbestimmt (nur Pst),1,20,24
573505,2020-10-31,804,Dornbirn,Frauen,45 bis 49 Jahre,B9999,unbestimmt (nur Pst),2,45,49
573554,2020-10-31,804,Dornbirn,Männer,bis 19 Jahre,B9999,unbestimmt (nur Pst),1,0,19
573587,2020-10-31,804,Dornbirn,Männer,20 bis 24 Jahre,B9999,unbestimmt (nur Pst),1,20,24
573604,2020-10-31,804,Dornbirn,Männer,25 bis 29 Jahre,B9999,unbestimmt (nur Pst),1,25,29
573662,2020-10-31,804,Dornbirn,Männer,50 bis 54 Jahre,B9999,unbestimmt (nur Pst),1,50,54
573692,2020-10-31,805,Feldkirch,Frauen,bis 19 Jahre,B9999,unbestimmt (nur Pst),4,0,19
573720,2020-10-31,805,Feldkirch,Frauen,20 bis 24 Jahre,B9999,unbestimmt (nur Pst),3,20,24
573743,2020-10-31,805,Feldkirch,Frauen,25 bis 29 Jahre,B9999,unbestimmt (nur Pst),5,25,29
573789,2020-10-31,805,Feldkirch,Frauen,35 bis 39 Jahre,B9999,unbestimmt (nur Pst),1,35,39
573816,2020-10-31,805,Feldkirch,Frauen,40 bis 44 Jahre,B9999,unbestimmt (nur Pst),1,40,44
573835,2020-10-31,805,Feldkirch,Frauen,45 bis 49 Jahre,B9999,unbestimmt (nur Pst),1,45,49
573884,2020-10-31,805,Feldkirch,Männer,bis 19 Jahre,B9999,unbestimmt (nur Pst),7,0,19
573921,2020-10-31,805,Feldkirch,Männer,20 bis 24 Jahre,B9999,unbestimmt (nur Pst),2,20,24
573948,2020-10-31,805,Feldkirch,Männer,25 bis 29 Jahre,B9999,unbestimmt (nur Pst),1,25,29
573981,2020-10-31,805,Feldkirch,Männer,35 bis 39 Jahre,B9999,unbestimmt (nur Pst),3,35,39
574346,2020-10-31,958,Wien Johnstraße,Männer,20 bis 24 Jahre,B9999,unbestimmt (nur Pst),2,20,24
574395,2020-10-31,958,Wien Johnstraße,Männer,25 bis 29 Jahre,B9999,unbestimmt (nur Pst),1,25,29
574812,2020-10-31,959,Wien Hauffgasse,Frauen,45 bis 49 Jahre,B9999,unbestimmt (nur Pst),1,45,49
575096,2020-10-31,959,Wien Hauffgasse,Männer,45 bis 49 Jahre,B9999,unbestimmt (nur Pst),1,45,49
575207,2020-10-31,960,Wien Esteplatz,Frauen,20 bis 24 Jahre,B9999,unbestimmt (nur Pst),1,20,24
576152,2020-10-31,962,Wien Redergasse,Männer,20 bis 24 Jahre,B9999,unbestimmt (nur Pst),2,20,24
576431,2020-10-31,962,Wien Redergasse,Männer,50 bis 54 Jahre,B9999,unbestimmt (nur Pst),1,50,54
576566,2020-10-31,963,Wien Währinger Gürtel,Frauen,30 bis 34 Jahre,B9999,unbestimmt (nur Pst),1,30,34
576750,2020-10-31,963,Wien Währinger Gürtel,Männer,20 bis 24 Jahre,B9999,unbestimmt (nur Pst),1,20,24
576793,2020-10-31,963,Wien Währinger Gürtel,Männer,25 bis 29 Jahre,B9999,unbestimmt (nur Pst),1,25,29
577047,2020-10-31,964,Wien Favoritenstraße,Frauen,20 bis 24 Jahre,B9999,unbestimmt (nur Pst),1,20,24
577100,2020-10-31,964,Wien Favoritenstraße,Frauen,25 bis 29 Jahre,B9999,unbestimmt (nur Pst),1,25,29
577936,2020-10-31,965,Wien Schönbrunner Straße,Frauen,20 bis 24 Jahre,B9999,unbestimmt (nur Pst),3,20,24
578199,2020-10-31,965,Wien Schönbrunner Straße,Frauen,50 bis 54 Jahre,B9999,unbestimmt (nur Pst),1,50,54
578419,2020-10-31,965,Wien Schönbrunner Straße,Männer,30 bis 34 Jahre,B9999,unbestimmt (nur Pst),1,30,34
578600,2020-10-31,965,Wien Schönbrunner Straße,Männer,50 bis 54 Jahre,B9999,unbestimmt (nur Pst),1,50,54
578671,2020-10-31,966,Wien Hietzinger Kai,Frauen,20 bis 24 Jahre,B9999,unbestimmt (nur Pst),1,20,24
579308,2020-10-31,967,Wien Huttengasse,Frauen,20 bis 24 Jahre,B9999,unbestimmt (nur Pst),1,20,24
579353,2020-10-31,967,Wien Huttengasse,Frauen,25 bis 29 Jahre,B9999,unbestimmt (nur Pst),1,25,29
579679,2020-10-31,967,Wien Huttengasse,Männer,20 bis 24 Jahre,B9999,unbestimmt (nur Pst),1,20,24
579804,2020-10-31,967,Wien Huttengasse,Männer,30 bis 34 Jahre,B9999,unbestimmt (nur Pst),1,30,34
579858,2020-10-31,967,Wien Huttengasse,Männer,35 bis 39 Jahre,B9999,unbestimmt (nur Pst),1,35,39
580082,2020-10-31,968,Wien Schloßhofer Straße,Frauen,20 bis 24 Jahre,B9999,unbestimmt (nur Pst),1,20,24
580185,2020-10-31,968,Wien Schloßhofer Straße,Frauen,30 bis 34 Jahre,B9999,unbestimmt (nur Pst),1,30,34
580238,2020-10-31,968,Wien Schloßhofer Straße,Frauen,35 bis 39 Jahre,B9999,unbestimmt (nur Pst),1,35,39
580367,2020-10-31,968,Wien Schloßhofer Straße,Frauen,55 bis 59 Jahre,B9999,unbestimmt (nur Pst),1,55,59
580695,2020-10-31,968,Wien Schloßhofer Straße,Männer,50 bis 54 Jahre,B9999,unbestimmt (nur Pst),1,50,54
580775,2020-10-31,969,Wien-Wagramer Straße,Frauen,20 bis 24 Jahre,B9999,unbestimmt (nur Pst),2,20,24
581551,2020-10-31,970,Wien Jugendliche,Frauen,bis 19 Jahre,B9999,unbestimmt (nur Pst),27,0,19
581621,2020-10-31,970,Wien Jugendliche,Frauen,20 bis 24 Jahre,B9999,unbestimmt (nur Pst),4,20,24
581719,2020-10-31,970,Wien Jugendliche,Männer,bis 19 Jahre,B9999,unbestimmt (nur Pst),41,0,19
581811,2020-10-31,970,Wien Jugendliche,Männer,20 bis 24 Jahre,B9999,unbestimmt (nur Pst),7,20,24
581837,2020-10-31,974,Wien Austria Campus,Frauen,20 bis 24 Jahre,B9999,unbestimmt (nur Pst),1,20,24
582149,2020-10-31,974,Wien Austria Campus,Männer,25 bis 29 Jahre,B9999,unbestimmt (nur Pst),1,25,29
582245,2020-10-31,974,Wien Austria Campus,Männer,35 bis 39 Jahre,B9999,unbestimmt (nur Pst),1,35,39
582287,2020-10-31,974,Wien Austria Campus,Männer,40 bis 44 Jahre,B9999,unbestimmt (nur Pst),1,40,44
582421,2020-10-31,975,Wien Jäger Straße,Frauen,20 bis 24 Jahre,B9999,unbestimmt (nur Pst),1,20,24
582698,2020-10-31,975,Wien Jäger Straße,Männer,20 bis 24 Jahre,B9999,unbestimmt (nur Pst),1,20,24
583061,2020-11-30,101,Eisenstadt,Männer,bis 19 Jahre,B9999,unbestimmt (nur Pst),4,0,19
583237,2020-11-30,102,Mattersburg,Männer,20 bis 24 Jahre,B9999,unbestimmt (nur Pst),1,20,24
583243,2020-11-30,102,Mattersburg,Männer,25 bis 29 Jahre,B9999,unbestimmt (nur Pst),1,25,29
583591,2020-11-30,105,Oberwart,Frauen,20 bis 24 Jahre,B9999,unbestimmt (nur Pst),1,20,24
583604,2020-11-30,105,Oberwart,Frauen,25 bis 29 Jahre,B9999,unbestimmt (nur Pst),1,25,29
583842,2020-11-30,106,Stegersbach,Frauen,20 bis 24 Jahre,B9999,unbestimmt (nur Pst),1,20,24
583850,2020-11-30,106,Stegersbach,Frauen,25 bis 29 Jahre,B9999,unbestimmt (nur Pst),1,25,29
583959,2020-11-30,107,Jennersdorf,Frauen,bis 19 Jahre,B9999,unbestimmt (nur Pst),1,0,19
584035,2020-11-30,107,Jennersdorf,Männer,35 bis 39 Jahre,B9999,unbestimmt (nur Pst),1,35,39
584064,2020-11-30,201,Feldkirchen,Frauen,25 bis 29 Jahre,B9999,unbestimmt (nur Pst),1,25,29
584144,2020-11-30,202,Hermagor,Männer,bis 19 Jahre,B9999,unbestimmt (nur Pst),1,0,19
584185,2020-11-30,203,Klagenfurt,Frauen,bis 19 Jahre,B9999,unbestimmt (nur Pst),3,0,19
584217,2020-11-30,203,Klagenfurt,Frauen,20 bis 24 Jahre,B9999,unbestimmt (nur Pst),2,20,24
584260,2020-11-30,203,Klagenfurt,Frauen,30 bis 34 Jahre,B9999,unbestimmt (nur Pst),1,30,34
584291,2020-11-30,203,Klagenfurt,Frauen,35 bis 39 Jahre,B9999,unbestimmt (nur Pst),1,35,39
584312,2020-11-30,203,Klagenfurt,Frauen,40 bis 44 Jahre,B9999,unbestimmt (nur Pst),2,40,44
584367,2020-11-30,203,Klagenfurt,Frauen,50 bis 54 Jahre,B9999,unbestimmt (nur Pst),1,50,54
584413,2020-11-30,203,Klagenfurt,Männer,bis 19 Jahre,B9999,unbestimmt (nur Pst),5,0,19
584450,2020-11-30,203,Klagenfurt,Männer,20 bis 24 Jahre,B9999,unbestimmt (nur Pst),1,20,24
584485,2020-11-30,203,Klagenfurt,Männer,30 bis 34 Jahre,B9999,unbestimmt (nur Pst),1,30,34
584522,2020-11-30,203,Klagenfurt,Männer,40 bis 44 Jahre,B9999,unbestimmt (nur Pst),2,40,44
584542,2020-11-30,203,Klagenfurt,Männer,45 bis 49 Jahre,B9999,unbestimmt (nur Pst),2,45,49
584692,2020-11-30,204,Spittal/Drau,Männer,bis 19 Jahre,B9999,unbestimmt (nur Pst),3,0,19
584755,2020-11-30,205,St. Veit/Glan,Frauen,bis 19 Jahre,B9999,unbestimmt (nur Pst),1,0,19
584853,2020-11-30,205,St. Veit/Glan,Männer,20 bis 24 Jahre,B9999,unbestimmt (nur Pst),1,20,24
585318,2020-11-30,207,Völkermarkt,Männer,bis 19 Jahre,B9999,unbestimmt (nur Pst),2,0,19
585371,2020-11-30,208,Wolfsberg,Frauen,bis 19 Jahre,B9999,unbestimmt (nur Pst),2,0,19
585390,2020-11-30,208,Wolfsberg,Frauen,20 bis 24 Jahre,B9999,unbestimmt (nur Pst),1,20,24
585467,2020-11-30,208,Wolfsberg,Männer,bis 19 Jahre,B9999,unbestimmt (nur Pst),3,0,19
585535,2020-11-30,301,Amstetten,Frauen,bis 19 Jahre,B9999,unbestimmt (nur Pst),6,0,19
585555,2020-11-30,301,Amstetten,Frauen,20 bis 24 Jahre,B9999,unbestimmt (nur Pst),3,20,24
585664,2020-11-30,301,Amstetten,Männer,bis 19 Jahre,B9999,unbestimmt (nur Pst),18,0,19
585693,2020-11-30,301,Amstetten,Männer,20 bis 24 Jahre,B9999,unbestimmt (nur Pst),1,20,24
585707,2020-11-30,301,Amstetten,Männer,25 bis 29 Jahre,B9999,unbestimmt (nur Pst),1,25,29
585805,2020-11-30,304,Baden neu,Frauen,bis 19 Jahre,B9999,unbestimmt (nur Pst),5,0,19
585829,2020-11-30,304,Baden neu,Frauen,20 bis 24 Jahre,B9999,unbestimmt (nur Pst),4,20,24
585848,2020-11-30,304,Baden neu,Frauen,25 bis 29 Jahre,B9999,unbestimmt (nur Pst),1,25,29
585889,2020-11-30,304,Baden neu,Frauen,35 bis 39 Jahre,B9999,unbestimmt (nur Pst),1,35,39
585914,2020-11-30,304,Baden neu,Frauen,40 bis 44 Jahre,B9999,unbestimmt (nur Pst),1,40,44
585996,2020-11-30,304,Baden neu,Männer,bis 19 Jahre,B9999,unbestimmt (nur Pst),7,0,19
586034,2020-11-30,304,Baden neu,Männer,20 bis 24 Jahre,B9999,unbestimmt (nur Pst),3,20,24
586053,2020-11-30,304,Baden neu,Männer,25 bis 29 Jahre,B9999,unbestimmt (nur Pst),2,25,29
586161,2020-11-30,306,Bruck/Leitha,Frauen,bis 19 Jahre,B9999,unbestimmt (nur Pst),3,0,19
586177,2020-11-30,306,Bruck/Leitha,Frauen,20 bis 24 Jahre,B9999,unbestimmt (nur Pst),1,20,24
586187,2020-11-30,306,Bruck/Leitha,Frauen,25 bis 29 Jahre,B9999,unbestimmt (nur Pst),1,25,29
586255,2020-11-30,306,Bruck/Leitha,Männer,bis 19 Jahre,B9999,unbestimmt (nur Pst),7,0,19
586331,2020-11-30,308,Gänserndorf,Frauen,bis 19 Jahre,B9999,unbestimmt (nur Pst),5,0,19
586362,2020-11-30,308,Gänserndorf,Frauen,20 bis 24 Jahre,B9999,unbestimmt (nur Pst),2,20,24
586380,2020-11-30,308,Gänserndorf,Frauen,25 bis 29 Jahre,B9999,unbestimmt (nur Pst),1,25,29
586502,2020-11-30,308,Gänserndorf,Männer,bis 19 Jahre,B9999,unbestimmt (nur Pst),9,0,19
586542,2020-11-30,308,Gänserndorf,Männer,20 bis 24 Jahre,B9999,unbestimmt (nur Pst),1,20,24
586711,2020-11-30,311,Gmünd,Männer,bis 19 Jahre,B9999,unbestimmt (nur Pst),1,0,19
586789,2020-11-30,312,Hollabrunn,Frauen,25 bis 29 Jahre,B9999,unbestimmt (nur Pst),1,25,29
586850,2020-11-30,312,Hollabrunn,Männer,bis 19 Jahre,B9999,unbestimmt (nur Pst),2,0,19
586861,2020-11-30,312,Hollabrunn,Männer,20 bis 24 Jahre,B9999,unbestimmt (nur Pst),1,20,24
586872,2020-11-30,312,Hollabrunn,Männer,25 bis 29 Jahre,B9999,unbestimmt (nur Pst),1,25,29
586907,2020-11-30,313,Horn,Frauen,bis 19 Jahre,B9999,unbestimmt (nur Pst),1,0,19
586917,2020-11-30,313,Horn,Frauen,20 bis 24 Jahre,B9999,unbestimmt (nur Pst),3,20,24
586956,2020-11-30,313,Horn,Männer,bis 19 Jahre,B9999,unbestimmt (nur Pst),1,0,19
586969,2020-11-30,313,Horn,Männer,20 bis 24 Jahre,B9999,unbestimmt (nur Pst),1,20,24
587005,2020-11-30,314,Korneuburg,Frauen,bis 19 Jahre,B9999,unbestimmt (nur Pst),4,0,19
587028,2020-11-30,314,Korneuburg,Frauen,20 bis 24 Jahre,B9999,unbestimmt (nur Pst),2,20,24
587058,2020-11-30,314,Korneuburg,Frauen,30 bis 34 Jahre,B9999,unbestimmt (nur Pst),1,30,34
587156,2020-11-30,314,Korneuburg,Männer,bis 19 Jahre,B9999,unbestimmt (nur Pst),11,0,19
587180,2020-11-30,314,Korneuburg,Männer,20 bis 24 Jahre,B9999,unbestimmt (nur Pst),1,20,24
587252,2020-11-30,315,Krems,Frauen,bis 19 Jahre,B9999,unbestimmt (nur Pst),5,0,19
587272,2020-11-30,315,Krems,Frauen,20 bis 24 Jahre,B9999,unbestimmt (nur Pst),1,20,24
587396,2020-11-30,315,Krems,Männer,bis 19 Jahre,B9999,unbestimmt (nur Pst),3,0,19
587474,2020-11-30,315,Krems,Männer,35 bis 39 Jahre,B9999,unbestimmt (nur Pst),1,35,39
587510,2020-11-30,316,Lilienfeld,Frauen,bis 19 Jahre,B9999,unbestimmt (nur Pst),1,0,19
587549,2020-11-30,316,Lilienfeld,Frauen,40 bis 44 Jahre,B9999,unbestimmt (nur Pst),1,40,44
587554,2020-11-30,316,Lilienfeld,Frauen,45 bis 49 Jahre,B9999,unbestimmt (nur Pst),1,45,49
587586,2020-11-30,316,Lilienfeld,Männer,20 bis 24 Jahre,B9999,unbestimmt (nur Pst),1,20,24
587602,2020-11-30,316,Lilienfeld,Männer,35 bis 39 Jahre,B9999,unbestimmt (nur Pst),1,35,39
587824,2020-11-30,319,Mistelbach,Frauen,bis 19 Jahre,B9999,unbestimmt (nur Pst),4,0,19
587838,2020-11-30,319,Mistelbach,Frauen,20 bis 24 Jahre,B9999,unbestimmt (nur Pst),2,20,24
587921,2020-11-30,319,Mistelbach,Männer,bis 19 Jahre,B9999,unbestimmt (nur Pst),4,0,19
588013,2020-11-30,321,Mödling,Frauen,bis 19 Jahre,B9999,unbestimmt (nur Pst),2,0,19
588040,2020-11-30,321,Mödling,Frauen,20 bis 24 Jahre,B9999,unbestimmt (nur Pst),1,20,24
588131,2020-11-30,321,Mödling,Frauen,45 bis 49 Jahre,B9999,unbestimmt (nur Pst),1,45,49
588177,2020-11-30,321,Mödling,Männer,bis 19 Jahre,B9999,unbestimmt (nur Pst),5,0,19
588215,2020-11-30,321,Mödling,Männer,20 bis 24 Jahre,B9999,unbestimmt (nur Pst),1,20,24
588290,2020-11-30,321,Mödling,Männer,50 bis 54 Jahre,B9999,unbestimmt (nur Pst),1,50,54
588300,2020-11-30,321,Mödling,Männer,55 bis 59 Jahre,B9999,unbestimmt (nur Pst),1,55,59
588319,2020-11-30,323,Neunkirchen,Frauen,bis 19 Jahre,B9999,unbestimmt (nur Pst),3,0,19
588599,2020-11-30,326,St. Pölten,Frauen,bis 19 Jahre,B9999,unbestimmt (nur Pst),12,0,19
588632,2020-11-30,326,St. Pölten,Frauen,20 bis 24 Jahre,B9999,unbestimmt (nur Pst),1,20,24
588651,2020-11-30,326,St. Pölten,Frauen,25 bis 29 Jahre,B9999,unbestimmt (nur Pst),1,25,29
588823,2020-11-30,326,St. Pölten,Männer,bis 19 Jahre,B9999,unbestimmt (nur Pst),9,0,19
588867,2020-11-30,326,St. Pölten,Männer,20 bis 24 Jahre,B9999,unbestimmt (nur Pst),3,20,24
588898,2020-11-30,326,St. Pölten,Männer,25 bis 29 Jahre,B9999,unbestimmt (nur Pst),1,25,29
589039,2020-11-30,328,Scheibbs,Frauen,bis 19 Jahre,B9999,unbestimmt (nur Pst),3,0,19
589051,2020-11-30,328,Scheibbs,Frauen,20 bis 24 Jahre,B9999,unbestimmt (nur Pst),2,20,24
589106,2020-11-30,328,Scheibbs,Männer,bis 19 Jahre,B9999,unbestimmt (nur Pst),4,0,19
589154,2020-11-30,329,Schwechat,Frauen,bis 19 Jahre,B9999,unbestimmt (nur Pst),2,0,19
589172,2020-11-30,329,Schwechat,Frauen,20 bis 24 Jahre,B9999,unbestimmt (nur Pst),1,20,24
589289,2020-11-30,329,Schwechat,Männer,bis 19 Jahre,B9999,unbestimmt (nur Pst),3,0,19
589383,2020-11-30,331,Tulln,Frauen,bis 19 Jahre,B9999,unbestimmt (nur Pst),4,0,19
589420,2020-11-30,331,Tulln,Frauen,25 bis 29 Jahre,B9999,unbestimmt (nur Pst),1,25,29
589469,2020-11-30,331,Tulln,Frauen,40 bis 44 Jahre,B9999,unbestimmt (nur Pst),1,40,44
589517,2020-11-30,331,Tulln,Männer,bis 19 Jahre,B9999,unbestimmt (nur Pst),11,0,19
589541,2020-11-30,331,Tulln,Männer,20 bis 24 Jahre,B9999,unbestimmt (nur Pst),1,20,24
589621,2020-11-30,332,Waidhofen/Thaya,Frauen,bis 19 Jahre,B9999,unbestimmt (nur Pst),2,0,19
589679,2020-11-30,332,Waidhofen/Thaya,Männer,bis 19 Jahre,B9999,unbestimmt (nur Pst),2,0,19
589714,2020-11-30,333,Waidhofen/Ybbs,Frauen,bis 19 Jahre,B9999,unbestimmt (nur Pst),1,0,19
589764,2020-11-30,333,Waidhofen/Ybbs,Männer,bis 19 Jahre,B9999,unbestimmt (nur Pst),3,0,19
589821,2020-11-30,334,Wr. Neustadt,Frauen,bis 19 Jahre,B9999,unbestimmt (nur Pst),4,0,19
589843,2020-11-30,334,Wr. Neustadt,Frauen,20 bis 24 Jahre,B9999,unbestimmt (nur Pst),2,20,24
589998,2020-11-30,334,Wr. Neustadt,Männer,bis 19 Jahre,B9999,unbestimmt (nur Pst),2,0,19
590280,2020-11-30,401,Braunau,Frauen,bis 19 Jahre,B9999,unbestimmt (nur Pst),8,0,19
590302,2020-11-30,401,Braunau,Frauen,20 bis 24 Jahre,B9999,unbestimmt (nur Pst),4,20,24
590323,2020-11-30,401,Braunau,Frauen,25 bis 29 Jahre,B9999,unbestimmt (nur Pst),2,25,29
590345,2020-11-30,401,Braunau,Frauen,30 bis 34 Jahre,B9999,unbestimmt (nur Pst),1,30,34
590374,2020-11-30,401,Braunau,Frauen,40 bis 44 Jahre,B9999,unbestimmt (nur Pst),1,40,44
590426,2020-11-30,401,Braunau,Männer,bis 19 Jahre,B9999,unbestimmt (nur Pst),14,0,19
590456,2020-11-30,401,Braunau,Männer,20 bis 24 Jahre,B9999,unbestimmt (nur Pst),4,20,24
590531,2020-11-30,401,Braunau,Männer,50 bis 54 Jahre,B9999,unbestimmt (nur Pst),1,50,54
590558,2020-11-30,402,Eferding,Frauen,20 bis 24 Jahre,B9999,unbestimmt (nur Pst),1,20,24
590575,2020-11-30,402,Eferding,Frauen,35 bis 39 Jahre,B9999,unbestimmt (nur Pst),1,35,39
590775,2020-11-30,403,Freistadt,Männer,20 bis 24 Jahre,B9999,unbestimmt (nur Pst),1,20,24
590798,2020-11-30,403,Freistadt,Männer,30 bis 34 Jahre,B9999,unbestimmt (nur Pst),1,30,34
590859,2020-11-30,404,Gmunden,Frauen,bis 19 Jahre,B9999,unbestimmt (nur Pst),8,0,19
591029,2020-11-30,404,Gmunden,Männer,bis 19 Jahre,B9999,unbestimmt (nur Pst),8,0,19
591174,2020-11-30,406,Grieskirchen,Frauen,bis 19 Jahre,B9999,unbestimmt (nur Pst),1,0,19
591326,2020-11-30,407,Kirchdorf/Krems,Frauen,bis 19 Jahre,B9999,unbestimmt (nur Pst),5,0,19
591388,2020-11-30,407,Kirchdorf/Krems,Frauen,35 bis 39 Jahre,B9999,unbestimmt (nur Pst),1,35,39
591440,2020-11-30,407,Kirchdorf/Krems,Männer,bis 19 Jahre,B9999,unbestimmt (nur Pst),3,0,19
591547,2020-11-30,409,Linz neu,Frauen,bis 19 Jahre,B9999,unbestimmt (nur Pst),23,0,19
591592,2020-11-30,409,Linz neu,Frauen,20 bis 24 Jahre,B9999,unbestimmt (nur Pst),11,20,24
591648,2020-11-30,409,Linz neu,Frauen,25 bis 29 Jahre,B9999,unbestimmt (nur Pst),3,25,29
591687,2020-11-30,409,Linz neu,Frauen,30 bis 34 Jahre,B9999,unbestimmt (nur Pst),2,30,34
591731,2020-11-30,409,Linz neu,Frauen,35 bis 39 Jahre,B9999,unbestimmt (nur Pst),5,35,39
591765,2020-11-30,409,Linz neu,Frauen,40 bis 44 Jahre,B9999,unbestimmt (nur Pst),3,40,44
591818,2020-11-30,409,Linz neu,Frauen,50 bis 54 Jahre,B9999,unbestimmt (nur Pst),1,50,54
591831,2020-11-30,409,Linz neu,Frauen,55 bis 59 Jahre,B9999,unbestimmt (nur Pst),1,55,59
591876,2020-11-30,409,Linz neu,Männer,bis 19 Jahre,B9999,unbestimmt (nur Pst),24,0,19
591932,2020-11-30,409,Linz neu,Männer,20 bis 24 Jahre,B9999,unbestimmt (nur Pst),8,20,24
591986,2020-11-30,409,Linz neu,Männer,25 bis 29 Jahre,B9999,unbestimmt (nur Pst),3,25,29
592038,2020-11-30,409,Linz neu,Männer,30 bis 34 Jahre,B9999,unbestimmt (nur Pst),2,30,34
592082,2020-11-30,409,Linz neu,Männer,35 bis 39 Jahre,B9999,unbestimmt (nur Pst),1,35,39
592122,2020-11-30,409,Linz neu,Männer,40 bis 44 Jahre,B9999,unbestimmt (nur Pst),3,40,44
592200,2020-11-30,409,Linz neu,Männer,55 bis 59 Jahre,B9999,unbestimmt (nur Pst),2,55,59
592354,2020-11-30,411,Perg,Männer,20 bis 24 Jahre,B9999,unbestimmt (nur Pst),2,20,24
592456,2020-11-30,412,Ried im Innkreis,Frauen,bis 19 Jahre,B9999,unbestimmt (nur Pst),9,0,19
592486,2020-11-30,412,Ried im Innkreis,Frauen,25 bis 29 Jahre,B9999,unbestimmt (nur Pst),3,25,29
592519,2020-11-30,412,Ried im Innkreis,Frauen,35 bis 39 Jahre,B9999,unbestimmt (nur Pst),1,35,39
592546,2020-11-30,412,Ried im Innkreis,Frauen,45 bis 49 Jahre,B9999,unbestimmt (nur Pst),1,45,49
592575,2020-11-30,412,Ried im Innkreis,Männer,bis 19 Jahre,B9999,unbestimmt (nur Pst),5,0,19
592600,2020-11-30,412,Ried im Innkreis,Männer,20 bis 24 Jahre,B9999,unbestimmt (nur Pst),2,20,24
592609,2020-11-30,412,Ried im Innkreis,Männer,25 bis 29 Jahre,B9999,unbestimmt (nur Pst),2,25,29
592683,2020-11-30,413,Rohrbach,Frauen,bis 19 Jahre,B9999,unbestimmt (nur Pst),1,0,19
592750,2020-11-30,413,Rohrbach,Frauen,45 bis 49 Jahre,B9999,unbestimmt (nur Pst),1,45,49
592770,2020-11-30,413,Rohrbach,Männer,bis 19 Jahre,B9999,unbestimmt (nur Pst),1,0,19
592863,2020-11-30,414,Schärding,Frauen,25 bis 29 Jahre,B9999,unbestimmt (nur Pst),1,25,29
592992,2020-11-30,415,Steyr,Frauen,bis 19 Jahre,B9999,unbestimmt (nur Pst),15,0,19
593021,2020-11-30,415,Steyr,Frauen,20 bis 24 Jahre,B9999,unbestimmt (nur Pst),1,20,24
593044,2020-11-30,415,Steyr,Frauen,25 bis 29 Jahre,B9999,unbestimmt (nur Pst),3,25,29
593088,2020-11-30,415,Steyr,Frauen,35 bis 39 Jahre,B9999,unbestimmt (nur Pst),1,35,39
593112,2020-11-30,415,Steyr,Frauen,40 bis 44 Jahre,B9999,unbestimmt (nur Pst),1,40,44
593174,2020-11-30,415,Steyr,Männer,bis 19 Jahre,B9999,unbestimmt (nur Pst),7,0,19
593202,2020-11-30,415,Steyr,Männer,20 bis 24 Jahre,B9999,unbestimmt (nur Pst),2,20,24
593323,2020-11-30,418,Vöcklabruck,Frauen,bis 19 Jahre,B9999,unbestimmt (nur Pst),8,0,19
593345,2020-11-30,418,Vöcklabruck,Frauen,20 bis 24 Jahre,B9999,unbestimmt (nur Pst),1,20,24
593515,2020-11-30,418,Vöcklabruck,Männer,bis 19 Jahre,B9999,unbestimmt (nur Pst),1,0,19
593540,2020-11-30,418,Vöcklabruck,Männer,20 bis 24 Jahre,B9999,unbestimmt (nur Pst),1,20,24
593589,2020-11-30,418,Vöcklabruck,Männer,35 bis 39 Jahre,B9999,unbestimmt (nur Pst),1,35,39
593683,2020-11-30,419,Wels,Frauen,bis 19 Jahre,B9999,unbestimmt (nur Pst),2,0,19
593701,2020-11-30,419,Wels,Frauen,20 bis 24 Jahre,B9999,unbestimmt (nur Pst),1,20,24
593738,2020-11-30,419,Wels,Frauen,30 bis 34 Jahre,B9999,unbestimmt (nur Pst),1,30,34
593765,2020-11-30,419,Wels,Frauen,35 bis 39 Jahre,B9999,unbestimmt (nur Pst),2,35,39
593798,2020-11-30,419,Wels,Frauen,45 bis 49 Jahre,B9999,unbestimmt (nur Pst),1,45,49
593854,2020-11-30,419,Wels,Männer,bis 19 Jahre,B9999,unbestimmt (nur Pst),1,0,19
593969,2020-11-30,419,Wels,Männer,40 bis 44 Jahre,B9999,unbestimmt (nur Pst),1,40,44
594026,2020-11-30,421,Traun,Frauen,bis 19 Jahre,B9999,unbestimmt (nur Pst),1,0,19
594053,2020-11-30,421,Traun,Frauen,20 bis 24 Jahre,B9999,unbestimmt (nur Pst),1,20,24
594087,2020-11-30,421,Traun,Frauen,25 bis 29 Jahre,B9999,unbestimmt (nur Pst),1,25,29
594114,2020-11-30,421,Traun,Frauen,30 bis 34 Jahre,B9999,unbestimmt (nur Pst),2,30,34
594140,2020-11-30,421,Traun,Frauen,35 bis 39 Jahre,B9999,unbestimmt (nur Pst),1,35,39
594167,2020-11-30,421,Traun,Frauen,40 bis 44 Jahre,B9999,unbestimmt (nur Pst),1,40,44
594188,2020-11-30,421,Traun,Frauen,45 bis 49 Jahre,B9999,unbestimmt (nur Pst),2,45,49
594255,2020-11-30,421,Traun,Männer,bis 19 Jahre,B9999,unbestimmt (nur Pst),4,0,19
594287,2020-11-30,421,Traun,Männer,20 bis 24 Jahre,B9999,unbestimmt (nur Pst),2,20,24
594418,2020-11-30,421,Traun,Männer,50 bis 54 Jahre,B9999,unbestimmt (nur Pst),1,50,54
594505,2020-11-30,501,Bischofshofen,Frauen,30 bis 34 Jahre,B9999,unbestimmt (nur Pst),1,30,34
594524,2020-11-30,501,Bischofshofen,Frauen,35 bis 39 Jahre,B9999,unbestimmt (nur Pst),2,35,39
594549,2020-11-30,501,Bischofshofen,Frauen,45 bis 49 Jahre,B9999,unbestimmt (nur Pst),2,45,49
594566,2020-11-30,501,Bischofshofen,Frauen,55 bis 59 Jahre,B9999,unbestimmt (nur Pst),1,55,59
594764,2020-11-30,503,Hallein,Männer,bis 19 Jahre,B9999,unbestimmt (nur Pst),1,0,19
594979,2020-11-30,504,Salzburg,Frauen,35 bis 39 Jahre,B9999,unbestimmt (nur Pst),1,35,39
595346,2020-11-30,504,Salzburg,Männer,50 bis 54 Jahre,B9999,unbestimmt (nur Pst),1,50,54
595420,2020-11-30,506,Zell am See,Frauen,bis 19 Jahre,B9999,unbestimmt (nur Pst),1,0,19
595520,2020-11-30,506,Zell am See,Männer,20 bis 24 Jahre,B9999,unbestimmt (nur Pst),2,20,24
595576,2020-11-30,601,Bruck/Mur,Frauen,bis 19 Jahre,B9999,unbestimmt (nur Pst),8,0,19
595600,2020-11-30,601,Bruck/Mur,Frauen,20 bis 24 Jahre,B9999,unbestimmt (nur Pst),1,20,24
595688,2020-11-30,601,Bruck/Mur,Männer,bis 19 Jahre,B9999,unbestimmt (nur Pst),5,0,19
595855,2020-11-30,603,Deutschlandsberg,Frauen,bis 19 Jahre,B9999,unbestimmt (nur Pst),2,0,19
596066,2020-11-30,604,Feldbach,Frauen,bis 19 Jahre,B9999,unbestimmt (nur Pst),3,0,19
596146,2020-11-30,604,Feldbach,Frauen,40 bis 44 Jahre,B9999,unbestimmt (nur Pst),1,40,44
596293,2020-11-30,606,Gleisdorf,Frauen,bis 19 Jahre,B9999,unbestimmt (nur Pst),1,0,19
596308,2020-11-30,606,Gleisdorf,Frauen,20 bis 24 Jahre,B9999,unbestimmt (nur Pst),2,20,24
596383,2020-11-30,606,Gleisdorf,Männer,bis 19 Jahre,B9999,unbestimmt (nur Pst),1,0,19
596395,2020-11-30,606,Gleisdorf,Männer,20 bis 24 Jahre,B9999,unbestimmt (nur Pst),2,20,24
596445,2020-11-30,609,Hartberg,Frauen,bis 19 Jahre,B9999,unbestimmt (nur Pst),2,0,19
596601,2020-11-30,609,Hartberg,Männer,bis 19 Jahre,B9999,unbestimmt (nur Pst),3,0,19
596619,2020-11-30,609,Hartberg,Männer,20 bis 24 Jahre,B9999,unbestimmt (nur Pst),1,20,24
596749,2020-11-30,610,Judenburg,Frauen,bis 19 Jahre,B9999,unbestimmt (nur Pst),3,0,19
596875,2020-11-30,610,Judenburg,Männer,bis 19 Jahre,B9999,unbestimmt (nur Pst),2,0,19
596974,2020-11-30,611,Murau,Frauen,bis 19 Jahre,B9999,unbestimmt (nur Pst),2,0,19
596982,2020-11-30,611,Murau,Frauen,20 bis 24 Jahre,B9999,unbestimmt (nur Pst),1,20,24
597051,2020-11-30,614,Leibnitz,Frauen,bis 19 Jahre,B9999,unbestimmt (nur Pst),1,0,19
597092,2020-11-30,614,Leibnitz,Frauen,25 bis 29 Jahre,B9999,unbestimmt (nur Pst),1,25,29
597114,2020-11-30,614,Leibnitz,Frauen,30 bis 34 Jahre,B9999,unbestimmt (nur Pst),1,30,34
597201,2020-11-30,614,Leibnitz,Männer,bis 19 Jahre,B9999,unbestimmt (nur Pst),1,0,19
597227,2020-11-30,614,Leibnitz,Männer,20 bis 24 Jahre,B9999,unbestimmt (nur Pst),1,20,24
597338,2020-11-30,616,Leoben,Frauen,bis 19 Jahre,B9999,unbestimmt (nur Pst),1,0,19
597362,2020-11-30,616,Leoben,Frauen,20 bis 24 Jahre,B9999,unbestimmt (nur Pst),2,20,24
597374,2020-11-30,616,Leoben,Frauen,25 bis 29 Jahre,B9999,unbestimmt (nur Pst),1,25,29
597465,2020-11-30,616,Leoben,Männer,bis 19 Jahre,B9999,unbestimmt (nur Pst),2,0,19
597489,2020-11-30,616,Leoben,Männer,20 bis 24 Jahre,B9999,unbestimmt (nur Pst),1,20,24
597587,2020-11-30,618,Liezen,Frauen,bis 19 Jahre,B9999,unbestimmt (nur Pst),1,0,19
597797,2020-11-30,621,Mürzzuschlag,Frauen,bis 19 Jahre,B9999,unbestimmt (nur Pst),1,0,19
597812,2020-11-30,621,Mürzzuschlag,Frauen,20 bis 24 Jahre,B9999,unbestimmt (nur Pst),1,20,24
597875,2020-11-30,621,Mürzzuschlag,Männer,bis 19 Jahre,B9999,unbestimmt (nur Pst),2,0,19
597890,2020-11-30,621,Mürzzuschlag,Männer,20 bis 24 Jahre,B9999,unbestimmt (nur Pst),3,20,24
597982,2020-11-30,622,Voitsberg,Frauen,bis 19 Jahre,B9999,unbestimmt (nur Pst),1,0,19
597997,2020-11-30,622,Voitsberg,Frauen,20 bis 24 Jahre,B9999,unbestimmt (nur Pst),2,20,24
598168,2020-11-30,623,Weiz,Frauen,bis 19 Jahre,B9999,unbestimmt (nur Pst),2,0,19
598272,2020-11-30,623,Weiz,Männer,30 bis 34 Jahre,B9999,unbestimmt (nur Pst),1,30,34
598281,2020-11-30,623,Weiz,Männer,35 bis 39 Jahre,B9999,unbestimmt (nur Pst),1,35,39
598344,2020-11-30,630,Graz-West und Umgebung,Frauen,bis 19 Jahre,B9999,unbestimmt (nur Pst),3,0,19
598400,2020-11-30,630,Graz-West und Umgebung,Frauen,20 bis 24 Jahre,B9999,unbestimmt (nur Pst),7,20,24
598455,2020-11-30,630,Graz-West und Umgebung,Frauen,25 bis 29 Jahre,B9999,unbestimmt (nur Pst),1,25,29
598731,2020-11-30,630,Graz-West und Umgebung,Männer,bis 19 Jahre,B9999,unbestimmt (nur Pst),9,0,19
598804,2020-11-30,630,Graz-West und Umgebung,Männer,20 bis 24 Jahre,B9999,unbestimmt (nur Pst),1,20,24
598851,2020-11-30,630,Graz-West und Umgebung,Männer,25 bis 29 Jahre,B9999,unbestimmt (nur Pst),1,25,29
598938,2020-11-30,630,Graz-West und Umgebung,Männer,35 bis 39 Jahre,B9999,unbestimmt (nur Pst),1,35,39
599058,2020-11-30,631,Graz-Ost,Frauen,bis 19 Jahre,B9999,unbestimmt (nur Pst),3,0,19
599097,2020-11-30,631,Graz-Ost,Frauen,20 bis 24 Jahre,B9999,unbestimmt (nur Pst),3,20,24
599166,2020-11-30,631,Graz-Ost,Frauen,30 bis 34 Jahre,B9999,unbestimmt (nur Pst),1,30,34
599296,2020-11-30,631,Graz-Ost,Männer,bis 19 Jahre,B9999,unbestimmt (nur Pst),2,0,19
599343,2020-11-30,631,Graz-Ost,Männer,20 bis 24 Jahre,B9999,unbestimmt (nur Pst),1,20,24
599518,2020-11-30,701,Imst,Frauen,bis 19 Jahre,B9999,unbestimmt (nur Pst),1,0,19
599593,2020-11-30,701,Imst,Männer,bis 19 Jahre,B9999,unbestimmt (nur Pst),2,0,19
599638,2020-11-30,702,Innsbruck,Frauen,bis 19 Jahre,B9999,unbestimmt (nur Pst),2,0,19
599661,2020-11-30,702,Innsbruck,Frauen,20 bis 24 Jahre,B9999,unbestimmt (nur Pst),2,20,24
599687,2020-11-30,702,Innsbruck,Frauen,25 bis 29 Jahre,B9999,unbestimmt (nur Pst),4,25,29
599747,2020-11-30,702,Innsbruck,Frauen,35 bis 39 Jahre,B9999,unbestimmt (nur Pst),1,35,39
599777,2020-11-30,702,Innsbruck,Frauen,40 bis 44 Jahre,B9999,unbestimmt (nur Pst),1,40,44
599808,2020-11-30,702,Innsbruck,Frauen,45 bis 49 Jahre,B9999,unbestimmt (nur Pst),2,45,49
599944,2020-11-30,702,Innsbruck,Männer,25 bis 29 Jahre,B9999,unbestimmt (nur Pst),2,25,29
599996,2020-11-30,702,Innsbruck,Männer,35 bis 39 Jahre,B9999,unbestimmt (nur Pst),3,35,39
600065,2020-11-30,702,Innsbruck,Männer,55 bis 59 Jahre,B9999,unbestimmt (nur Pst),1,55,59
600077,2020-11-30,704,Kitzbühel,Frauen,bis 19 Jahre,B9999,unbestimmt (nur Pst),4,0,19
600115,2020-11-30,704,Kitzbühel,Frauen,40 bis 44 Jahre,B9999,unbestimmt (nur Pst),1,40,44
600156,2020-11-30,704,Kitzbühel,Männer,bis 19 Jahre,B9999,unbestimmt (nur Pst),3,0,19
600221,2020-11-30,705,Kufstein,Frauen,bis 19 Jahre,B9999,unbestimmt (nur Pst),3,0,19
600239,2020-11-30,705,Kufstein,Frauen,20 bis 24 Jahre,B9999,unbestimmt (nur Pst),1,20,24
600351,2020-11-30,705,Kufstein,Männer,bis 19 Jahre,B9999,unbestimmt (nur Pst),8,0,19
600376,2020-11-30,705,Kufstein,Männer,20 bis 24 Jahre,B9999,unbestimmt (nur Pst),2,20,24
600395,2020-11-30,705,Kufstein,Männer,25 bis 29 Jahre,B9999,unbestimmt (nur Pst),2,25,29
600444,2020-11-30,706,Landeck,Frauen,bis 19 Jahre,B9999,unbestimmt (nur Pst),4,0,19
600452,2020-11-30,706,Landeck,Frauen,20 bis 24 Jahre,B9999,unbestimmt (nur Pst),1,20,24
600500,2020-11-30,706,Landeck,Männer,bis 19 Jahre,B9999,unbestimmt (nur Pst),3,0,19
600519,2020-11-30,707,Lienz,Frauen,bis 19 Jahre,B9999,unbestimmt (nur Pst),1,0,19
600575,2020-11-30,707,Lienz,Männer,bis 19 Jahre,B9999,unbestimmt (nur Pst),2,0,19
600579,2020-11-30,707,Lienz,Männer,20 bis 24 Jahre,B9999,unbestimmt (nur Pst),1,20,24
600589,2020-11-30,707,Lienz,Männer,30 bis 34 Jahre,B9999,unbestimmt (nur Pst),1,30,34
600692,2020-11-30,709,Schwaz,Frauen,bis 19 Jahre,B9999,unbestimmt (nur Pst),8,0,19
600752,2020-11-30,709,Schwaz,Frauen,40 bis 44 Jahre,B9999,unbestimmt (nur Pst),1,40,44
600780,2020-11-30,709,Schwaz,Männer,bis 19 Jahre,B9999,unbestimmt (nur Pst),7,0,19
600815,2020-11-30,709,Schwaz,Männer,35 bis 39 Jahre,B9999,unbestimmt (nur Pst),1,35,39
600819,2020-11-30,709,Schwaz,Männer,40 bis 44 Jahre,B9999,unbestimmt (nur Pst),1,40,44
600838,2020-11-30,801,Bludenz,Frauen,bis 19 Jahre,B9999,unbestimmt (nur Pst),2,0,19
600858,2020-11-30,801,Bludenz,Frauen,20 bis 24 Jahre,B9999,unbestimmt (nur Pst),1,20,24
600994,2020-11-30,801,Bludenz,Männer,25 bis 29 Jahre,B9999,unbestimmt (nur Pst),1,25,29
601075,2020-11-30,802,Bregenz,Frauen,20 bis 24 Jahre,B9999,unbestimmt (nur Pst),2,20,24
601133,2020-11-30,802,Bregenz,Frauen,30 bis 34 Jahre,B9999,unbestimmt (nur Pst),1,30,34
601248,2020-11-30,802,Bregenz,Männer,bis 19 Jahre,B9999,unbestimmt (nur Pst),2,0,19
601310,2020-11-30,802,Bregenz,Männer,25 bis 29 Jahre,B9999,unbestimmt (nur Pst),2,25,29
601455,2020-11-30,804,Dornbirn,Frauen,20 bis 24 Jahre,B9999,unbestimmt (nur Pst),1,20,24
601476,2020-11-30,804,Dornbirn,Frauen,25 bis 29 Jahre,B9999,unbestimmt (nur Pst),1,25,29
601555,2020-11-30,804,Dornbirn,Frauen,45 bis 49 Jahre,B9999,unbestimmt (nur Pst),1,45,49
601604,2020-11-30,804,Dornbirn,Männer,bis 19 Jahre,B9999,unbestimmt (nur Pst),1,0,19
601636,2020-11-30,804,Dornbirn,Männer,20 bis 24 Jahre,B9999,unbestimmt (nur Pst),1,20,24
601653,2020-11-30,804,Dornbirn,Männer,25 bis 29 Jahre,B9999,unbestimmt (nur Pst),1,25,29
601720,2020-11-30,804,Dornbirn,Männer,50 bis 54 Jahre,B9999,unbestimmt (nur Pst),1,50,54
601755,2020-11-30,805,Feldkirch,Frauen,bis 19 Jahre,B9999,unbestimmt (nur Pst),4,0,19
601787,2020-11-30,805,Feldkirch,Frauen,20 bis 24 Jahre,B9999,unbestimmt (nur Pst),4,20,24
601811,2020-11-30,805,Feldkirch,Frauen,25 bis 29 Jahre,B9999,unbestimmt (nur Pst),5,25,29
601860,2020-11-30,805,Feldkirch,Frauen,35 bis 39 Jahre,B9999,unbestimmt (nur Pst),1,35,39
601884,2020-11-30,805,Feldkirch,Frauen,40 bis 44 Jahre,B9999,unbestimmt (nur Pst),1,40,44
601958,2020-11-30,805,Feldkirch,Männer,bis 19 Jahre,B9999,unbestimmt (nur Pst),9,0,19
601995,2020-11-30,805,Feldkirch,Männer,20 bis 24 Jahre,B9999,unbestimmt (nur Pst),2,20,24
602026,2020-11-30,805,Feldkirch,Männer,25 bis 29 Jahre,B9999,unbestimmt (nur Pst),1,25,29
602054,2020-11-30,805,Feldkirch,Männer,35 bis 39 Jahre,B9999,unbestimmt (nur Pst),3,35,39
602412,2020-11-30,958,Wien Johnstraße,Männer,20 bis 24 Jahre,B9999,unbestimmt (nur Pst),1,20,24
603179,2020-11-30,959,Wien Hauffgasse,Männer,45 bis 49 Jahre,B9999,unbestimmt (nur Pst),1,45,49
603289,2020-11-30,960,Wien Esteplatz,Frauen,20 bis 24 Jahre,B9999,unbestimmt (nur Pst),1,20,24
604261,2020-11-30,962,Wien Redergasse,Männer,20 bis 24 Jahre,B9999,unbestimmt (nur Pst),1,20,24
604711,2020-11-30,963,Wien Währinger Gürtel,Frauen,35 bis 39 Jahre,B9999,unbestimmt (nur Pst),1,35,39
604865,2020-11-30,963,Wien Währinger Gürtel,Männer,20 bis 24 Jahre,B9999,unbestimmt (nur Pst),1,20,24
605173,2020-11-30,964,Wien Favoritenstraße,Frauen,20 bis 24 Jahre,B9999,unbestimmt (nur Pst),1,20,24
605287,2020-11-30,964,Wien Favoritenstraße,Frauen,30 bis 34 Jahre,B9999,unbestimmt (nur Pst),1,30,34
605589,2020-11-30,964,Wien Favoritenstraße,Männer,20 bis 24 Jahre,B9999,unbestimmt (nur Pst),1,20,24
606088,2020-11-30,965,Wien Schönbrunner Straße,Frauen,20 bis 24 Jahre,B9999,unbestimmt (nur Pst),3,20,24
606182,2020-11-30,965,Wien Schönbrunner Straße,Frauen,30 bis 34 Jahre,B9999,unbestimmt (nur Pst),1,30,34
606363,2020-11-30,965,Wien Schönbrunner Straße,Frauen,50 bis 54 Jahre,B9999,unbestimmt (nur Pst),1,50,54
606587,2020-11-30,965,Wien Schönbrunner Straße,Männer,30 bis 34 Jahre,B9999,unbestimmt (nur Pst),1,30,34
606777,2020-11-30,965,Wien Schönbrunner Straße,Männer,50 bis 54 Jahre,B9999,unbestimmt (nur Pst),2,50,54
606852,2020-11-30,966,Wien Hietzinger Kai,Frauen,20 bis 24 Jahre,B9999,unbestimmt (nur Pst),1,20,24
607472,2020-11-30,967,Wien Huttengasse,Frauen,20 bis 24 Jahre,B9999,unbestimmt (nur Pst),1,20,24
607518,2020-11-30,967,Wien Huttengasse,Frauen,25 bis 29 Jahre,B9999,unbestimmt (nur Pst),1,25,29
607862,2020-11-30,967,Wien Huttengasse,Männer,20 bis 24 Jahre,B9999,unbestimmt (nur Pst),1,20,24
608054,2020-11-30,967,Wien Huttengasse,Männer,35 bis 39 Jahre,B9999,unbestimmt (nur Pst),1,35,39
608390,2020-11-30,968,Wien Schloßhofer Straße,Frauen,30 bis 34 Jahre,B9999,unbestimmt (nur Pst),1,30,34
608444,2020-11-30,968,Wien Schloßhofer Straße,Frauen,35 bis 39 Jahre,B9999,unbestimmt (nur Pst),1,35,39
608575,2020-11-30,968,Wien Schloßhofer Straße,Frauen,55 bis 59 Jahre,B9999,unbestimmt (nur Pst),1,55,59
608981,2020-11-30,969,Wien-Wagramer Straße,Frauen,20 bis 24 Jahre,B9999,unbestimmt (nur Pst),1,20,24
609031,2020-11-30,969,Wien-Wagramer Straße,Frauen,25 bis 29 Jahre,B9999,unbestimmt (nur Pst),1,25,29
609735,2020-11-30,970,Wien Jugendliche,Frauen,bis 19 Jahre,B9999,unbestimmt (nur Pst),26,0,19
609807,2020-11-30,970,Wien Jugendliche,Frauen,20 bis 24 Jahre,B9999,unbestimmt (nur Pst),4,20,24
609908,2020-11-30,970,Wien Jugendliche,Männer,bis 19 Jahre,B9999,unbestimmt (nur Pst),33,0,19
609999,2020-11-30,970,Wien Jugendliche,Männer,20 bis 24 Jahre,B9999,unbestimmt (nur Pst),5,20,24
610025,2020-11-30,974,Wien Austria Campus,Frauen,20 bis 24 Jahre,B9999,unbestimmt (nur Pst),1,20,24
610250,2020-11-30,974,Wien Austria Campus,Frauen,50 bis 54 Jahre,B9999,unbestimmt (nur Pst),1,50,54
610335,2020-11-30,974,Wien Austria Campus,Männer,25 bis 29 Jahre,B9999,unbestimmt (nur Pst),1,25,29
610432,2020-11-30,974,Wien Austria Campus,Männer,35 bis 39 Jahre,B9999,unbestimmt (nur Pst),1,35,39
610474,2020-11-30,974,Wien Austria Campus,Männer,40 bis 44 Jahre,B9999,unbestimmt (nur Pst),1,40,44
610598,2020-11-30,975,Wien Jäger Straße,Frauen,20 bis 24 Jahre,B9999,unbestimmt (nur Pst),1,20,24
610722,2020-11-30,975,Wien Jäger Straße,Frauen,35 bis 39 Jahre,B9999,unbestimmt (nur Pst),1,35,39
610873,2020-11-30,975,Wien Jäger Straße,Männer,20 bis 24 Jahre,B9999,unbestimmt (nur Pst),2,20,24
611234,2020-12-31,101,Eisenstadt,Männer,bis 19 Jahre,B9999,unbestimmt (nur Pst),2,0,19
611379,2020-12-31,102,Mattersburg,Männer,20 bis 24 Jahre,B9999,unbestimmt (nur Pst),1,20,24
611385,2020-12-31,102,Mattersburg,Männer,25 bis 29 Jahre,B9999,unbestimmt (nur Pst),1,25,29
611685,2020-12-31,105,Oberwart,Frauen,20 bis 24 Jahre,B9999,unbestimmt (nur Pst),1,20,24
611698,2020-12-31,105,Oberwart,Frauen,25 bis 29 Jahre,B9999,unbestimmt (nur Pst),1,25,29
611911,2020-12-31,106,Stegersbach,Frauen,20 bis 24 Jahre,B9999,unbestimmt (nur Pst),1,20,24
611915,2020-12-31,106,Stegersbach,Frauen,25 bis 29 Jahre,B9999,unbestimmt (nur Pst),1,25,29
612007,2020-12-31,107,Jennersdorf,Frauen,bis 19 Jahre,B9999,unbestimmt (nur Pst),1,0,19
612058,2020-12-31,107,Jennersdorf,Männer,35 bis 39 Jahre,B9999,unbestimmt (nur Pst),1,35,39
612125,2020-12-31,202,Hermagor,Männer,bis 19 Jahre,B9999,unbestimmt (nur Pst),1,0,19
612160,2020-12-31,203,Klagenfurt,Frauen,bis 19 Jahre,B9999,unbestimmt (nur Pst),3,0,19
612181,2020-12-31,203,Klagenfurt,Frauen,20 bis 24 Jahre,B9999,unbestimmt (nur Pst),2,20,24
612216,2020-12-31,203,Klagenfurt,Frauen,30 bis 34 Jahre,B9999,unbestimmt (nur Pst),1,30,34
612262,2020-12-31,203,Klagenfurt,Frauen,40 bis 44 Jahre,B9999,unbestimmt (nur Pst),2,40,44
612305,2020-12-31,203,Klagenfurt,Frauen,50 bis 54 Jahre,B9999,unbestimmt (nur Pst),1,50,54
612346,2020-12-31,203,Klagenfurt,Männer,bis 19 Jahre,B9999,unbestimmt (nur Pst),3,0,19
612374,2020-12-31,203,Klagenfurt,Männer,20 bis 24 Jahre,B9999,unbestimmt (nur Pst),1,20,24
612406,2020-12-31,203,Klagenfurt,Männer,30 bis 34 Jahre,B9999,unbestimmt (nur Pst),1,30,34
612442,2020-12-31,203,Klagenfurt,Männer,40 bis 44 Jahre,B9999,unbestimmt (nur Pst),2,40,44
612471,2020-12-31,203,Klagenfurt,Männer,50 bis 54 Jahre,B9999,unbestimmt (nur Pst),1,50,54
612581,2020-12-31,204,Spittal/Drau,Männer,bis 19 Jahre,B9999,unbestimmt (nur Pst),3,0,19
612641,2020-12-31,205,St. Veit/Glan,Frauen,bis 19 Jahre,B9999,unbestimmt (nur Pst),1,0,19
612717,2020-12-31,205,St. Veit/Glan,Männer,20 bis 24 Jahre,B9999,unbestimmt (nur Pst),1,20,24
613063,2020-12-31,207,Völkermarkt,Männer,bis 19 Jahre,B9999,unbestimmt (nur Pst),2,0,19
613115,2020-12-31,208,Wolfsberg,Frauen,bis 19 Jahre,B9999,unbestimmt (nur Pst),2,0,19
613127,2020-12-31,208,Wolfsberg,Frauen,20 bis 24 Jahre,B9999,unbestimmt (nur Pst),1,20,24
613166,2020-12-31,208,Wolfsberg,Männer,bis 19 Jahre,B9999,unbestimmt (nur Pst),3,0,19
613220,2020-12-31,301,Amstetten,Frauen,bis 19 Jahre,B9999,unbestimmt (nur Pst),6,0,19
613238,2020-12-31,301,Amstetten,Frauen,20 bis 24 Jahre,B9999,unbestimmt (nur Pst),3,20,24
613337,2020-12-31,301,Amstetten,Männer,bis 19 Jahre,B9999,unbestimmt (nur Pst),17,0,19
613364,2020-12-31,301,Amstetten,Männer,20 bis 24 Jahre,B9999,unbestimmt (nur Pst),1,20,24
613462,2020-12-31,304,Baden neu,Frauen,bis 19 Jahre,B9999,unbestimmt (nur Pst),4,0,19
613485,2020-12-31,304,Baden neu,Frauen,20 bis 24 Jahre,B9999,unbestimmt (nur Pst),6,20,24
613502,2020-12-31,304,Baden neu,Frauen,25 bis 29 Jahre,B9999,unbestimmt (nur Pst),1,25,29
613519,2020-12-31,304,Baden neu,Frauen,30 bis 34 Jahre,B9999,unbestimmt (nur Pst),1,30,34
613541,2020-12-31,304,Baden neu,Frauen,35 bis 39 Jahre,B9999,unbestimmt (nur Pst),1,35,39
613636,2020-12-31,304,Baden neu,Männer,bis 19 Jahre,B9999,unbestimmt (nur Pst),6,0,19
613666,2020-12-31,304,Baden neu,Männer,20 bis 24 Jahre,B9999,unbestimmt (nur Pst),2,20,24
613685,2020-12-31,304,Baden neu,Männer,25 bis 29 Jahre,B9999,unbestimmt (nur Pst),1,25,29
613778,2020-12-31,306,Bruck/Leitha,Frauen,bis 19 Jahre,B9999,unbestimmt (nur Pst),3,0,19
613797,2020-12-31,306,Bruck/Leitha,Frauen,25 bis 29 Jahre,B9999,unbestimmt (nur Pst),1,25,29
613854,2020-12-31,306,Bruck/Leitha,Männer,bis 19 Jahre,B9999,unbestimmt (nur Pst),7,0,19
613929,2020-12-31,308,Gänserndorf,Frauen,bis 19 Jahre,B9999,unbestimmt (nur Pst),5,0,19
613959,2020-12-31,308,Gänserndorf,Frauen,20 bis 24 Jahre,B9999,unbestimmt (nur Pst),1,20,24
613980,2020-12-31,308,Gänserndorf,Frauen,25 bis 29 Jahre,B9999,unbestimmt (nur Pst),1,25,29
614095,2020-12-31,308,Gänserndorf,Männer,bis 19 Jahre,B9999,unbestimmt (nur Pst),7,0,19
614132,2020-12-31,308,Gänserndorf,Männer,20 bis 24 Jahre,B9999,unbestimmt (nur Pst),1,20,24
614291,2020-12-31,311,Gmünd,Männer,bis 19 Jahre,B9999,unbestimmt (nur Pst),1,0,19
614359,2020-12-31,312,Hollabrunn,Frauen,25 bis 29 Jahre,B9999,unbestimmt (nur Pst),1,25,29
614411,2020-12-31,312,Hollabrunn,Männer,bis 19 Jahre,B9999,unbestimmt (nur Pst),2,0,19
614421,2020-12-31,312,Hollabrunn,Männer,20 bis 24 Jahre,B9999,unbestimmt (nur Pst),1,20,24
614430,2020-12-31,312,Hollabrunn,Männer,25 bis 29 Jahre,B9999,unbestimmt (nur Pst),1,25,29
614461,2020-12-31,313,Horn,Frauen,bis 19 Jahre,B9999,unbestimmt (nur Pst),1,0,19
614469,2020-12-31,313,Horn,Frauen,20 bis 24 Jahre,B9999,unbestimmt (nur Pst),2,20,24
614491,2020-12-31,313,Horn,Männer,bis 19 Jahre,B9999,unbestimmt (nur Pst),1,0,19
614503,2020-12-31,313,Horn,Männer,20 bis 24 Jahre,B9999,unbestimmt (nur Pst),1,20,24
614506,2020-12-31,313,Horn,Männer,25 bis 29 Jahre,B9999,unbestimmt (nur Pst),1,25,29
614536,2020-12-31,314,Korneuburg,Frauen,bis 19 Jahre,B9999,unbestimmt (nur Pst),2,0,19
614558,2020-12-31,314,Korneuburg,Frauen,20 bis 24 Jahre,B9999,unbestimmt (nur Pst),3,20,24
614584,2020-12-31,314,Korneuburg,Frauen,30 bis 34 Jahre,B9999,unbestimmt (nur Pst),1,30,34
614668,2020-12-31,314,Korneuburg,Männer,bis 19 Jahre,B9999,unbestimmt (nur Pst),10,0,19
614692,2020-12-31,314,Korneuburg,Männer,20 bis 24 Jahre,B9999,unbestimmt (nur Pst),1,20,24
614762,2020-12-31,315,Krems,Frauen,bis 19 Jahre,B9999,unbestimmt (nur Pst),4,0,19
614778,2020-12-31,315,Krems,Frauen,20 bis 24 Jahre,B9999,unbestimmt (nur Pst),1,20,24
614883,2020-12-31,315,Krems,Männer,bis 19 Jahre,B9999,unbestimmt (nur Pst),2,0,19
614951,2020-12-31,315,Krems,Männer,35 bis 39 Jahre,B9999,unbestimmt (nur Pst),1,35,39
614982,2020-12-31,316,Lilienfeld,Frauen,bis 19 Jahre,B9999,unbestimmt (nur Pst),1,0,19
615014,2020-12-31,316,Lilienfeld,Frauen,40 bis 44 Jahre,B9999,unbestimmt (nur Pst),1,40,44
615019,2020-12-31,316,Lilienfeld,Frauen,45 bis 49 Jahre,B9999,unbestimmt (nur Pst),1,45,49
615046,2020-12-31,316,Lilienfeld,Männer,20 bis 24 Jahre,B9999,unbestimmt (nur Pst),1,20,24
615059,2020-12-31,316,Lilienfeld,Männer,35 bis 39 Jahre,B9999,unbestimmt (nur Pst),1,35,39
615261,2020-12-31,319,Mistelbach,Frauen,bis 19 Jahre,B9999,unbestimmt (nur Pst),4,0,19
615275,2020-12-31,319,Mistelbach,Frauen,20 bis 24 Jahre,B9999,unbestimmt (nur Pst),2,20,24
615344,2020-12-31,319,Mistelbach,Männer,bis 19 Jahre,B9999,unbestimmt (nur Pst),3,0,19
615359,2020-12-31,319,Mistelbach,Männer,20 bis 24 Jahre,B9999,unbestimmt (nur Pst),1,20,24
615419,2020-12-31,321,Mödling,Frauen,bis 19 Jahre,B9999,unbestimmt (nur Pst),3,0,19
615446,2020-12-31,321,Mödling,Frauen,20 bis 24 Jahre,B9999,unbestimmt (nur Pst),1,20,24
615570,2020-12-31,321,Mödling,Männer,bis 19 Jahre,B9999,unbestimmt (nur Pst),4,0,19
615602,2020-12-31,321,Mödling,Männer,20 bis 24 Jahre,B9999,unbestimmt (nur Pst),1,20,24
615671,2020-12-31,321,Mödling,Männer,50 bis 54 Jahre,B9999,unbestimmt (nur Pst),1,50,54
615682,2020-12-31,321,Mödling,Männer,55 bis 59 Jahre,B9999,unbestimmt (nur Pst),1,55,59
615702,2020-12-31,323,Neunkirchen,Frauen,bis 19 Jahre,B9999,unbestimmt (nur Pst),3,0,19
615960,2020-12-31,326,St. Pölten,Frauen,bis 19 Jahre,B9999,unbestimmt (nur Pst),11,0,19
615989,2020-12-31,326,St. Pölten,Frauen,20 bis 24 Jahre,B9999,unbestimmt (nur Pst),1,20,24
616008,2020-12-31,326,St. Pölten,Frauen,25 bis 29 Jahre,B9999,unbestimmt (nur Pst),1,25,29
616159,2020-12-31,326,St. Pölten,Männer,bis 19 Jahre,B9999,unbestimmt (nur Pst),8,0,19
616198,2020-12-31,326,St. Pölten,Männer,20 bis 24 Jahre,B9999,unbestimmt (nur Pst),3,20,24
616226,2020-12-31,326,St. Pölten,Männer,25 bis 29 Jahre,B9999,unbestimmt (nur Pst),1,25,29
616356,2020-12-31,328,Scheibbs,Frauen,bis 19 Jahre,B9999,unbestimmt (nur Pst),3,0,19
616366,2020-12-31,328,Scheibbs,Frauen,20 bis 24 Jahre,B9999,unbestimmt (nur Pst),1,20,24
616413,2020-12-31,328,Scheibbs,Männer,bis 19 Jahre,B9999,unbestimmt (nur Pst),4,0,19
616450,2020-12-31,328,Scheibbs,Männer,50 bis 54 Jahre,B9999,unbestimmt (nur Pst),1,50,54
616465,2020-12-31,329,Schwechat,Frauen,bis 19 Jahre,B9999,unbestimmt (nur Pst),1,0,19
616481,2020-12-31,329,Schwechat,Frauen,20 bis 24 Jahre,B9999,unbestimmt (nur Pst),2,20,24
616582,2020-12-31,329,Schwechat,Männer,bis 19 Jahre,B9999,unbestimmt (nur Pst),3,0,19
616670,2020-12-31,331,Tulln,Frauen,bis 19 Jahre,B9999,unbestimmt (nur Pst),5,0,19
616702,2020-12-31,331,Tulln,Frauen,25 bis 29 Jahre,B9999,unbestimmt (nur Pst),1,25,29
616795,2020-12-31,331,Tulln,Männer,bis 19 Jahre,B9999,unbestimmt (nur Pst),10,0,19
616821,2020-12-31,331,Tulln,Männer,20 bis 24 Jahre,B9999,unbestimmt (nur Pst),1,20,24
616891,2020-12-31,332,Waidhofen/Thaya,Frauen,bis 19 Jahre,B9999,unbestimmt (nur Pst),2,0,19
616931,2020-12-31,332,Waidhofen/Thaya,Männer,bis 19 Jahre,B9999,unbestimmt (nur Pst),2,0,19
616962,2020-12-31,333,Waidhofen/Ybbs,Frauen,bis 19 Jahre,B9999,unbestimmt (nur Pst),1,0,19
617005,2020-12-31,333,Waidhofen/Ybbs,Männer,bis 19 Jahre,B9999,unbestimmt (nur Pst),3,0,19
617059,2020-12-31,334,Wr. Neustadt,Frauen,bis 19 Jahre,B9999,unbestimmt (nur Pst),3,0,19
617082,2020-12-31,334,Wr. Neustadt,Frauen,20 bis 24 Jahre,B9999,unbestimmt (nur Pst),2,20,24
617204,2020-12-31,334,Wr. Neustadt,Männer,bis 19 Jahre,B9999,unbestimmt (nur Pst),2,0,19
617437,2020-12-31,401,Braunau,Frauen,bis 19 Jahre,B9999,unbestimmt (nur Pst),9,0,19
617459,2020-12-31,401,Braunau,Frauen,20 bis 24 Jahre,B9999,unbestimmt (nur Pst),3,20,24
617481,2020-12-31,401,Braunau,Frauen,25 bis 29 Jahre,B9999,unbestimmt (nur Pst),2,25,29
617504,2020-12-31,401,Braunau,Frauen,30 bis 34 Jahre,B9999,unbestimmt (nur Pst),1,30,34
617533,2020-12-31,401,Braunau,Frauen,40 bis 44 Jahre,B9999,unbestimmt (nur Pst),1,40,44
617586,2020-12-31,401,Braunau,Männer,bis 19 Jahre,B9999,unbestimmt (nur Pst),15,0,19
617617,2020-12-31,401,Braunau,Männer,20 bis 24 Jahre,B9999,unbestimmt (nur Pst),3,20,24
617683,2020-12-31,401,Braunau,Männer,50 bis 54 Jahre,B9999,unbestimmt (nur Pst),1,50,54
617704,2020-12-31,402,Eferding,Frauen,bis 19 Jahre,B9999,unbestimmt (nur Pst),1,0,19
617714,2020-12-31,402,Eferding,Frauen,20 bis 24 Jahre,B9999,unbestimmt (nur Pst),1,20,24
617729,2020-12-31,402,Eferding,Frauen,35 bis 39 Jahre,B9999,unbestimmt (nur Pst),1,35,39
617756,2020-12-31,402,Eferding,Männer,20 bis 24 Jahre,B9999,unbestimmt (nur Pst),1,20,24
617928,2020-12-31,403,Freistadt,Männer,20 bis 24 Jahre,B9999,unbestimmt (nur Pst),1,20,24
617952,2020-12-31,403,Freistadt,Männer,30 bis 34 Jahre,B9999,unbestimmt (nur Pst),1,30,34
618003,2020-12-31,404,Gmunden,Frauen,bis 19 Jahre,B9999,unbestimmt (nur Pst),9,0,19
618152,2020-12-31,404,Gmunden,Männer,bis 19 Jahre,B9999,unbestimmt (nur Pst),7,0,19
618278,2020-12-31,406,Grieskirchen,Frauen,bis 19 Jahre,B9999,unbestimmt (nur Pst),1,0,19
618423,2020-12-31,407,Kirchdorf/Krems,Frauen,bis 19 Jahre,B9999,unbestimmt (nur Pst),4,0,19
618481,2020-12-31,407,Kirchdorf/Krems,Frauen,35 bis 39 Jahre,B9999,unbestimmt (nur Pst),1,35,39
618534,2020-12-31,407,Kirchdorf/Krems,Männer,bis 19 Jahre,B9999,unbestimmt (nur Pst),4,0,19
618636,2020-12-31,409,Linz neu,Frauen,bis 19 Jahre,B9999,unbestimmt (nur Pst),21,0,19
618683,2020-12-31,409,Linz neu,Frauen,20 bis 24 Jahre,B9999,unbestimmt (nur Pst),9,20,24
618736,2020-12-31,409,Linz neu,Frauen,25 bis 29 Jahre,B9999,unbestimmt (nur Pst),3,25,29
618775,2020-12-31,409,Linz neu,Frauen,30 bis 34 Jahre,B9999,unbestimmt (nur Pst),2,30,34
618820,2020-12-31,409,Linz neu,Frauen,35 bis 39 Jahre,B9999,unbestimmt (nur Pst),3,35,39
618852,2020-12-31,409,Linz neu,Frauen,40 bis 44 Jahre,B9999,unbestimmt (nur Pst),3,40,44
618916,2020-12-31,409,Linz neu,Frauen,55 bis 59 Jahre,B9999,unbestimmt (nur Pst),1,55,59
618958,2020-12-31,409,Linz neu,Männer,bis 19 Jahre,B9999,unbestimmt (nur Pst),18,0,19
619013,2020-12-31,409,Linz neu,Männer,20 bis 24 Jahre,B9999,unbestimmt (nur Pst),9,20,24
619066,2020-12-31,409,Linz neu,Männer,25 bis 29 Jahre,B9999,unbestimmt (nur Pst),3,25,29
619116,2020-12-31,409,Linz neu,Männer,30 bis 34 Jahre,B9999,unbestimmt (nur Pst),2,30,34
619159,2020-12-31,409,Linz neu,Männer,35 bis 39 Jahre,B9999,unbestimmt (nur Pst),1,35,39
619199,2020-12-31,409,Linz neu,Männer,40 bis 44 Jahre,B9999,unbestimmt (nur Pst),3,40,44
619270,2020-12-31,409,Linz neu,Männer,55 bis 59 Jahre,B9999,unbestimmt (nur Pst),1,55,59
619427,2020-12-31,411,Perg,Männer,20 bis 24 Jahre,B9999,unbestimmt (nur Pst),2,20,24
619516,2020-12-31,412,Ried im Innkreis,Frauen,bis 19 Jahre,B9999,unbestimmt (nur Pst),9,0,19
619544,2020-12-31,412,Ried im Innkreis,Frauen,25 bis 29 Jahre,B9999,unbestimmt (nur Pst),4,25,29
619578,2020-12-31,412,Ried im Innkreis,Frauen,35 bis 39 Jahre,B9999,unbestimmt (nur Pst),1,35,39
619607,2020-12-31,412,Ried im Innkreis,Frauen,45 bis 49 Jahre,B9999,unbestimmt (nur Pst),1,45,49
619638,2020-12-31,412,Ried im Innkreis,Männer,bis 19 Jahre,B9999,unbestimmt (nur Pst),6,0,19
619662,2020-12-31,412,Ried im Innkreis,Männer,20 bis 24 Jahre,B9999,unbestimmt (nur Pst),2,20,24
619672,2020-12-31,412,Ried im Innkreis,Männer,25 bis 29 Jahre,B9999,unbestimmt (nur Pst),2,25,29
619804,2020-12-31,413,Rohrbach,Frauen,45 bis 49 Jahre,B9999,unbestimmt (nur Pst),1,45,49
619922,2020-12-31,414,Schärding,Frauen,25 bis 29 Jahre,B9999,unbestimmt (nur Pst),1,25,29
620050,2020-12-31,415,Steyr,Frauen,bis 19 Jahre,B9999,unbestimmt (nur Pst),11,0,19
620078,2020-12-31,415,Steyr,Frauen,20 bis 24 Jahre,B9999,unbestimmt (nur Pst),2,20,24
620096,2020-12-31,415,Steyr,Frauen,25 bis 29 Jahre,B9999,unbestimmt (nur Pst),3,25,29
620132,2020-12-31,415,Steyr,Frauen,35 bis 39 Jahre,B9999,unbestimmt (nur Pst),1,35,39
620151,2020-12-31,415,Steyr,Frauen,40 bis 44 Jahre,B9999,unbestimmt (nur Pst),1,40,44
620209,2020-12-31,415,Steyr,Männer,bis 19 Jahre,B9999,unbestimmt (nur Pst),6,0,19
620234,2020-12-31,415,Steyr,Männer,20 bis 24 Jahre,B9999,unbestimmt (nur Pst),2,20,24
620350,2020-12-31,418,Vöcklabruck,Frauen,bis 19 Jahre,B9999,unbestimmt (nur Pst),7,0,19
620369,2020-12-31,418,Vöcklabruck,Frauen,20 bis 24 Jahre,B9999,unbestimmt (nur Pst),1,20,24
620514,2020-12-31,418,Vöcklabruck,Männer,bis 19 Jahre,B9999,unbestimmt (nur Pst),1,0,19
620539,2020-12-31,418,Vöcklabruck,Männer,20 bis 24 Jahre,B9999,unbestimmt (nur Pst),1,20,24
620584,2020-12-31,418,Vöcklabruck,Männer,35 bis 39 Jahre,B9999,unbestimmt (nur Pst),1,35,39
620669,2020-12-31,419,Wels,Frauen,bis 19 Jahre,B9999,unbestimmt (nur Pst),2,0,19
620687,2020-12-31,419,Wels,Frauen,20 bis 24 Jahre,B9999,unbestimmt (nur Pst),1,20,24
620704,2020-12-31,419,Wels,Frauen,25 bis 29 Jahre,B9999,unbestimmt (nur Pst),1,25,29
620720,2020-12-31,419,Wels,Frauen,30 bis 34 Jahre,B9999,unbestimmt (nur Pst),1,30,34
620745,2020-12-31,419,Wels,Frauen,35 bis 39 Jahre,B9999,unbestimmt (nur Pst),2,35,39
620764,2020-12-31,419,Wels,Frauen,40 bis 44 Jahre,B9999,unbestimmt (nur Pst),1,40,44
620780,2020-12-31,419,Wels,Frauen,45 bis 49 Jahre,B9999,unbestimmt (nur Pst),1,45,49
620830,2020-12-31,419,Wels,Männer,bis 19 Jahre,B9999,unbestimmt (nur Pst),1,0,19
620929,2020-12-31,419,Wels,Männer,40 bis 44 Jahre,B9999,unbestimmt (nur Pst),1,40,44
620994,2020-12-31,421,Traun,Frauen,bis 19 Jahre,B9999,unbestimmt (nur Pst),1,0,19
621017,2020-12-31,421,Traun,Frauen,20 bis 24 Jahre,B9999,unbestimmt (nur Pst),2,20,24
621048,2020-12-31,421,Traun,Frauen,25 bis 29 Jahre,B9999,unbestimmt (nur Pst),1,25,29
621074,2020-12-31,421,Traun,Frauen,30 bis 34 Jahre,B9999,unbestimmt (nur Pst),1,30,34
621096,2020-12-31,421,Traun,Frauen,35 bis 39 Jahre,B9999,unbestimmt (nur Pst),1,35,39
621141,2020-12-31,421,Traun,Frauen,45 bis 49 Jahre,B9999,unbestimmt (nur Pst),1,45,49
621208,2020-12-31,421,Traun,Männer,bis 19 Jahre,B9999,unbestimmt (nur Pst),3,0,19
621242,2020-12-31,421,Traun,Männer,20 bis 24 Jahre,B9999,unbestimmt (nur Pst),2,20,24
621367,2020-12-31,421,Traun,Männer,50 bis 54 Jahre,B9999,unbestimmt (nur Pst),1,50,54
621458,2020-12-31,501,Bischofshofen,Frauen,35 bis 39 Jahre,B9999,unbestimmt (nur Pst),1,35,39
621478,2020-12-31,501,Bischofshofen,Frauen,45 bis 49 Jahre,B9999,unbestimmt (nur Pst),2,45,49
621659,2020-12-31,503,Hallein,Männer,bis 19 Jahre,B9999,unbestimmt (nur Pst),2,0,19
622237,2020-12-31,504,Salzburg,Männer,50 bis 54 Jahre,B9999,unbestimmt (nur Pst),3,50,54
622300,2020-12-31,506,Zell am See,Frauen,bis 19 Jahre,B9999,unbestimmt (nur Pst),1,0,19
622363,2020-12-31,506,Zell am See,Männer,bis 19 Jahre,B9999,unbestimmt (nur Pst),1,0,19
622371,2020-12-31,506,Zell am See,Männer,20 bis 24 Jahre,B9999,unbestimmt (nur Pst),2,20,24
622421,2020-12-31,601,Bruck/Mur,Frauen,bis 19 Jahre,B9999,unbestimmt (nur Pst),6,0,19
622444,2020-12-31,601,Bruck/Mur,Frauen,20 bis 24 Jahre,B9999,unbestimmt (nur Pst),2,20,24
622534,2020-12-31,601,Bruck/Mur,Männer,bis 19 Jahre,B9999,unbestimmt (nur Pst),5,0,19
622688,2020-12-31,603,Deutschlandsberg,Frauen,bis 19 Jahre,B9999,unbestimmt (nur Pst),1,0,19
622893,2020-12-31,604,Feldbach,Frauen,bis 19 Jahre,B9999,unbestimmt (nur Pst),2,0,19
622966,2020-12-31,604,Feldbach,Frauen,40 bis 44 Jahre,B9999,unbestimmt (nur Pst),1,40,44
623094,2020-12-31,606,Gleisdorf,Frauen,bis 19 Jahre,B9999,unbestimmt (nur Pst),1,0,19
623108,2020-12-31,606,Gleisdorf,Frauen,20 bis 24 Jahre,B9999,unbestimmt (nur Pst),2,20,24
623176,2020-12-31,606,Gleisdorf,Männer,bis 19 Jahre,B9999,unbestimmt (nur Pst),1,0,19
623189,2020-12-31,606,Gleisdorf,Männer,20 bis 24 Jahre,B9999,unbestimmt (nur Pst),2,20,24
623236,2020-12-31,609,Hartberg,Frauen,bis 19 Jahre,B9999,unbestimmt (nur Pst),2,0,19
623382,2020-12-31,609,Hartberg,Männer,bis 19 Jahre,B9999,unbestimmt (nur Pst),2,0,19
623400,2020-12-31,609,Hartberg,Männer,20 bis 24 Jahre,B9999,unbestimmt (nur Pst),1,20,24
623522,2020-12-31,610,Judenburg,Frauen,bis 19 Jahre,B9999,unbestimmt (nur Pst),3,0,19
623647,2020-12-31,610,Judenburg,Männer,bis 19 Jahre,B9999,unbestimmt (nur Pst),2,0,19
623725,2020-12-31,611,Murau,Frauen,bis 19 Jahre,B9999,unbestimmt (nur Pst),2,0,19
623735,2020-12-31,611,Murau,Frauen,20 bis 24 Jahre,B9999,unbestimmt (nur Pst),1,20,24
623803,2020-12-31,614,Leibnitz,Frauen,bis 19 Jahre,B9999,unbestimmt (nur Pst),1,0,19
623826,2020-12-31,614,Leibnitz,Frauen,20 bis 24 Jahre,B9999,unbestimmt (nur Pst),1,20,24
623840,2020-12-31,614,Leibnitz,Frauen,25 bis 29 Jahre,B9999,unbestimmt (nur Pst),1,25,29
623935,2020-12-31,614,Leibnitz,Männer,bis 19 Jahre,B9999,unbestimmt (nur Pst),1,0,19
623962,2020-12-31,614,Leibnitz,Männer,20 bis 24 Jahre,B9999,unbestimmt (nur Pst),1,20,24
624054,2020-12-31,616,Leoben,Frauen,bis 19 Jahre,B9999,unbestimmt (nur Pst),1,0,19
624078,2020-12-31,616,Leoben,Frauen,20 bis 24 Jahre,B9999,unbestimmt (nur Pst),2,20,24
624171,2020-12-31,616,Leoben,Männer,bis 19 Jahre,B9999,unbestimmt (nur Pst),2,0,19
624191,2020-12-31,616,Leoben,Männer,20 bis 24 Jahre,B9999,unbestimmt (nur Pst),1,20,24
624283,2020-12-31,618,Liezen,Frauen,bis 19 Jahre,B9999,unbestimmt (nur Pst),1,0,19
624497,2020-12-31,621,Mürzzuschlag,Frauen,20 bis 24 Jahre,B9999,unbestimmt (nur Pst),2,20,24
624550,2020-12-31,621,Mürzzuschlag,Männer,bis 19 Jahre,B9999,unbestimmt (nur Pst),1,0,19
624566,2020-12-31,621,Mürzzuschlag,Männer,20 bis 24 Jahre,B9999,unbestimmt (nur Pst),2,20,24
624670,2020-12-31,622,Voitsberg,Frauen,20 bis 24 Jahre,B9999,unbestimmt (nur Pst),2,20,24
624823,2020-12-31,623,Weiz,Frauen,bis 19 Jahre,B9999,unbestimmt (nur Pst),2,0,19
624922,2020-12-31,623,Weiz,Männer,30 bis 34 Jahre,B9999,unbestimmt (nur Pst),1,30,34
624989,2020-12-31,630,Graz-West und Umgebung,Frauen,bis 19 Jahre,B9999,unbestimmt (nur Pst),3,0,19
625040,2020-12-31,630,Graz-West und Umgebung,Frauen,20 bis 24 Jahre,B9999,unbestimmt (nur Pst),4,20,24
625143,2020-12-31,630,Graz-West und Umgebung,Frauen,30 bis 34 Jahre,B9999,unbestimmt (nur Pst),1,30,34
625353,2020-12-31,630,Graz-West und Umgebung,Männer,bis 19 Jahre,B9999,unbestimmt (nur Pst),8,0,19
625425,2020-12-31,630,Graz-West und Umgebung,Männer,20 bis 24 Jahre,B9999,unbestimmt (nur Pst),1,20,24
625476,2020-12-31,630,Graz-West und Umgebung,Männer,25 bis 29 Jahre,B9999,unbestimmt (nur Pst),1,25,29
625520,2020-12-31,630,Graz-West und Umgebung,Männer,30 bis 34 Jahre,B9999,unbestimmt (nur Pst),1,30,34
625560,2020-12-31,630,Graz-West und Umgebung,Männer,35 bis 39 Jahre,B9999,unbestimmt (nur Pst),2,35,39
625681,2020-12-31,631,Graz-Ost,Frauen,bis 19 Jahre,B9999,unbestimmt (nur Pst),3,0,19
625718,2020-12-31,631,Graz-Ost,Frauen,20 bis 24 Jahre,B9999,unbestimmt (nur Pst),1,20,24
625820,2020-12-31,631,Graz-Ost,Frauen,35 bis 39 Jahre,B9999,unbestimmt (nur Pst),1,35,39
625910,2020-12-31,631,Graz-Ost,Männer,bis 19 Jahre,B9999,unbestimmt (nur Pst),2,0,19
625952,2020-12-31,631,Graz-Ost,Männer,20 bis 24 Jahre,B9999,unbestimmt (nur Pst),1,20,24
626117,2020-12-31,701,Imst,Frauen,bis 19 Jahre,B9999,unbestimmt (nur Pst),1,0,19
626178,2020-12-31,701,Imst,Männer,bis 19 Jahre,B9999,unbestimmt (nur Pst),2,0,19
626215,2020-12-31,702,Innsbruck,Frauen,bis 19 Jahre,B9999,unbestimmt (nur Pst),2,0,19
626236,2020-12-31,702,Innsbruck,Frauen,20 bis 24 Jahre,B9999,unbestimmt (nur Pst),2,20,24
626259,2020-12-31,702,Innsbruck,Frauen,25 bis 29 Jahre,B9999,unbestimmt (nur Pst),3,25,29
626310,2020-12-31,702,Innsbruck,Frauen,35 bis 39 Jahre,B9999,unbestimmt (nur Pst),1,35,39
626337,2020-12-31,702,Innsbruck,Frauen,40 bis 44 Jahre,B9999,unbestimmt (nur Pst),1,40,44
626364,2020-12-31,702,Innsbruck,Frauen,45 bis 49 Jahre,B9999,unbestimmt (nur Pst),2,45,49
626489,2020-12-31,702,Innsbruck,Männer,25 bis 29 Jahre,B9999,unbestimmt (nur Pst),2,25,29
626537,2020-12-31,702,Innsbruck,Männer,35 bis 39 Jahre,B9999,unbestimmt (nur Pst),3,35,39
626602,2020-12-31,702,Innsbruck,Männer,55 bis 59 Jahre,B9999,unbestimmt (nur Pst),1,55,59
626612,2020-12-31,704,Kitzbühel,Frauen,bis 19 Jahre,B9999,unbestimmt (nur Pst),3,0,19
626636,2020-12-31,704,Kitzbühel,Frauen,45 bis 49 Jahre,B9999,unbestimmt (nur Pst),1,45,49
626653,2020-12-31,704,Kitzbühel,Männer,bis 19 Jahre,B9999,unbestimmt (nur Pst),3,0,19
626701,2020-12-31,705,Kufstein,Frauen,bis 19 Jahre,B9999,unbestimmt (nur Pst),3,0,19
626718,2020-12-31,705,Kufstein,Frauen,20 bis 24 Jahre,B9999,unbestimmt (nur Pst),1,20,24
626822,2020-12-31,705,Kufstein,Männer,bis 19 Jahre,B9999,unbestimmt (nur Pst),8,0,19
626845,2020-12-31,705,Kufstein,Männer,20 bis 24 Jahre,B9999,unbestimmt (nur Pst),1,20,24
626905,2020-12-31,706,Landeck,Frauen,bis 19 Jahre,B9999,unbestimmt (nur Pst),3,0,19
626913,2020-12-31,706,Landeck,Frauen,20 bis 24 Jahre,B9999,unbestimmt (nur Pst),1,20,24
626954,2020-12-31,706,Landeck,Männer,bis 19 Jahre,B9999,unbestimmt (nur Pst),4,0,19
626975,2020-12-31,707,Lienz,Frauen,bis 19 Jahre,B9999,unbestimmt (nur Pst),1,0,19
627020,2020-12-31,707,Lienz,Männer,bis 19 Jahre,B9999,unbestimmt (nur Pst),1,0,19
627026,2020-12-31,707,Lienz,Männer,20 bis 24 Jahre,B9999,unbestimmt (nur Pst),1,20,24
627033,2020-12-31,707,Lienz,Männer,30 bis 34 Jahre,B9999,unbestimmt (nur Pst),1,30,34
627112,2020-12-31,709,Schwaz,Frauen,bis 19 Jahre,B9999,unbestimmt (nur Pst),10,0,19
627122,2020-12-31,709,Schwaz,Frauen,20 bis 24 Jahre,B9999,unbestimmt (nur Pst),1,20,24
627166,2020-12-31,709,Schwaz,Frauen,40 bis 44 Jahre,B9999,unbestimmt (nur Pst),1,40,44
627193,2020-12-31,709,Schwaz,Männer,bis 19 Jahre,B9999,unbestimmt (nur Pst),7,0,19
627226,2020-12-31,709,Schwaz,Männer,35 bis 39 Jahre,B9999,unbestimmt (nur Pst),1,35,39
627231,2020-12-31,709,Schwaz,Männer,40 bis 44 Jahre,B9999,unbestimmt (nur Pst),1,40,44
627245,2020-12-31,801,Bludenz,Frauen,bis 19 Jahre,B9999,unbestimmt (nur Pst),2,0,19
627264,2020-12-31,801,Bludenz,Frauen,20 bis 24 Jahre,B9999,unbestimmt (nur Pst),2,20,24
627370,2020-12-31,801,Bludenz,Männer,25 bis 29 Jahre,B9999,unbestimmt (nur Pst),1,25,29
627449,2020-12-31,802,Bregenz,Frauen,20 bis 24 Jahre,B9999,unbestimmt (nur Pst),2,20,24
627500,2020-12-31,802,Bregenz,Frauen,30 bis 34 Jahre,B9999,unbestimmt (nur Pst),1,30,34
627522,2020-12-31,802,Bregenz,Frauen,35 bis 39 Jahre,B9999,unbestimmt (nur Pst),1,35,39
627612,2020-12-31,802,Bregenz,Männer,bis 19 Jahre,B9999,unbestimmt (nur Pst),2,0,19
627669,2020-12-31,802,Bregenz,Männer,25 bis 29 Jahre,B9999,unbestimmt (nur Pst),2,25,29
627803,2020-12-31,804,Dornbirn,Frauen,20 bis 24 Jahre,B9999,unbestimmt (nur Pst),1,20,24
627827,2020-12-31,804,Dornbirn,Frauen,25 bis 29 Jahre,B9999,unbestimmt (nur Pst),1,25,29
627905,2020-12-31,804,Dornbirn,Frauen,45 bis 49 Jahre,B9999,unbestimmt (nur Pst),1,45,49
627980,2020-12-31,804,Dornbirn,Männer,20 bis 24 Jahre,B9999,unbestimmt (nur Pst),1,20,24
627996,2020-12-31,804,Dornbirn,Männer,25 bis 29 Jahre,B9999,unbestimmt (nur Pst),1,25,29
628056,2020-12-31,804,Dornbirn,Männer,50 bis 54 Jahre,B9999,unbestimmt (nur Pst),1,50,54
628086,2020-12-31,805,Feldkirch,Frauen,bis 19 Jahre,B9999,unbestimmt (nur Pst),5,0,19
628117,2020-12-31,805,Feldkirch,Frauen,20 bis 24 Jahre,B9999,unbestimmt (nur Pst),3,20,24
628140,2020-12-31,805,Feldkirch,Frauen,25 bis 29 Jahre,B9999,unbestimmt (nur Pst),5,25,29
628176,2020-12-31,805,Feldkirch,Frauen,35 bis 39 Jahre,B9999,unbestimmt (nur Pst),1,35,39
628198,2020-12-31,805,Feldkirch,Frauen,40 bis 44 Jahre,B9999,unbestimmt (nur Pst),1,40,44
628265,2020-12-31,805,Feldkirch,Männer,bis 19 Jahre,B9999,unbestimmt (nur Pst),9,0,19
628301,2020-12-31,805,Feldkirch,Männer,20 bis 24 Jahre,B9999,unbestimmt (nur Pst),2,20,24
628331,2020-12-31,805,Feldkirch,Männer,25 bis 29 Jahre,B9999,unbestimmt (nur Pst),1,25,29
628356,2020-12-31,805,Feldkirch,Männer,35 bis 39 Jahre,B9999,unbestimmt (nur Pst),4,35,39
628683,2020-12-31,958,Wien Johnstraße,Männer,20 bis 24 Jahre,B9999,unbestimmt (nur Pst),1,20,24
628720,2020-12-31,958,Wien Johnstraße,Männer,25 bis 29 Jahre,B9999,unbestimmt (nur Pst),1,25,29
628958,2020-12-31,959,Wien Hauffgasse,Frauen,20 bis 24 Jahre,B9999,unbestimmt (nur Pst),1,20,24
629416,2020-12-31,959,Wien Hauffgasse,Männer,45 bis 49 Jahre,B9999,unbestimmt (nur Pst),1,45,49
629550,2020-12-31,960,Wien Esteplatz,Frauen,25 bis 29 Jahre,B9999,unbestimmt (nur Pst),1,25,29
629590,2020-12-31,960,Wien Esteplatz,Frauen,30 bis 34 Jahre,B9999,unbestimmt (nur Pst),1,30,34
629629,2020-12-31,960,Wien Esteplatz,Frauen,35 bis 39 Jahre,B9999,unbestimmt (nur Pst),1,35,39
629829,2020-12-31,960,Wien Esteplatz,Männer,25 bis 29 Jahre,B9999,unbestimmt (nur Pst),1,25,29
630429,2020-12-31,962,Wien Redergasse,Männer,20 bis 24 Jahre,B9999,unbestimmt (nur Pst),1,20,24
630780,2020-12-31,963,Wien Währinger Gürtel,Frauen,25 bis 29 Jahre,B9999,unbestimmt (nur Pst),1,25,29
630821,2020-12-31,963,Wien Währinger Gürtel,Frauen,30 bis 34 Jahre,B9999,unbestimmt (nur Pst),1,30,34
630858,2020-12-31,963,Wien Währinger Gürtel,Frauen,35 bis 39 Jahre,B9999,unbestimmt (nur Pst),1,35,39
631007,2020-12-31,963,Wien Währinger Gürtel,Männer,20 bis 24 Jahre,B9999,unbestimmt (nur Pst),1,20,24
631304,2020-12-31,964,Wien Favoritenstraße,Frauen,20 bis 24 Jahre,B9999,unbestimmt (nur Pst),2,20,24
631419,2020-12-31,964,Wien Favoritenstraße,Frauen,30 bis 34 Jahre,B9999,unbestimmt (nur Pst),1,30,34
631719,2020-12-31,964,Wien Favoritenstraße,Männer,20 bis 24 Jahre,B9999,unbestimmt (nur Pst),1,20,24
632221,2020-12-31,965,Wien Schönbrunner Straße,Frauen,20 bis 24 Jahre,B9999,unbestimmt (nur Pst),2,20,24
632315,2020-12-31,965,Wien Schönbrunner Straße,Frauen,30 bis 34 Jahre,B9999,unbestimmt (nur Pst),1,30,34
632501,2020-12-31,965,Wien Schönbrunner Straße,Frauen,50 bis 54 Jahre,B9999,unbestimmt (nur Pst),1,50,54
632700,2020-12-31,965,Wien Schönbrunner Straße,Männer,30 bis 34 Jahre,B9999,unbestimmt (nur Pst),2,30,34
632887,2020-12-31,965,Wien Schönbrunner Straße,Männer,50 bis 54 Jahre,B9999,unbestimmt (nur Pst),1,50,54
633137,2020-12-31,966,Wien Hietzinger Kai,Frauen,40 bis 44 Jahre,B9999,unbestimmt (nur Pst),1,40,44
633650,2020-12-31,967,Wien Huttengasse,Frauen,25 bis 29 Jahre,B9999,unbestimmt (nur Pst),1,25,29
633714,2020-12-31,967,Wien Huttengasse,Frauen,30 bis 34 Jahre,B9999,unbestimmt (nur Pst),1,30,34
633771,2020-12-31,967,Wien Huttengasse,Frauen,35 bis 39 Jahre,B9999,unbestimmt (nur Pst),1,35,39
634197,2020-12-31,967,Wien Huttengasse,Männer,35 bis 39 Jahre,B9999,unbestimmt (nur Pst),1,35,39
634695,2020-12-31,968,Wien Schloßhofer Straße,Frauen,55 bis 59 Jahre,B9999,unbestimmt (nur Pst),1,55,59
634759,2020-12-31,968,Wien Schloßhofer Straße,Männer,20 bis 24 Jahre,B9999,unbestimmt (nur Pst),1,20,24
635091,2020-12-31,969,Wien-Wagramer Straße,Frauen,20 bis 24 Jahre,B9999,unbestimmt (nur Pst),2,20,24
635140,2020-12-31,969,Wien-Wagramer Straße,Frauen,25 bis 29 Jahre,B9999,unbestimmt (nur Pst),1,25,29
635440,2020-12-31,969,Wien-Wagramer Straße,Männer,20 bis 24 Jahre,B9999,unbestimmt (nur Pst),1,20,24
635846,2020-12-31,970,Wien Jugendliche,Frauen,bis 19 Jahre,B9999,unbestimmt (nur Pst),7,0,19
635920,2020-12-31,970,Wien Jugendliche,Frauen,20 bis 24 Jahre,B9999,unbestimmt (nur Pst),3,20,24
636029,2020-12-31,970,Wien Jugendliche,Männer,bis 19 Jahre,B9999,unbestimmt (nur Pst),7,0,19
636118,2020-12-31,970,Wien Jugendliche,Männer,20 bis 24 Jahre,B9999,unbestimmt (nur Pst),2,20,24
636363,2020-12-31,974,Wien Austria Campus,Frauen,50 bis 54 Jahre,B9999,unbestimmt (nur Pst),1,50,54
636450,2020-12-31,974,Wien Austria Campus,Männer,25 bis 29 Jahre,B9999,unbestimmt (nur Pst),1,25,29
636541,2020-12-31,974,Wien Austria Campus,Männer,35 bis 39 Jahre,B9999,unbestimmt (nur Pst),1,35,39
636579,2020-12-31,974,Wien Austria Campus,Männer,40 bis 44 Jahre,B9999,unbestimmt (nur Pst),1,40,44
636716,2020-12-31,975,Wien Jäger Straße,Frauen,20 bis 24 Jahre,B9999,unbestimmt (nur Pst),1,20,24
636843,2020-12-31,975,Wien Jäger Straße,Frauen,35 bis 39 Jahre,B9999,unbestimmt (nur Pst),1,35,39
636995,2020-12-31,975,Wien Jäger Straße,Männer,20 bis 24 Jahre,B9999,unbestimmt (nur Pst),2,20,24
637356,2021-01-31,101,Eisenstadt,Männer,bis 19 Jahre,B9999,unbestimmt (nur Pst),2,0,19
637518,2021-01-31,102,Mattersburg,Männer,20 bis 24 Jahre,B9999,unbestimmt (nur Pst),1,20,24
637524,2021-01-31,102,Mattersburg,Männer,25 bis 29 Jahre,B9999,unbestimmt (nur Pst),1,25,29
637861,2021-01-31,105,Oberwart,Frauen,20 bis 24 Jahre,B9999,unbestimmt (nur Pst),1,20,24
637877,2021-01-31,105,Oberwart,Frauen,25 bis 29 Jahre,B9999,unbestimmt (nur Pst),1,25,29
638126,2021-01-31,106,Stegersbach,Frauen,20 bis 24 Jahre,B9999,unbestimmt (nur Pst),1,20,24
638132,2021-01-31,106,Stegersbach,Frauen,25 bis 29 Jahre,B9999,unbestimmt (nur Pst),1,25,29
638243,2021-01-31,107,Jennersdorf,Frauen,bis 19 Jahre,B9999,unbestimmt (nur Pst),1,0,19
638327,2021-01-31,107,Jennersdorf,Männer,35 bis 39 Jahre,B9999,unbestimmt (nur Pst),1,35,39
638441,2021-01-31,202,Hermagor,Männer,bis 19 Jahre,B9999,unbestimmt (nur Pst),1,0,19
638489,2021-01-31,203,Klagenfurt,Frauen,bis 19 Jahre,B9999,unbestimmt (nur Pst),2,0,19
638516,2021-01-31,203,Klagenfurt,Frauen,20 bis 24 Jahre,B9999,unbestimmt (nur Pst),2,20,24
638535,2021-01-31,203,Klagenfurt,Frauen,25 bis 29 Jahre,B9999,unbestimmt (nur Pst),1,25,29
638579,2021-01-31,203,Klagenfurt,Frauen,35 bis 39 Jahre,B9999,unbestimmt (nur Pst),1,35,39
638603,2021-01-31,203,Klagenfurt,Frauen,40 bis 44 Jahre,B9999,unbestimmt (nur Pst),3,40,44
638663,2021-01-31,203,Klagenfurt,Frauen,55 bis 59 Jahre,B9999,unbestimmt (nur Pst),1,55,59
638691,2021-01-31,203,Klagenfurt,Männer,bis 19 Jahre,B9999,unbestimmt (nur Pst),2,0,19
638723,2021-01-31,203,Klagenfurt,Männer,20 bis 24 Jahre,B9999,unbestimmt (nur Pst),1,20,24
638765,2021-01-31,203,Klagenfurt,Männer,30 bis 34 Jahre,B9999,unbestimmt (nur Pst),1,30,34
638802,2021-01-31,203,Klagenfurt,Männer,40 bis 44 Jahre,B9999,unbestimmt (nur Pst),1,40,44
638821,2021-01-31,203,Klagenfurt,Männer,45 bis 49 Jahre,B9999,unbestimmt (nur Pst),2,45,49
638838,2021-01-31,203,Klagenfurt,Männer,50 bis 54 Jahre,B9999,unbestimmt (nur Pst),1,50,54
638968,2021-01-31,204,Spittal/Drau,Männer,bis 19 Jahre,B9999,unbestimmt (nur Pst),4,0,19
639062,2021-01-31,205,St. Veit/Glan,Frauen,bis 19 Jahre,B9999,unbestimmt (nur Pst),1,0,19
639144,2021-01-31,205,St. Veit/Glan,Männer,20 bis 24 Jahre,B9999,unbestimmt (nur Pst),1,20,24
639600,2021-01-31,207,Völkermarkt,Männer,bis 19 Jahre,B9999,unbestimmt (nur Pst),2,0,19
639674,2021-01-31,208,Wolfsberg,Frauen,bis 19 Jahre,B9999,unbestimmt (nur Pst),2,0,19
639756,2021-01-31,208,Wolfsberg,Männer,bis 19 Jahre,B9999,unbestimmt (nur Pst),3,0,19
639840,2021-01-31,301,Amstetten,Frauen,bis 19 Jahre,B9999,unbestimmt (nur Pst),6,0,19
639859,2021-01-31,301,Amstetten,Frauen,20 bis 24 Jahre,B9999,unbestimmt (nur Pst),3,20,24
639971,2021-01-31,301,Amstetten,Männer,bis 19 Jahre,B9999,unbestimmt (nur Pst),17,0,19
640001,2021-01-31,301,Amstetten,Männer,20 bis 24 Jahre,B9999,unbestimmt (nur Pst),1,20,24
640015,2021-01-31,301,Amstetten,Männer,25 bis 29 Jahre,B9999,unbestimmt (nur Pst),1,25,29
640113,2021-01-31,304,Baden neu,Frauen,bis 19 Jahre,B9999,unbestimmt (nur Pst),2,0,19
640139,2021-01-31,304,Baden neu,Frauen,20 bis 24 Jahre,B9999,unbestimmt (nur Pst),8,20,24
640177,2021-01-31,304,Baden neu,Frauen,30 bis 34 Jahre,B9999,unbestimmt (nur Pst),1,30,34
640196,2021-01-31,304,Baden neu,Frauen,35 bis 39 Jahre,B9999,unbestimmt (nur Pst),1,35,39
640297,2021-01-31,304,Baden neu,Männer,bis 19 Jahre,B9999,unbestimmt (nur Pst),4,0,19
640339,2021-01-31,304,Baden neu,Männer,20 bis 24 Jahre,B9999,unbestimmt (nur Pst),3,20,24
640469,2021-01-31,306,Bruck/Leitha,Frauen,bis 19 Jahre,B9999,unbestimmt (nur Pst),3,0,19
640556,2021-01-31,306,Bruck/Leitha,Männer,bis 19 Jahre,B9999,unbestimmt (nur Pst),7,0,19
640573,2021-01-31,306,Bruck/Leitha,Männer,20 bis 24 Jahre,B9999,unbestimmt (nur Pst),2,20,24
640630,2021-01-31,308,Gänserndorf,Frauen,bis 19 Jahre,B9999,unbestimmt (nur Pst),6,0,19
640685,2021-01-31,308,Gänserndorf,Frauen,25 bis 29 Jahre,B9999,unbestimmt (nur Pst),1,25,29
640808,2021-01-31,308,Gänserndorf,Männer,bis 19 Jahre,B9999,unbestimmt (nur Pst),6,0,19
640852,2021-01-31,308,Gänserndorf,Männer,20 bis 24 Jahre,B9999,unbestimmt (nur Pst),1,20,24
641021,2021-01-31,311,Gmünd,Männer,bis 19 Jahre,B9999,unbestimmt (nur Pst),1,0,19
641069,2021-01-31,312,Hollabrunn,Frauen,bis 19 Jahre,B9999,unbestimmt (nur Pst),1,0,19
641091,2021-01-31,312,Hollabrunn,Frauen,20 bis 24 Jahre,B9999,unbestimmt (nur Pst),1,20,24
641106,2021-01-31,312,Hollabrunn,Frauen,25 bis 29 Jahre,B9999,unbestimmt (nur Pst),2,25,29
641162,2021-01-31,312,Hollabrunn,Männer,bis 19 Jahre,B9999,unbestimmt (nur Pst),1,0,19
641186,2021-01-31,312,Hollabrunn,Männer,25 bis 29 Jahre,B9999,unbestimmt (nur Pst),1,25,29
641225,2021-01-31,313,Horn,Frauen,bis 19 Jahre,B9999,unbestimmt (nur Pst),1,0,19
641236,2021-01-31,313,Horn,Frauen,20 bis 24 Jahre,B9999,unbestimmt (nur Pst),3,20,24
641277,2021-01-31,313,Horn,Männer,bis 19 Jahre,B9999,unbestimmt (nur Pst),1,0,19
641287,2021-01-31,313,Horn,Männer,20 bis 24 Jahre,B9999,unbestimmt (nur Pst),1,20,24
641294,2021-01-31,313,Horn,Männer,25 bis 29 Jahre,B9999,unbestimmt (nur Pst),1,25,29
641335,2021-01-31,314,Korneuburg,Frauen,bis 19 Jahre,B9999,unbestimmt (nur Pst),3,0,19
641360,2021-01-31,314,Korneuburg,Frauen,20 bis 24 Jahre,B9999,unbestimmt (nur Pst),3,20,24
641394,2021-01-31,314,Korneuburg,Frauen,30 bis 34 Jahre,B9999,unbestimmt (nur Pst),1,30,34
641486,2021-01-31,314,Korneuburg,Männer,bis 19 Jahre,B9999,unbestimmt (nur Pst),13,0,19
641511,2021-01-31,314,Korneuburg,Männer,20 bis 24 Jahre,B9999,unbestimmt (nur Pst),1,20,24
641587,2021-01-31,315,Krems,Frauen,bis 19 Jahre,B9999,unbestimmt (nur Pst),3,0,19
641605,2021-01-31,315,Krems,Frauen,20 bis 24 Jahre,B9999,unbestimmt (nur Pst),1,20,24
641728,2021-01-31,315,Krems,Männer,bis 19 Jahre,B9999,unbestimmt (nur Pst),3,0,19
641805,2021-01-31,315,Krems,Männer,35 bis 39 Jahre,B9999,unbestimmt (nur Pst),1,35,39
641835,2021-01-31,316,Lilienfeld,Frauen,bis 19 Jahre,B9999,unbestimmt (nur Pst),1,0,19
641847,2021-01-31,316,Lilienfeld,Frauen,20 bis 24 Jahre,B9999,unbestimmt (nur Pst),1,20,24
641873,2021-01-31,316,Lilienfeld,Frauen,40 bis 44 Jahre,B9999,unbestimmt (nur Pst),1,40,44
641880,2021-01-31,316,Lilienfeld,Frauen,45 bis 49 Jahre,B9999,unbestimmt (nur Pst),1,45,49
641922,2021-01-31,316,Lilienfeld,Männer,35 bis 39 Jahre,B9999,unbestimmt (nur Pst),1,35,39
642166,2021-01-31,319,Mistelbach,Frauen,bis 19 Jahre,B9999,unbestimmt (nur Pst),4,0,19
642183,2021-01-31,319,Mistelbach,Frauen,20 bis 24 Jahre,B9999,unbestimmt (nur Pst),2,20,24
642261,2021-01-31,319,Mistelbach,Männer,bis 19 Jahre,B9999,unbestimmt (nur Pst),3,0,19
642278,2021-01-31,319,Mistelbach,Männer,20 bis 24 Jahre,B9999,unbestimmt (nur Pst),1,20,24
642350,2021-01-31,321,Mödling,Frauen,bis 19 Jahre,B9999,unbestimmt (nur Pst),2,0,19
642379,2021-01-31,321,Mödling,Frauen,20 bis 24 Jahre,B9999,unbestimmt (nur Pst),1,20,24
642392,2021-01-31,321,Mödling,Frauen,25 bis 29 Jahre,B9999,unbestimmt (nur Pst),1,25,29
642517,2021-01-31,321,Mödling,Männer,bis 19 Jahre,B9999,unbestimmt (nur Pst),4,0,19
642553,2021-01-31,321,Mödling,Männer,20 bis 24 Jahre,B9999,unbestimmt (nur Pst),3,20,24
642642,2021-01-31,321,Mödling,Männer,50 bis 54 Jahre,B9999,unbestimmt (nur Pst),1,50,54
642652,2021-01-31,321,Mödling,Männer,55 bis 59 Jahre,B9999,unbestimmt (nur Pst),1,55,59
642670,2021-01-31,323,Neunkirchen,Frauen,bis 19 Jahre,B9999,unbestimmt (nur Pst),3,0,19
642873,2021-01-31,323,Neunkirchen,Männer,25 bis 29 Jahre,B9999,unbestimmt (nur Pst),1,25,29
642951,2021-01-31,326,St. Pölten,Frauen,bis 19 Jahre,B9999,unbestimmt (nur Pst),10,0,19
642981,2021-01-31,326,St. Pölten,Frauen,20 bis 24 Jahre,B9999,unbestimmt (nur Pst),1,20,24
643001,2021-01-31,326,St. Pölten,Frauen,25 bis 29 Jahre,B9999,unbestimmt (nur Pst),1,25,29
643149,2021-01-31,326,St. Pölten,Männer,bis 19 Jahre,B9999,unbestimmt (nur Pst),9,0,19
643190,2021-01-31,326,St. Pölten,Männer,20 bis 24 Jahre,B9999,unbestimmt (nur Pst),3,20,24
643220,2021-01-31,326,St. Pölten,Männer,25 bis 29 Jahre,B9999,unbestimmt (nur Pst),1,25,29
643300,2021-01-31,326,St. Pölten,Männer,40 bis 44 Jahre,B9999,unbestimmt (nur Pst),1,40,44
643363,2021-01-31,328,Scheibbs,Frauen,bis 19 Jahre,B9999,unbestimmt (nur Pst),3,0,19
643374,2021-01-31,328,Scheibbs,Frauen,20 bis 24 Jahre,B9999,unbestimmt (nur Pst),1,20,24
643422,2021-01-31,328,Scheibbs,Männer,bis 19 Jahre,B9999,unbestimmt (nur Pst),5,0,19
643465,2021-01-31,328,Scheibbs,Männer,50 bis 54 Jahre,B9999,unbestimmt (nur Pst),1,50,54
643484,2021-01-31,329,Schwechat,Frauen,bis 19 Jahre,B9999,unbestimmt (nur Pst),1,0,19
643503,2021-01-31,329,Schwechat,Frauen,20 bis 24 Jahre,B9999,unbestimmt (nur Pst),1,20,24
643609,2021-01-31,329,Schwechat,Männer,bis 19 Jahre,B9999,unbestimmt (nur Pst),3,0,19
643699,2021-01-31,331,Tulln,Frauen,bis 19 Jahre,B9999,unbestimmt (nur Pst),6,0,19
643732,2021-01-31,331,Tulln,Frauen,25 bis 29 Jahre,B9999,unbestimmt (nur Pst),1,25,29
643812,2021-01-31,331,Tulln,Frauen,55 bis 59 Jahre,B9999,unbestimmt (nur Pst),1,55,59
643835,2021-01-31,331,Tulln,Männer,bis 19 Jahre,B9999,unbestimmt (nur Pst),9,0,19
643866,2021-01-31,331,Tulln,Männer,20 bis 24 Jahre,B9999,unbestimmt (nur Pst),1,20,24
643946,2021-01-31,332,Waidhofen/Thaya,Frauen,bis 19 Jahre,B9999,unbestimmt (nur Pst),2,0,19
643997,2021-01-31,332,Waidhofen/Thaya,Männer,bis 19 Jahre,B9999,unbestimmt (nur Pst),1,0,19
644034,2021-01-31,333,Waidhofen/Ybbs,Frauen,bis 19 Jahre,B9999,unbestimmt (nur Pst),1,0,19
644085,2021-01-31,333,Waidhofen/Ybbs,Männer,bis 19 Jahre,B9999,unbestimmt (nur Pst),3,0,19
644116,2021-01-31,333,Waidhofen/Ybbs,Männer,55 bis 59 Jahre,B9999,unbestimmt (nur Pst),1,55,59
644147,2021-01-31,334,Wr. Neustadt,Frauen,bis 19 Jahre,B9999,unbestimmt (nur Pst),3,0,19
644171,2021-01-31,334,Wr. Neustadt,Frauen,20 bis 24 Jahre,B9999,unbestimmt (nur Pst),2,20,24
644301,2021-01-31,334,Wr. Neustadt,Männer,bis 19 Jahre,B9999,unbestimmt (nur Pst),2,0,19
644572,2021-01-31,401,Braunau,Frauen,bis 19 Jahre,B9999,unbestimmt (nur Pst),9,0,19
644595,2021-01-31,401,Braunau,Frauen,20 bis 24 Jahre,B9999,unbestimmt (nur Pst),3,20,24
644618,2021-01-31,401,Braunau,Frauen,25 bis 29 Jahre,B9999,unbestimmt (nur Pst),2,25,29
644725,2021-01-31,401,Braunau,Männer,bis 19 Jahre,B9999,unbestimmt (nur Pst),13,0,19
644757,2021-01-31,401,Braunau,Männer,20 bis 24 Jahre,B9999,unbestimmt (nur Pst),1,20,24
644778,2021-01-31,401,Braunau,Männer,25 bis 29 Jahre,B9999,unbestimmt (nur Pst),2,25,29
644795,2021-01-31,401,Braunau,Männer,30 bis 34 Jahre,B9999,unbestimmt (nur Pst),1,30,34
644831,2021-01-31,401,Braunau,Männer,50 bis 54 Jahre,B9999,unbestimmt (nur Pst),1,50,54
644852,2021-01-31,402,Eferding,Frauen,bis 19 Jahre,B9999,unbestimmt (nur Pst),1,0,19
644863,2021-01-31,402,Eferding,Frauen,20 bis 24 Jahre,B9999,unbestimmt (nur Pst),1,20,24
644882,2021-01-31,402,Eferding,Frauen,35 bis 39 Jahre,B9999,unbestimmt (nur Pst),1,35,39
644915,2021-01-31,402,Eferding,Männer,20 bis 24 Jahre,B9999,unbestimmt (nur Pst),1,20,24
645087,2021-01-31,403,Freistadt,Männer,20 bis 24 Jahre,B9999,unbestimmt (nur Pst),1,20,24
645114,2021-01-31,403,Freistadt,Männer,30 bis 34 Jahre,B9999,unbestimmt (nur Pst),1,30,34
645173,2021-01-31,404,Gmunden,Frauen,bis 19 Jahre,B9999,unbestimmt (nur Pst),8,0,19
645351,2021-01-31,404,Gmunden,Männer,bis 19 Jahre,B9999,unbestimmt (nur Pst),7,0,19
645503,2021-01-31,406,Grieskirchen,Frauen,bis 19 Jahre,B9999,unbestimmt (nur Pst),1,0,19
645651,2021-01-31,407,Kirchdorf/Krems,Frauen,bis 19 Jahre,B9999,unbestimmt (nur Pst),5,0,19
645714,2021-01-31,407,Kirchdorf/Krems,Frauen,35 bis 39 Jahre,B9999,unbestimmt (nur Pst),1,35,39
645773,2021-01-31,407,Kirchdorf/Krems,Männer,bis 19 Jahre,B9999,unbestimmt (nur Pst),4,0,19
645890,2021-01-31,409,Linz neu,Frauen,bis 19 Jahre,B9999,unbestimmt (nur Pst),22,0,19
645938,2021-01-31,409,Linz neu,Frauen,20 bis 24 Jahre,B9999,unbestimmt (nur Pst),13,20,24
645987,2021-01-31,409,Linz neu,Frauen,25 bis 29 Jahre,B9999,unbestimmt (nur Pst),1,25,29
646036,2021-01-31,409,Linz neu,Frauen,30 bis 34 Jahre,B9999,unbestimmt (nur Pst),2,30,34
646080,2021-01-31,409,Linz neu,Frauen,35 bis 39 Jahre,B9999,unbestimmt (nur Pst),2,35,39
646116,2021-01-31,409,Linz neu,Frauen,40 bis 44 Jahre,B9999,unbestimmt (nur Pst),3,40,44
646145,2021-01-31,409,Linz neu,Frauen,45 bis 49 Jahre,B9999,unbestimmt (nur Pst),1,45,49
646182,2021-01-31,409,Linz neu,Frauen,55 bis 59 Jahre,B9999,unbestimmt (nur Pst),1,55,59
646223,2021-01-31,409,Linz neu,Männer,bis 19 Jahre,B9999,unbestimmt (nur Pst),23,0,19
646285,2021-01-31,409,Linz neu,Männer,20 bis 24 Jahre,B9999,unbestimmt (nur Pst),9,20,24
646338,2021-01-31,409,Linz neu,Männer,25 bis 29 Jahre,B9999,unbestimmt (nur Pst),3,25,29
646390,2021-01-31,409,Linz neu,Männer,30 bis 34 Jahre,B9999,unbestimmt (nur Pst),2,30,34
646434,2021-01-31,409,Linz neu,Männer,35 bis 39 Jahre,B9999,unbestimmt (nur Pst),2,35,39
646477,2021-01-31,409,Linz neu,Männer,40 bis 44 Jahre,B9999,unbestimmt (nur Pst),3,40,44
646555,2021-01-31,409,Linz neu,Männer,55 bis 59 Jahre,B9999,unbestimmt (nur Pst),1,55,59
646715,2021-01-31,411,Perg,Männer,20 bis 24 Jahre,B9999,unbestimmt (nur Pst),2,20,24
646808,2021-01-31,412,Ried im Innkreis,Frauen,bis 19 Jahre,B9999,unbestimmt (nur Pst),8,0,19
646823,2021-01-31,412,Ried im Innkreis,Frauen,20 bis 24 Jahre,B9999,unbestimmt (nur Pst),1,20,24
646837,2021-01-31,412,Ried im Innkreis,Frauen,25 bis 29 Jahre,B9999,unbestimmt (nur Pst),3,25,29
646857,2021-01-31,412,Ried im Innkreis,Frauen,30 bis 34 Jahre,B9999,unbestimmt (nur Pst),1,30,34
646876,2021-01-31,412,Ried im Innkreis,Frauen,35 bis 39 Jahre,B9999,unbestimmt (nur Pst),1,35,39
646932,2021-01-31,412,Ried im Innkreis,Männer,bis 19 Jahre,B9999,unbestimmt (nur Pst),6,0,19
646953,2021-01-31,412,Ried im Innkreis,Männer,20 bis 24 Jahre,B9999,unbestimmt (nur Pst),2,20,24
646968,2021-01-31,412,Ried im Innkreis,Männer,25 bis 29 Jahre,B9999,unbestimmt (nur Pst),1,25,29
647105,2021-01-31,413,Rohrbach,Frauen,45 bis 49 Jahre,B9999,unbestimmt (nur Pst),1,45,49
647127,2021-01-31,413,Rohrbach,Männer,bis 19 Jahre,B9999,unbestimmt (nur Pst),1,0,19
647142,2021-01-31,413,Rohrbach,Männer,20 bis 24 Jahre,B9999,unbestimmt (nur Pst),2,20,24
647162,2021-01-31,413,Rohrbach,Männer,30 bis 34 Jahre,B9999,unbestimmt (nur Pst),1,30,34
647171,2021-01-31,413,Rohrbach,Männer,35 bis 39 Jahre,B9999,unbestimmt (nur Pst),1,35,39
647227,2021-01-31,414,Schärding,Frauen,25 bis 29 Jahre,B9999,unbestimmt (nur Pst),1,25,29
647362,2021-01-31,415,Steyr,Frauen,bis 19 Jahre,B9999,unbestimmt (nur Pst),11,0,19
647390,2021-01-31,415,Steyr,Frauen,20 bis 24 Jahre,B9999,unbestimmt (nur Pst),4,20,24
647411,2021-01-31,415,Steyr,Frauen,25 bis 29 Jahre,B9999,unbestimmt (nur Pst),3,25,29
647450,2021-01-31,415,Steyr,Frauen,35 bis 39 Jahre,B9999,unbestimmt (nur Pst),1,35,39
647470,2021-01-31,415,Steyr,Frauen,40 bis 44 Jahre,B9999,unbestimmt (nur Pst),1,40,44
647534,2021-01-31,415,Steyr,Männer,bis 19 Jahre,B9999,unbestimmt (nur Pst),8,0,19
647565,2021-01-31,415,Steyr,Männer,20 bis 24 Jahre,B9999,unbestimmt (nur Pst),2,20,24
647700,2021-01-31,418,Vöcklabruck,Frauen,bis 19 Jahre,B9999,unbestimmt (nur Pst),8,0,19
647723,2021-01-31,418,Vöcklabruck,Frauen,20 bis 24 Jahre,B9999,unbestimmt (nur Pst),1,20,24
647882,2021-01-31,418,Vöcklabruck,Männer,bis 19 Jahre,B9999,unbestimmt (nur Pst),2,0,19
647916,2021-01-31,418,Vöcklabruck,Männer,20 bis 24 Jahre,B9999,unbestimmt (nur Pst),1,20,24
647972,2021-01-31,418,Vöcklabruck,Männer,35 bis 39 Jahre,B9999,unbestimmt (nur Pst),1,35,39
648072,2021-01-31,419,Wels,Frauen,bis 19 Jahre,B9999,unbestimmt (nur Pst),1,0,19
648090,2021-01-31,419,Wels,Frauen,20 bis 24 Jahre,B9999,unbestimmt (nur Pst),2,20,24
648108,2021-01-31,419,Wels,Frauen,25 bis 29 Jahre,B9999,unbestimmt (nur Pst),1,25,29
648124,2021-01-31,419,Wels,Frauen,30 bis 34 Jahre,B9999,unbestimmt (nur Pst),1,30,34
648146,2021-01-31,419,Wels,Frauen,35 bis 39 Jahre,B9999,unbestimmt (nur Pst),1,35,39
648166,2021-01-31,419,Wels,Frauen,40 bis 44 Jahre,B9999,unbestimmt (nur Pst),2,40,44
648181,2021-01-31,419,Wels,Frauen,45 bis 49 Jahre,B9999,unbestimmt (nur Pst),1,45,49
648228,2021-01-31,419,Wels,Männer,bis 19 Jahre,B9999,unbestimmt (nur Pst),1,0,19
648339,2021-01-31,419,Wels,Männer,40 bis 44 Jahre,B9999,unbestimmt (nur Pst),1,40,44
648410,2021-01-31,421,Traun,Frauen,bis 19 Jahre,B9999,unbestimmt (nur Pst),2,0,19
648436,2021-01-31,421,Traun,Frauen,20 bis 24 Jahre,B9999,unbestimmt (nur Pst),2,20,24
648467,2021-01-31,421,Traun,Frauen,25 bis 29 Jahre,B9999,unbestimmt (nur Pst),1,25,29
648495,2021-01-31,421,Traun,Frauen,30 bis 34 Jahre,B9999,unbestimmt (nur Pst),1,30,34
648521,2021-01-31,421,Traun,Frauen,35 bis 39 Jahre,B9999,unbestimmt (nur Pst),1,35,39
648564,2021-01-31,421,Traun,Frauen,45 bis 49 Jahre,B9999,unbestimmt (nur Pst),1,45,49
648634,2021-01-31,421,Traun,Männer,bis 19 Jahre,B9999,unbestimmt (nur Pst),2,0,19
648671,2021-01-31,421,Traun,Männer,20 bis 24 Jahre,B9999,unbestimmt (nur Pst),1,20,24
648798,2021-01-31,421,Traun,Männer,50 bis 54 Jahre,B9999,unbestimmt (nur Pst),1,50,54
648892,2021-01-31,501,Bischofshofen,Frauen,30 bis 34 Jahre,B9999,unbestimmt (nur Pst),1,30,34
648910,2021-01-31,501,Bischofshofen,Frauen,35 bis 39 Jahre,B9999,unbestimmt (nur Pst),1,35,39
648936,2021-01-31,501,Bischofshofen,Frauen,45 bis 49 Jahre,B9999,unbestimmt (nur Pst),2,45,49
649021,2021-01-31,501,Bischofshofen,Männer,30 bis 34 Jahre,B9999,unbestimmt (nur Pst),1,30,34
649176,2021-01-31,503,Hallein,Männer,bis 19 Jahre,B9999,unbestimmt (nur Pst),2,0,19
649504,2021-01-31,504,Salzburg,Frauen,50 bis 54 Jahre,B9999,unbestimmt (nur Pst),1,50,54
649558,2021-01-31,504,Salzburg,Männer,bis 19 Jahre,B9999,unbestimmt (nur Pst),1,0,19
649622,2021-01-31,504,Salzburg,Männer,20 bis 24 Jahre,B9999,unbestimmt (nur Pst),1,20,24
649665,2021-01-31,504,Salzburg,Männer,25 bis 29 Jahre,B9999,unbestimmt (nur Pst),1,25,29
649834,2021-01-31,504,Salzburg,Männer,50 bis 54 Jahre,B9999,unbestimmt (nur Pst),3,50,54
649919,2021-01-31,506,Zell am See,Frauen,bis 19 Jahre,B9999,unbestimmt (nur Pst),1,0,19
650016,2021-01-31,506,Zell am See,Männer,bis 19 Jahre,B9999,unbestimmt (nur Pst),2,0,19
650030,2021-01-31,506,Zell am See,Männer,20 bis 24 Jahre,B9999,unbestimmt (nur Pst),2,20,24
650053,2021-01-31,506,Zell am See,Männer,30 bis 34 Jahre,B9999,unbestimmt (nur Pst),1,30,34
650103,2021-01-31,601,Bruck/Mur,Frauen,bis 19 Jahre,B9999,unbestimmt (nur Pst),6,0,19
650125,2021-01-31,601,Bruck/Mur,Frauen,20 bis 24 Jahre,B9999,unbestimmt (nur Pst),2,20,24
650225,2021-01-31,601,Bruck/Mur,Männer,bis 19 Jahre,B9999,unbestimmt (nur Pst),5,0,19
650627,2021-01-31,604,Feldbach,Frauen,bis 19 Jahre,B9999,unbestimmt (nur Pst),3,0,19
650710,2021-01-31,604,Feldbach,Frauen,40 bis 44 Jahre,B9999,unbestimmt (nur Pst),1,40,44
650877,2021-01-31,606,Gleisdorf,Frauen,bis 19 Jahre,B9999,unbestimmt (nur Pst),1,0,19
650893,2021-01-31,606,Gleisdorf,Frauen,20 bis 24 Jahre,B9999,unbestimmt (nur Pst),1,20,24
650992,2021-01-31,606,Gleisdorf,Männer,20 bis 24 Jahre,B9999,unbestimmt (nur Pst),2,20,24
651056,2021-01-31,609,Hartberg,Frauen,bis 19 Jahre,B9999,unbestimmt (nur Pst),2,0,19
651218,2021-01-31,609,Hartberg,Männer,bis 19 Jahre,B9999,unbestimmt (nur Pst),2,0,19
651240,2021-01-31,609,Hartberg,Männer,20 bis 24 Jahre,B9999,unbestimmt (nur Pst),1,20,24
651374,2021-01-31,610,Judenburg,Frauen,bis 19 Jahre,B9999,unbestimmt (nur Pst),3,0,19
651407,2021-01-31,610,Judenburg,Frauen,25 bis 29 Jahre,B9999,unbestimmt (nur Pst),1,25,29
651503,2021-01-31,610,Judenburg,Männer,bis 19 Jahre,B9999,unbestimmt (nur Pst),1,0,19
651527,2021-01-31,610,Judenburg,Männer,20 bis 24 Jahre,B9999,unbestimmt (nur Pst),1,20,24
651620,2021-01-31,611,Murau,Frauen,bis 19 Jahre,B9999,unbestimmt (nur Pst),2,0,19
651631,2021-01-31,611,Murau,Frauen,20 bis 24 Jahre,B9999,unbestimmt (nur Pst),1,20,24
651719,2021-01-31,614,Leibnitz,Frauen,bis 19 Jahre,B9999,unbestimmt (nur Pst),1,0,19
651743,2021-01-31,614,Leibnitz,Frauen,20 bis 24 Jahre,B9999,unbestimmt (nur Pst),1,20,24
651872,2021-01-31,614,Leibnitz,Männer,bis 19 Jahre,B9999,unbestimmt (nur Pst),1,0,19
651903,2021-01-31,614,Leibnitz,Männer,20 bis 24 Jahre,B9999,unbestimmt (nur Pst),1,20,24
652008,2021-01-31,616,Leoben,Frauen,bis 19 Jahre,B9999,unbestimmt (nur Pst),1,0,19
652033,2021-01-31,616,Leoben,Frauen,20 bis 24 Jahre,B9999,unbestimmt (nur Pst),1,20,24
652133,2021-01-31,616,Leoben,Männer,bis 19 Jahre,B9999,unbestimmt (nur Pst),2,0,19
652247,2021-01-31,618,Liezen,Frauen,bis 19 Jahre,B9999,unbestimmt (nur Pst),1,0,19
652469,2021-01-31,621,Mürzzuschlag,Frauen,20 bis 24 Jahre,B9999,unbestimmt (nur Pst),2,20,24
652527,2021-01-31,621,Mürzzuschlag,Männer,bis 19 Jahre,B9999,unbestimmt (nur Pst),2,0,19
652543,2021-01-31,621,Mürzzuschlag,Männer,20 bis 24 Jahre,B9999,unbestimmt (nur Pst),3,20,24
652560,2021-01-31,621,Mürzzuschlag,Männer,25 bis 29 Jahre,B9999,unbestimmt (nur Pst),1,25,29
652638,2021-01-31,622,Voitsberg,Frauen,bis 19 Jahre,B9999,unbestimmt (nur Pst),1,0,19
652656,2021-01-31,622,Voitsberg,Frauen,20 bis 24 Jahre,B9999,unbestimmt (nur Pst),2,20,24
652823,2021-01-31,623,Weiz,Frauen,bis 19 Jahre,B9999,unbestimmt (nur Pst),2,0,19
652939,2021-01-31,623,Weiz,Männer,40 bis 44 Jahre,B9999,unbestimmt (nur Pst),1,40,44
652991,2021-01-31,630,Graz-West und Umgebung,Frauen,bis 19 Jahre,B9999,unbestimmt (nur Pst),4,0,19
653040,2021-01-31,630,Graz-West und Umgebung,Frauen,20 bis 24 Jahre,B9999,unbestimmt (nur Pst),5,20,24
653145,2021-01-31,630,Graz-West und Umgebung,Frauen,30 bis 34 Jahre,B9999,unbestimmt (nur Pst),1,30,34
653369,2021-01-31,630,Graz-West und Umgebung,Männer,bis 19 Jahre,B9999,unbestimmt (nur Pst),5,0,19
653444,2021-01-31,630,Graz-West und Umgebung,Männer,20 bis 24 Jahre,B9999,unbestimmt (nur Pst),2,20,24
653497,2021-01-31,630,Graz-West und Umgebung,Männer,25 bis 29 Jahre,B9999,unbestimmt (nur Pst),1,25,29
653551,2021-01-31,630,Graz-West und Umgebung,Männer,30 bis 34 Jahre,B9999,unbestimmt (nur Pst),1,30,34
653598,2021-01-31,630,Graz-West und Umgebung,Männer,35 bis 39 Jahre,B9999,unbestimmt (nur Pst),2,35,39
653730,2021-01-31,631,Graz-Ost,Frauen,bis 19 Jahre,B9999,unbestimmt (nur Pst),3,0,19
653770,2021-01-31,631,Graz-Ost,Frauen,20 bis 24 Jahre,B9999,unbestimmt (nur Pst),1,20,24
653852,2021-01-31,631,Graz-Ost,Frauen,30 bis 34 Jahre,B9999,unbestimmt (nur Pst),1,30,34
653890,2021-01-31,631,Graz-Ost,Frauen,35 bis 39 Jahre,B9999,unbestimmt (nur Pst),1,35,39
653986,2021-01-31,631,Graz-Ost,Männer,bis 19 Jahre,B9999,unbestimmt (nur Pst),2,0,19
654227,2021-01-31,701,Imst,Frauen,bis 19 Jahre,B9999,unbestimmt (nur Pst),1,0,19
654247,2021-01-31,701,Imst,Frauen,25 bis 29 Jahre,B9999,unbestimmt (nur Pst),1,25,29
654287,2021-01-31,701,Imst,Frauen,55 bis 59 Jahre,B9999,unbestimmt (nur Pst),1,55,59
654298,2021-01-31,701,Imst,Männer,bis 19 Jahre,B9999,unbestimmt (nur Pst),2,0,19
654307,2021-01-31,701,Imst,Männer,25 bis 29 Jahre,B9999,unbestimmt (nur Pst),1,25,29
654323,2021-01-31,701,Imst,Männer,55 bis 59 Jahre,B9999,unbestimmt (nur Pst),1,55,59
654346,2021-01-31,702,Innsbruck,Frauen,bis 19 Jahre,B9999,unbestimmt (nur Pst),2,0,19
654372,2021-01-31,702,Innsbruck,Frauen,20 bis 24 Jahre,B9999,unbestimmt (nur Pst),1,20,24
654397,2021-01-31,702,Innsbruck,Frauen,25 bis 29 Jahre,B9999,unbestimmt (nur Pst),3,25,29
654455,2021-01-31,702,Innsbruck,Frauen,35 bis 39 Jahre,B9999,unbestimmt (nur Pst),1,35,39
654507,2021-01-31,702,Innsbruck,Frauen,45 bis 49 Jahre,B9999,unbestimmt (nur Pst),2,45,49
654646,2021-01-31,702,Innsbruck,Männer,25 bis 29 Jahre,B9999,unbestimmt (nur Pst),2,25,29
654701,2021-01-31,702,Innsbruck,Männer,35 bis 39 Jahre,B9999,unbestimmt (nur Pst),3,35,39
654780,2021-01-31,704,Kitzbühel,Frauen,bis 19 Jahre,B9999,unbestimmt (nur Pst),3,0,19
654806,2021-01-31,704,Kitzbühel,Frauen,45 bis 49 Jahre,B9999,unbestimmt (nur Pst),1,45,49
654822,2021-01-31,704,Kitzbühel,Männer,bis 19 Jahre,B9999,unbestimmt (nur Pst),3,0,19
654873,2021-01-31,705,Kufstein,Frauen,bis 19 Jahre,B9999,unbestimmt (nur Pst),4,0,19
654891,2021-01-31,705,Kufstein,Frauen,20 bis 24 Jahre,B9999,unbestimmt (nur Pst),1,20,24
654964,2021-01-31,705,Kufstein,Frauen,45 bis 49 Jahre,B9999,unbestimmt (nur Pst),1,45,49
654997,2021-01-31,705,Kufstein,Männer,bis 19 Jahre,B9999,unbestimmt (nur Pst),7,0,19
655018,2021-01-31,705,Kufstein,Männer,20 bis 24 Jahre,B9999,unbestimmt (nur Pst),1,20,24
655092,2021-01-31,706,Landeck,Frauen,bis 19 Jahre,B9999,unbestimmt (nur Pst),3,0,19
655100,2021-01-31,706,Landeck,Frauen,20 bis 24 Jahre,B9999,unbestimmt (nur Pst),1,20,24
655139,2021-01-31,706,Landeck,Männer,bis 19 Jahre,B9999,unbestimmt (nur Pst),4,0,19
655166,2021-01-31,707,Lienz,Frauen,bis 19 Jahre,B9999,unbestimmt (nur Pst),1,0,19
655218,2021-01-31,707,Lienz,Männer,bis 19 Jahre,B9999,unbestimmt (nur Pst),1,0,19
655224,2021-01-31,707,Lienz,Männer,20 bis 24 Jahre,B9999,unbestimmt (nur Pst),1,20,24
655231,2021-01-31,707,Lienz,Männer,30 bis 34 Jahre,B9999,unbestimmt (nur Pst),1,30,34
655325,2021-01-31,709,Schwaz,Frauen,bis 19 Jahre,B9999,unbestimmt (nur Pst),9,0,19
655337,2021-01-31,709,Schwaz,Frauen,20 bis 24 Jahre,B9999,unbestimmt (nur Pst),1,20,24
655353,2021-01-31,709,Schwaz,Frauen,25 bis 29 Jahre,B9999,unbestimmt (nur Pst),1,25,29
655391,2021-01-31,709,Schwaz,Frauen,40 bis 44 Jahre,B9999,unbestimmt (nur Pst),1,40,44
655421,2021-01-31,709,Schwaz,Männer,bis 19 Jahre,B9999,unbestimmt (nur Pst),7,0,19
655479,2021-01-31,709,Schwaz,Männer,40 bis 44 Jahre,B9999,unbestimmt (nur Pst),1,40,44
655498,2021-01-31,801,Bludenz,Frauen,bis 19 Jahre,B9999,unbestimmt (nur Pst),2,0,19
655517,2021-01-31,801,Bludenz,Frauen,20 bis 24 Jahre,B9999,unbestimmt (nur Pst),3,20,24
655627,2021-01-31,801,Bludenz,Männer,25 bis 29 Jahre,B9999,unbestimmt (nur Pst),1,25,29
655681,2021-01-31,802,Bregenz,Frauen,bis 19 Jahre,B9999,unbestimmt (nur Pst),1,0,19
655711,2021-01-31,802,Bregenz,Frauen,20 bis 24 Jahre,B9999,unbestimmt (nur Pst),2,20,24
655761,2021-01-31,802,Bregenz,Frauen,30 bis 34 Jahre,B9999,unbestimmt (nur Pst),1,30,34
655781,2021-01-31,802,Bregenz,Frauen,35 bis 39 Jahre,B9999,unbestimmt (nur Pst),1,35,39
655878,2021-01-31,802,Bregenz,Männer,bis 19 Jahre,B9999,unbestimmt (nur Pst),2,0,19
655936,2021-01-31,802,Bregenz,Männer,25 bis 29 Jahre,B9999,unbestimmt (nur Pst),2,25,29
656072,2021-01-31,804,Dornbirn,Frauen,20 bis 24 Jahre,B9999,unbestimmt (nur Pst),1,20,24
656095,2021-01-31,804,Dornbirn,Frauen,25 bis 29 Jahre,B9999,unbestimmt (nur Pst),1,25,29
656168,2021-01-31,804,Dornbirn,Frauen,45 bis 49 Jahre,B9999,unbestimmt (nur Pst),1,45,49
656210,2021-01-31,804,Dornbirn,Männer,bis 19 Jahre,B9999,unbestimmt (nur Pst),1,0,19
656239,2021-01-31,804,Dornbirn,Männer,20 bis 24 Jahre,B9999,unbestimmt (nur Pst),1,20,24
656254,2021-01-31,804,Dornbirn,Männer,25 bis 29 Jahre,B9999,unbestimmt (nur Pst),1,25,29
656311,2021-01-31,804,Dornbirn,Männer,50 bis 54 Jahre,B9999,unbestimmt (nur Pst),1,50,54
656338,2021-01-31,805,Feldkirch,Frauen,bis 19 Jahre,B9999,unbestimmt (nur Pst),3,0,19
656367,2021-01-31,805,Feldkirch,Frauen,20 bis 24 Jahre,B9999,unbestimmt (nur Pst),4,20,24
656389,2021-01-31,805,Feldkirch,Frauen,25 bis 29 Jahre,B9999,unbestimmt (nur Pst),4,25,29
656411,2021-01-31,805,Feldkirch,Frauen,30 bis 34 Jahre,B9999,unbestimmt (nur Pst),1,30,34
656428,2021-01-31,805,Feldkirch,Frauen,35 bis 39 Jahre,B9999,unbestimmt (nur Pst),1,35,39
656450,2021-01-31,805,Feldkirch,Frauen,40 bis 44 Jahre,B9999,unbestimmt (nur Pst),1,40,44
656514,2021-01-31,805,Feldkirch,Männer,bis 19 Jahre,B9999,unbestimmt (nur Pst),9,0,19
656555,2021-01-31,805,Feldkirch,Männer,20 bis 24 Jahre,B9999,unbestimmt (nur Pst),2,20,24
656583,2021-01-31,805,Feldkirch,Männer,25 bis 29 Jahre,B9999,unbestimmt (nur Pst),1,25,29
656601,2021-01-31,805,Feldkirch,Männer,30 bis 34 Jahre,B9999,unbestimmt (nur Pst),1,30,34
656615,2021-01-31,805,Feldkirch,Männer,35 bis 39 Jahre,B9999,unbestimmt (nur Pst),4,35,39
656632,2021-01-31,805,Feldkirch,Männer,45 bis 49 Jahre,B9999,unbestimmt (nur Pst),1,45,49
656845,2021-01-31,958,Wien Johnstraße,Frauen,45 bis 49 Jahre,B9999,unbestimmt (nur Pst),1,45,49
657716,2021-01-31,960,Wien Esteplatz,Frauen,30 bis 34 Jahre,B9999,unbestimmt (nur Pst),1,30,34
657760,2021-01-31,960,Wien Esteplatz,Frauen,35 bis 39 Jahre,B9999,unbestimmt (nur Pst),1,35,39
657930,2021-01-31,960,Wien Esteplatz,Männer,25 bis 29 Jahre,B9999,unbestimmt (nur Pst),1,25,29
658724,2021-01-31,962,Wien Redergasse,Männer,50 bis 54 Jahre,B9999,unbestimmt (nur Pst),1,50,54
658809,2021-01-31,963,Wien Währinger Gürtel,Frauen,25 bis 29 Jahre,B9999,unbestimmt (nur Pst),1,25,29
658850,2021-01-31,963,Wien Währinger Gürtel,Frauen,30 bis 34 Jahre,B9999,unbestimmt (nur Pst),1,30,34
658892,2021-01-31,963,Wien Währinger Gürtel,Frauen,35 bis 39 Jahre,B9999,unbestimmt (nur Pst),1,35,39
660209,2021-01-31,965,Wien Schönbrunner Straße,Frauen,30 bis 34 Jahre,B9999,unbestimmt (nur Pst),1,30,34
660363,2021-01-31,965,Wien Schönbrunner Straße,Frauen,45 bis 49 Jahre,B9999,unbestimmt (nur Pst),1,45,49
660542,2021-01-31,965,Wien Schönbrunner Straße,Männer,30 bis 34 Jahre,B9999,unbestimmt (nur Pst),2,30,34
660734,2021-01-31,965,Wien Schönbrunner Straße,Männer,50 bis 54 Jahre,B9999,unbestimmt (nur Pst),1,50,54
660949,2021-01-31,966,Wien Hietzinger Kai,Frauen,40 bis 44 Jahre,B9999,unbestimmt (nur Pst),1,40,44
661451,2021-01-31,967,Wien Huttengasse,Frauen,30 bis 34 Jahre,B9999,unbestimmt (nur Pst),1,30,34
661504,2021-01-31,967,Wien Huttengasse,Frauen,35 bis 39 Jahre,B9999,unbestimmt (nur Pst),1,35,39
661866,2021-01-31,967,Wien Huttengasse,Männer,35 bis 39 Jahre,B9999,unbestimmt (nur Pst),1,35,39
662351,2021-01-31,968,Wien Schloßhofer Straße,Frauen,55 bis 59 Jahre,B9999,unbestimmt (nur Pst),1,55,59
662409,2021-01-31,968,Wien Schloßhofer Straße,Männer,25 bis 29 Jahre,B9999,unbestimmt (nur Pst),1,25,29
663563,2021-01-31,974,Wien Austria Campus,Frauen,50 bis 54 Jahre,B9999,unbestimmt (nur Pst),1,50,54
663617,2021-01-31,974,Wien Austria Campus,Männer,25 bis 29 Jahre,B9999,unbestimmt (nur Pst),1,25,29
663705,2021-01-31,974,Wien Austria Campus,Männer,35 bis 39 Jahre,B9999,unbestimmt (nur Pst),2,35,39
663980,2021-01-31,975,Wien Jäger Straße,Frauen,35 bis 39 Jahre,B9999,unbestimmt (nur Pst),1,35,39
664439,2021-01-31,976,Wien Jugendliche I,Frauen,bis 19 Jahre,B9999,unbestimmt (nur Pst),2,0,19
664537,2021-01-31,976,Wien Jugendliche I,Frauen,20 bis 24 Jahre,B9999,unbestimmt (nur Pst),9,20,24
664617,2021-01-31,976,Wien Jugendliche I,Männer,bis 19 Jahre,B9999,unbestimmt (nur Pst),5,0,19
664752,2021-01-31,976,Wien Jugendliche I,Männer,20 bis 24 Jahre,B9999,unbestimmt (nur Pst),6,20,24
664818,2021-01-31,977,Wien Jugendliche II,Frauen,bis 19 Jahre,B9999,unbestimmt (nur Pst),1,0,19
664918,2021-01-31,977,Wien Jugendliche II,Frauen,20 bis 24 Jahre,B9999,unbestimmt (nur Pst),1,20,24
665006,2021-01-31,977,Wien Jugendliche II,Männer,bis 19 Jahre,B9999,unbestimmt (nur Pst),2,0,19
665134,2021-01-31,977,Wien Jugendliche II,Männer,20 bis 24 Jahre,B9999,unbestimmt (nur Pst),2,20,24
665246,2021-02-28,101,Eisenstadt,Männer,bis 19 Jahre,B9999,unbestimmt (nur Pst),1,0,19
665383,2021-02-28,102,Mattersburg,Frauen,45 bis 49 Jahre,B9999,unbestimmt (nur Pst),1,45,49
665420,2021-02-28,102,Mattersburg,Männer,20 bis 24 Jahre,B9999,unbestimmt (nur Pst),1,20,24
665429,2021-02-28,102,Mattersburg,Männer,25 bis 29 Jahre,B9999,unbestimmt (nur Pst),1,25,29
665798,2021-02-28,105,Oberwart,Frauen,25 bis 29 Jahre,B9999,unbestimmt (nur Pst),1,25,29
666038,2021-02-28,106,Stegersbach,Frauen,20 bis 24 Jahre,B9999,unbestimmt (nur Pst),1,20,24
666046,2021-02-28,106,Stegersbach,Frauen,25 bis 29 Jahre,B9999,unbestimmt (nur Pst),1,25,29
666180,2021-02-28,107,Jennersdorf,Frauen,bis 19 Jahre,B9999,unbestimmt (nur Pst),1,0,19
666404,2021-02-28,202,Hermagor,Männer,bis 19 Jahre,B9999,unbestimmt (nur Pst),1,0,19
666439,2021-02-28,203,Klagenfurt,Frauen,bis 19 Jahre,B9999,unbestimmt (nur Pst),3,0,19
666471,2021-02-28,203,Klagenfurt,Frauen,20 bis 24 Jahre,B9999,unbestimmt (nur Pst),3,20,24
666493,2021-02-28,203,Klagenfurt,Frauen,25 bis 29 Jahre,B9999,unbestimmt (nur Pst),2,25,29
666571,2021-02-28,203,Klagenfurt,Frauen,40 bis 44 Jahre,B9999,unbestimmt (nur Pst),3,40,44
666627,2021-02-28,203,Klagenfurt,Frauen,55 bis 59 Jahre,B9999,unbestimmt (nur Pst),1,55,59
666659,2021-02-28,203,Klagenfurt,Männer,bis 19 Jahre,B9999,unbestimmt (nur Pst),3,0,19
666687,2021-02-28,203,Klagenfurt,Männer,20 bis 24 Jahre,B9999,unbestimmt (nur Pst),1,20,24
666747,2021-02-28,203,Klagenfurt,Männer,30 bis 34 Jahre,B9999,unbestimmt (nur Pst),1,30,34
666767,2021-02-28,203,Klagenfurt,Männer,35 bis 39 Jahre,B9999,unbestimmt (nur Pst),1,35,39
666787,2021-02-28,203,Klagenfurt,Männer,40 bis 44 Jahre,B9999,unbestimmt (nur Pst),2,40,44
666810,2021-02-28,203,Klagenfurt,Männer,45 bis 49 Jahre,B9999,unbestimmt (nur Pst),2,45,49
666829,2021-02-28,203,Klagenfurt,Männer,50 bis 54 Jahre,B9999,unbestimmt (nur Pst),1,50,54
666845,2021-02-28,203,Klagenfurt,Männer,55 bis 59 Jahre,B9999,unbestimmt (nur Pst),1,55,59
666976,2021-02-28,204,Spittal/Drau,Männer,bis 19 Jahre,B9999,unbestimmt (nur Pst),4,0,19
667075,2021-02-28,205,St. Veit/Glan,Frauen,bis 19 Jahre,B9999,unbestimmt (nur Pst),1,0,19
667181,2021-02-28,205,St. Veit/Glan,Männer,20 bis 24 Jahre,B9999,unbestimmt (nur Pst),1,20,24
667257,2021-02-28,206,Villach,Frauen,bis 19 Jahre,B9999,unbestimmt (nur Pst),1,0,19
667707,2021-02-28,207,Völkermarkt,Männer,bis 19 Jahre,B9999,unbestimmt (nur Pst),2,0,19
667791,2021-02-28,208,Wolfsberg,Frauen,bis 19 Jahre,B9999,unbestimmt (nur Pst),2,0,19
667877,2021-02-28,208,Wolfsberg,Männer,bis 19 Jahre,B9999,unbestimmt (nur Pst),3,0,19
667963,2021-02-28,301,Amstetten,Frauen,bis 19 Jahre,B9999,unbestimmt (nur Pst),6,0,19
667980,2021-02-28,301,Amstetten,Frauen,20 bis 24 Jahre,B9999,unbestimmt (nur Pst),2,20,24
668107,2021-02-28,301,Amstetten,Männer,bis 19 Jahre,B9999,unbestimmt (nur Pst),17,0,19
668132,2021-02-28,301,Amstetten,Männer,20 bis 24 Jahre,B9999,unbestimmt (nur Pst),1,20,24
668152,2021-02-28,301,Amstetten,Männer,25 bis 29 Jahre,B9999,unbestimmt (nur Pst),1,25,29
668237,2021-02-28,301,Amstetten,Männer,55 bis 59 Jahre,B9999,unbestimmt (nur Pst),1,55,59
668264,2021-02-28,304,Baden neu,Frauen,bis 19 Jahre,B9999,unbestimmt (nur Pst),3,0,19
668293,2021-02-28,304,Baden neu,Frauen,20 bis 24 Jahre,B9999,unbestimmt (nur Pst),8,20,24
668334,2021-02-28,304,Baden neu,Frauen,30 bis 34 Jahre,B9999,unbestimmt (nur Pst),1,30,34
668354,2021-02-28,304,Baden neu,Frauen,35 bis 39 Jahre,B9999,unbestimmt (nur Pst),1,35,39
668453,2021-02-28,304,Baden neu,Männer,bis 19 Jahre,B9999,unbestimmt (nur Pst),6,0,19
668501,2021-02-28,304,Baden neu,Männer,20 bis 24 Jahre,B9999,unbestimmt (nur Pst),4,20,24
668524,2021-02-28,304,Baden neu,Männer,25 bis 29 Jahre,B9999,unbestimmt (nur Pst),1,25,29
668647,2021-02-28,306,Bruck/Leitha,Frauen,bis 19 Jahre,B9999,unbestimmt (nur Pst),3,0,19
668741,2021-02-28,306,Bruck/Leitha,Männer,bis 19 Jahre,B9999,unbestimmt (nur Pst),8,0,19
668761,2021-02-28,306,Bruck/Leitha,Männer,20 bis 24 Jahre,B9999,unbestimmt (nur Pst),2,20,24
668820,2021-02-28,308,Gänserndorf,Frauen,bis 19 Jahre,B9999,unbestimmt (nur Pst),5,0,19
668878,2021-02-28,308,Gänserndorf,Frauen,25 bis 29 Jahre,B9999,unbestimmt (nur Pst),1,25,29
669010,2021-02-28,308,Gänserndorf,Männer,bis 19 Jahre,B9999,unbestimmt (nur Pst),6,0,19
669060,2021-02-28,308,Gänserndorf,Männer,20 bis 24 Jahre,B9999,unbestimmt (nur Pst),1,20,24
669247,2021-02-28,311,Gmünd,Männer,bis 19 Jahre,B9999,unbestimmt (nur Pst),1,0,19
669302,2021-02-28,312,Hollabrunn,Frauen,bis 19 Jahre,B9999,unbestimmt (nur Pst),2,0,19
669320,2021-02-28,312,Hollabrunn,Frauen,20 bis 24 Jahre,B9999,unbestimmt (nur Pst),1,20,24
669336,2021-02-28,312,Hollabrunn,Frauen,25 bis 29 Jahre,B9999,unbestimmt (nur Pst),3,25,29
669432,2021-02-28,312,Hollabrunn,Männer,25 bis 29 Jahre,B9999,unbestimmt (nur Pst),1,25,29
669475,2021-02-28,313,Horn,Frauen,bis 19 Jahre,B9999,unbestimmt (nur Pst),1,0,19
669486,2021-02-28,313,Horn,Frauen,20 bis 24 Jahre,B9999,unbestimmt (nur Pst),2,20,24
669523,2021-02-28,313,Horn,Männer,bis 19 Jahre,B9999,unbestimmt (nur Pst),1,0,19
669534,2021-02-28,313,Horn,Männer,20 bis 24 Jahre,B9999,unbestimmt (nur Pst),2,20,24
669543,2021-02-28,313,Horn,Männer,25 bis 29 Jahre,B9999,unbestimmt (nur Pst),1,25,29
669590,2021-02-28,314,Korneuburg,Frauen,bis 19 Jahre,B9999,unbestimmt (nur Pst),3,0,19
669619,2021-02-28,314,Korneuburg,Frauen,20 bis 24 Jahre,B9999,unbestimmt (nur Pst),4,20,24
669653,2021-02-28,314,Korneuburg,Frauen,30 bis 34 Jahre,B9999,unbestimmt (nur Pst),1,30,34
669696,2021-02-28,314,Korneuburg,Frauen,45 bis 49 Jahre,B9999,unbestimmt (nur Pst),1,45,49
669749,2021-02-28,314,Korneuburg,Männer,bis 19 Jahre,B9999,unbestimmt (nur Pst),12,0,19
669777,2021-02-28,314,Korneuburg,Männer,20 bis 24 Jahre,B9999,unbestimmt (nur Pst),1,20,24
669862,2021-02-28,315,Krems,Frauen,bis 19 Jahre,B9999,unbestimmt (nur Pst),3,0,19
669880,2021-02-28,315,Krems,Frauen,20 bis 24 Jahre,B9999,unbestimmt (nur Pst),1,20,24
669997,2021-02-28,315,Krems,Männer,bis 19 Jahre,B9999,unbestimmt (nur Pst),3,0,19
670070,2021-02-28,315,Krems,Männer,35 bis 39 Jahre,B9999,unbestimmt (nur Pst),1,35,39
670108,2021-02-28,316,Lilienfeld,Frauen,bis 19 Jahre,B9999,unbestimmt (nur Pst),1,0,19
670121,2021-02-28,316,Lilienfeld,Frauen,20 bis 24 Jahre,B9999,unbestimmt (nur Pst),1,20,24
670154,2021-02-28,316,Lilienfeld,Frauen,40 bis 44 Jahre,B9999,unbestimmt (nur Pst),1,40,44
670176,2021-02-28,316,Lilienfeld,Männer,bis 19 Jahre,B9999,unbestimmt (nur Pst),1,0,19
670200,2021-02-28,316,Lilienfeld,Männer,35 bis 39 Jahre,B9999,unbestimmt (nur Pst),1,35,39
670466,2021-02-28,319,Mistelbach,Frauen,bis 19 Jahre,B9999,unbestimmt (nur Pst),7,0,19
670486,2021-02-28,319,Mistelbach,Frauen,20 bis 24 Jahre,B9999,unbestimmt (nur Pst),2,20,24
670584,2021-02-28,319,Mistelbach,Männer,bis 19 Jahre,B9999,unbestimmt (nur Pst),2,0,19
670604,2021-02-28,319,Mistelbach,Männer,20 bis 24 Jahre,B9999,unbestimmt (nur Pst),1,20,24
670678,2021-02-28,321,Mödling,Frauen,bis 19 Jahre,B9999,unbestimmt (nur Pst),2,0,19
670723,2021-02-28,321,Mödling,Frauen,25 bis 29 Jahre,B9999,unbestimmt (nur Pst),1,25,29
670742,2021-02-28,321,Mödling,Frauen,30 bis 34 Jahre,B9999,unbestimmt (nur Pst),1,30,34
670855,2021-02-28,321,Mödling,Männer,bis 19 Jahre,B9999,unbestimmt (nur Pst),3,0,19
670890,2021-02-28,321,Mödling,Männer,20 bis 24 Jahre,B9999,unbestimmt (nur Pst),3,20,24
670984,2021-02-28,321,Mödling,Männer,55 bis 59 Jahre,B9999,unbestimmt (nur Pst),1,55,59
671003,2021-02-28,323,Neunkirchen,Frauen,bis 19 Jahre,B9999,unbestimmt (nur Pst),3,0,19
671204,2021-02-28,323,Neunkirchen,Männer,25 bis 29 Jahre,B9999,unbestimmt (nur Pst),1,25,29
671293,2021-02-28,326,St. Pölten,Frauen,bis 19 Jahre,B9999,unbestimmt (nur Pst),14,0,19
671322,2021-02-28,326,St. Pölten,Frauen,20 bis 24 Jahre,B9999,unbestimmt (nur Pst),2,20,24
671345,2021-02-28,326,St. Pölten,Frauen,25 bis 29 Jahre,B9999,unbestimmt (nur Pst),1,25,29
671519,2021-02-28,326,St. Pölten,Männer,bis 19 Jahre,B9999,unbestimmt (nur Pst),9,0,19
671563,2021-02-28,326,St. Pölten,Männer,20 bis 24 Jahre,B9999,unbestimmt (nur Pst),3,20,24
671594,2021-02-28,326,St. Pölten,Männer,25 bis 29 Jahre,B9999,unbestimmt (nur Pst),1,25,29
671679,2021-02-28,326,St. Pölten,Männer,40 bis 44 Jahre,B9999,unbestimmt (nur Pst),1,40,44
671751,2021-02-28,328,Scheibbs,Frauen,bis 19 Jahre,B9999,unbestimmt (nur Pst),3,0,19
671763,2021-02-28,328,Scheibbs,Frauen,20 bis 24 Jahre,B9999,unbestimmt (nur Pst),1,20,24
671818,2021-02-28,328,Scheibbs,Männer,bis 19 Jahre,B9999,unbestimmt (nur Pst),6,0,19
671882,2021-02-28,329,Schwechat,Frauen,bis 19 Jahre,B9999,unbestimmt (nur Pst),1,0,19
671905,2021-02-28,329,Schwechat,Frauen,20 bis 24 Jahre,B9999,unbestimmt (nur Pst),1,20,24
671967,2021-02-28,329,Schwechat,Frauen,40 bis 44 Jahre,B9999,unbestimmt (nur Pst),1,40,44
672028,2021-02-28,329,Schwechat,Männer,bis 19 Jahre,B9999,unbestimmt (nur Pst),3,0,19
672138,2021-02-28,331,Tulln,Frauen,bis 19 Jahre,B9999,unbestimmt (nur Pst),6,0,19
672161,2021-02-28,331,Tulln,Frauen,20 bis 24 Jahre,B9999,unbestimmt (nur Pst),1,20,24
672180,2021-02-28,331,Tulln,Frauen,25 bis 29 Jahre,B9999,unbestimmt (nur Pst),1,25,29
672275,2021-02-28,331,Tulln,Frauen,55 bis 59 Jahre,B9999,unbestimmt (nur Pst),1,55,59
672299,2021-02-28,331,Tulln,Männer,bis 19 Jahre,B9999,unbestimmt (nur Pst),8,0,19
672334,2021-02-28,331,Tulln,Männer,20 bis 24 Jahre,B9999,unbestimmt (nur Pst),1,20,24
672372,2021-02-28,331,Tulln,Männer,35 bis 39 Jahre,B9999,unbestimmt (nur Pst),1,35,39
672428,2021-02-28,332,Waidhofen/Thaya,Frauen,bis 19 Jahre,B9999,unbestimmt (nur Pst),2,0,19
672486,2021-02-28,332,Waidhofen/Thaya,Männer,bis 19 Jahre,B9999,unbestimmt (nur Pst),1,0,19
672529,2021-02-28,333,Waidhofen/Ybbs,Frauen,bis 19 Jahre,B9999,unbestimmt (nur Pst),1,0,19
672586,2021-02-28,333,Waidhofen/Ybbs,Männer,bis 19 Jahre,B9999,unbestimmt (nur Pst),3,0,19
672620,2021-02-28,333,Waidhofen/Ybbs,Männer,55 bis 59 Jahre,B9999,unbestimmt (nur Pst),1,55,59
672649,2021-02-28,334,Wr. Neustadt,Frauen,bis 19 Jahre,B9999,unbestimmt (nur Pst),3,0,19
672679,2021-02-28,334,Wr. Neustadt,Frauen,20 bis 24 Jahre,B9999,unbestimmt (nur Pst),1,20,24
672823,2021-02-28,334,Wr. Neustadt,Männer,bis 19 Jahre,B9999,unbestimmt (nur Pst),1,0,19
673159,2021-02-28,401,Braunau,Frauen,bis 19 Jahre,B9999,unbestimmt (nur Pst),10,0,19
673185,2021-02-28,401,Braunau,Frauen,20 bis 24 Jahre,B9999,unbestimmt (nur Pst),3,20,24
673211,2021-02-28,401,Braunau,Frauen,25 bis 29 Jahre,B9999,unbestimmt (nur Pst),2,25,29
673294,2021-02-28,401,Braunau,Frauen,50 bis 54 Jahre,B9999,unbestimmt (nur Pst),1,50,54
673322,2021-02-28,401,Braunau,Männer,bis 19 Jahre,B9999,unbestimmt (nur Pst),10,0,19
673352,2021-02-28,401,Braunau,Männer,20 bis 24 Jahre,B9999,unbestimmt (nur Pst),3,20,24
673377,2021-02-28,401,Braunau,Männer,25 bis 29 Jahre,B9999,unbestimmt (nur Pst),2,25,29
673394,2021-02-28,401,Braunau,Männer,30 bis 34 Jahre,B9999,unbestimmt (nur Pst),1,30,34
673437,2021-02-28,401,Braunau,Männer,50 bis 54 Jahre,B9999,unbestimmt (nur Pst),1,50,54
673464,2021-02-28,402,Eferding,Frauen,bis 19 Jahre,B9999,unbestimmt (nur Pst),1,0,19
673477,2021-02-28,402,Eferding,Frauen,20 bis 24 Jahre,B9999,unbestimmt (nur Pst),2,20,24
673508,2021-02-28,402,Eferding,Frauen,40 bis 44 Jahre,B9999,unbestimmt (nur Pst),1,40,44
673535,2021-02-28,402,Eferding,Männer,20 bis 24 Jahre,B9999,unbestimmt (nur Pst),1,20,24
673570,2021-02-28,402,Eferding,Männer,55 bis 59 Jahre,B9999,unbestimmt (nur Pst),1,55,59
673716,2021-02-28,403,Freistadt,Männer,20 bis 24 Jahre,B9999,unbestimmt (nur Pst),1,20,24
673742,2021-02-28,403,Freistadt,Männer,30 bis 34 Jahre,B9999,unbestimmt (nur Pst),1,30,34
673798,2021-02-28,404,Gmunden,Frauen,bis 19 Jahre,B9999,unbestimmt (nur Pst),8,0,19
673985,2021-02-28,404,Gmunden,Männer,bis 19 Jahre,B9999,unbestimmt (nur Pst),7,0,19
674137,2021-02-28,406,Grieskirchen,Frauen,bis 19 Jahre,B9999,unbestimmt (nur Pst),1,0,19
674283,2021-02-28,407,Kirchdorf/Krems,Frauen,bis 19 Jahre,B9999,unbestimmt (nur Pst),4,0,19
674347,2021-02-28,407,Kirchdorf/Krems,Frauen,35 bis 39 Jahre,B9999,unbestimmt (nur Pst),1,35,39
674408,2021-02-28,407,Kirchdorf/Krems,Männer,bis 19 Jahre,B9999,unbestimmt (nur Pst),3,0,19
674436,2021-02-28,407,Kirchdorf/Krems,Männer,20 bis 24 Jahre,B9999,unbestimmt (nur Pst),1,20,24
674532,2021-02-28,409,Linz neu,Frauen,bis 19 Jahre,B9999,unbestimmt (nur Pst),18,0,19
674578,2021-02-28,409,Linz neu,Frauen,20 bis 24 Jahre,B9999,unbestimmt (nur Pst),14,20,24
674630,2021-02-28,409,Linz neu,Frauen,25 bis 29 Jahre,B9999,unbestimmt (nur Pst),1,25,29
674677,2021-02-28,409,Linz neu,Frauen,30 bis 34 Jahre,B9999,unbestimmt (nur Pst),3,30,34
674723,2021-02-28,409,Linz neu,Frauen,35 bis 39 Jahre,B9999,unbestimmt (nur Pst),2,35,39
674758,2021-02-28,409,Linz neu,Frauen,40 bis 44 Jahre,B9999,unbestimmt (nur Pst),3,40,44
674790,2021-02-28,409,Linz neu,Frauen,45 bis 49 Jahre,B9999,unbestimmt (nur Pst),1,45,49
674829,2021-02-28,409,Linz neu,Frauen,55 bis 59 Jahre,B9999,unbestimmt (nur Pst),1,55,59
674871,2021-02-28,409,Linz neu,Männer,bis 19 Jahre,B9999,unbestimmt (nur Pst),18,0,19
674938,2021-02-28,409,Linz neu,Männer,20 bis 24 Jahre,B9999,unbestimmt (nur Pst),12,20,24
674989,2021-02-28,409,Linz neu,Männer,25 bis 29 Jahre,B9999,unbestimmt (nur Pst),3,25,29
675047,2021-02-28,409,Linz neu,Männer,30 bis 34 Jahre,B9999,unbestimmt (nur Pst),2,30,34
675093,2021-02-28,409,Linz neu,Männer,35 bis 39 Jahre,B9999,unbestimmt (nur Pst),2,35,39
675139,2021-02-28,409,Linz neu,Männer,40 bis 44 Jahre,B9999,unbestimmt (nur Pst),2,40,44
675222,2021-02-28,409,Linz neu,Männer,55 bis 59 Jahre,B9999,unbestimmt (nur Pst),1,55,59
675393,2021-02-28,411,Perg,Männer,20 bis 24 Jahre,B9999,unbestimmt (nur Pst),2,20,24
675491,2021-02-28,412,Ried im Innkreis,Frauen,bis 19 Jahre,B9999,unbestimmt (nur Pst),7,0,19
675508,2021-02-28,412,Ried im Innkreis,Frauen,20 bis 24 Jahre,B9999,unbestimmt (nur Pst),1,20,24
675525,2021-02-28,412,Ried im Innkreis,Frauen,25 bis 29 Jahre,B9999,unbestimmt (nur Pst),3,25,29
675544,2021-02-28,412,Ried im Innkreis,Frauen,30 bis 34 Jahre,B9999,unbestimmt (nur Pst),1,30,34
675562,2021-02-28,412,Ried im Innkreis,Frauen,35 bis 39 Jahre,B9999,unbestimmt (nur Pst),1,35,39
675623,2021-02-28,412,Ried im Innkreis,Männer,bis 19 Jahre,B9999,unbestimmt (nur Pst),5,0,19
675644,2021-02-28,412,Ried im Innkreis,Männer,20 bis 24 Jahre,B9999,unbestimmt (nur Pst),2,20,24
675663,2021-02-28,412,Ried im Innkreis,Männer,25 bis 29 Jahre,B9999,unbestimmt (nur Pst),1,25,29
675738,2021-02-28,413,Rohrbach,Frauen,bis 19 Jahre,B9999,unbestimmt (nur Pst),1,0,19
675834,2021-02-28,413,Rohrbach,Männer,20 bis 24 Jahre,B9999,unbestimmt (nur Pst),2,20,24
675848,2021-02-28,413,Rohrbach,Männer,30 bis 34 Jahre,B9999,unbestimmt (nur Pst),1,30,34
675857,2021-02-28,413,Rohrbach,Männer,35 bis 39 Jahre,B9999,unbestimmt (nur Pst),1,35,39
676003,2021-02-28,414,Schärding,Männer,25 bis 29 Jahre,B9999,unbestimmt (nur Pst),1,25,29
676056,2021-02-28,415,Steyr,Frauen,bis 19 Jahre,B9999,unbestimmt (nur Pst),11,0,19
676081,2021-02-28,415,Steyr,Frauen,20 bis 24 Jahre,B9999,unbestimmt (nur Pst),5,20,24
676106,2021-02-28,415,Steyr,Frauen,25 bis 29 Jahre,B9999,unbestimmt (nur Pst),3,25,29
676132,2021-02-28,415,Steyr,Frauen,30 bis 34 Jahre,B9999,unbestimmt (nur Pst),1,30,34
676151,2021-02-28,415,Steyr,Frauen,35 bis 39 Jahre,B9999,unbestimmt (nur Pst),1,35,39
676169,2021-02-28,415,Steyr,Frauen,40 bis 44 Jahre,B9999,unbestimmt (nur Pst),1,40,44
676231,2021-02-28,415,Steyr,Männer,bis 19 Jahre,B9999,unbestimmt (nur Pst),7,0,19
676260,2021-02-28,415,Steyr,Männer,20 bis 24 Jahre,B9999,unbestimmt (nur Pst),2,20,24
676396,2021-02-28,418,Vöcklabruck,Frauen,bis 19 Jahre,B9999,unbestimmt (nur Pst),5,0,19
676578,2021-02-28,418,Vöcklabruck,Männer,bis 19 Jahre,B9999,unbestimmt (nur Pst),3,0,19
676609,2021-02-28,418,Vöcklabruck,Männer,20 bis 24 Jahre,B9999,unbestimmt (nur Pst),1,20,24
676773,2021-02-28,419,Wels,Frauen,bis 19 Jahre,B9999,unbestimmt (nur Pst),1,0,19
676796,2021-02-28,419,Wels,Frauen,20 bis 24 Jahre,B9999,unbestimmt (nur Pst),2,20,24
676813,2021-02-28,419,Wels,Frauen,25 bis 29 Jahre,B9999,unbestimmt (nur Pst),1,25,29
676831,2021-02-28,419,Wels,Frauen,30 bis 34 Jahre,B9999,unbestimmt (nur Pst),1,30,34
676851,2021-02-28,419,Wels,Frauen,35 bis 39 Jahre,B9999,unbestimmt (nur Pst),1,35,39
676873,2021-02-28,419,Wels,Frauen,40 bis 44 Jahre,B9999,unbestimmt (nur Pst),1,40,44
676888,2021-02-28,419,Wels,Frauen,45 bis 49 Jahre,B9999,unbestimmt (nur Pst),2,45,49
676946,2021-02-28,419,Wels,Männer,bis 19 Jahre,B9999,unbestimmt (nur Pst),1,0,19
677058,2021-02-28,419,Wels,Männer,40 bis 44 Jahre,B9999,unbestimmt (nur Pst),1,40,44
677130,2021-02-28,421,Traun,Frauen,bis 19 Jahre,B9999,unbestimmt (nur Pst),2,0,19
677158,2021-02-28,421,Traun,Frauen,20 bis 24 Jahre,B9999,unbestimmt (nur Pst),2,20,24
677187,2021-02-28,421,Traun,Frauen,25 bis 29 Jahre,B9999,unbestimmt (nur Pst),1,25,29
677217,2021-02-28,421,Traun,Frauen,30 bis 34 Jahre,B9999,unbestimmt (nur Pst),1,30,34
677243,2021-02-28,421,Traun,Frauen,35 bis 39 Jahre,B9999,unbestimmt (nur Pst),1,35,39
677294,2021-02-28,421,Traun,Frauen,45 bis 49 Jahre,B9999,unbestimmt (nur Pst),1,45,49
677361,2021-02-28,421,Traun,Männer,bis 19 Jahre,B9999,unbestimmt (nur Pst),2,0,19
677398,2021-02-28,421,Traun,Männer,20 bis 24 Jahre,B9999,unbestimmt (nur Pst),1,20,24
677541,2021-02-28,421,Traun,Männer,50 bis 54 Jahre,B9999,unbestimmt (nur Pst),1,50,54
677640,2021-02-28,501,Bischofshofen,Frauen,30 bis 34 Jahre,B9999,unbestimmt (nur Pst),1,30,34
677658,2021-02-28,501,Bischofshofen,Frauen,35 bis 39 Jahre,B9999,unbestimmt (nur Pst),1,35,39
677681,2021-02-28,501,Bischofshofen,Frauen,45 bis 49 Jahre,B9999,unbestimmt (nur Pst),2,45,49
677768,2021-02-28,501,Bischofshofen,Männer,30 bis 34 Jahre,B9999,unbestimmt (nur Pst),1,30,34
677930,2021-02-28,503,Hallein,Männer,bis 19 Jahre,B9999,unbestimmt (nur Pst),2,0,19
678188,2021-02-28,504,Salzburg,Frauen,35 bis 39 Jahre,B9999,unbestimmt (nur Pst),1,35,39
678282,2021-02-28,504,Salzburg,Frauen,50 bis 54 Jahre,B9999,unbestimmt (nur Pst),1,50,54
678329,2021-02-28,504,Salzburg,Männer,bis 19 Jahre,B9999,unbestimmt (nur Pst),1,0,19
678393,2021-02-28,504,Salzburg,Männer,20 bis 24 Jahre,B9999,unbestimmt (nur Pst),1,20,24
678435,2021-02-28,504,Salzburg,Männer,25 bis 29 Jahre,B9999,unbestimmt (nur Pst),1,25,29
678604,2021-02-28,504,Salzburg,Männer,50 bis 54 Jahre,B9999,unbestimmt (nur Pst),3,50,54
678690,2021-02-28,506,Zell am See,Frauen,bis 19 Jahre,B9999,unbestimmt (nur Pst),1,0,19
678801,2021-02-28,506,Zell am See,Männer,bis 19 Jahre,B9999,unbestimmt (nur Pst),3,0,19
678814,2021-02-28,506,Zell am See,Männer,20 bis 24 Jahre,B9999,unbestimmt (nur Pst),2,20,24
678836,2021-02-28,506,Zell am See,Männer,30 bis 34 Jahre,B9999,unbestimmt (nur Pst),1,30,34
678898,2021-02-28,601,Bruck/Mur,Frauen,bis 19 Jahre,B9999,unbestimmt (nur Pst),7,0,19
678924,2021-02-28,601,Bruck/Mur,Frauen,20 bis 24 Jahre,B9999,unbestimmt (nur Pst),1,20,24
679031,2021-02-28,601,Bruck/Mur,Männer,bis 19 Jahre,B9999,unbestimmt (nur Pst),5,0,19
679434,2021-02-28,604,Feldbach,Frauen,bis 19 Jahre,B9999,unbestimmt (nur Pst),3,0,19
679522,2021-02-28,604,Feldbach,Frauen,40 bis 44 Jahre,B9999,unbestimmt (nur Pst),1,40,44
679700,2021-02-28,606,Gleisdorf,Frauen,bis 19 Jahre,B9999,unbestimmt (nur Pst),1,0,19
679719,2021-02-28,606,Gleisdorf,Frauen,20 bis 24 Jahre,B9999,unbestimmt (nur Pst),1,20,24
679820,2021-02-28,606,Gleisdorf,Männer,20 bis 24 Jahre,B9999,unbestimmt (nur Pst),2,20,24
679888,2021-02-28,609,Hartberg,Frauen,bis 19 Jahre,B9999,unbestimmt (nur Pst),3,0,19
680051,2021-02-28,609,Hartberg,Männer,bis 19 Jahre,B9999,unbestimmt (nur Pst),3,0,19
680076,2021-02-28,609,Hartberg,Männer,20 bis 24 Jahre,B9999,unbestimmt (nur Pst),1,20,24
680225,2021-02-28,610,Judenburg,Frauen,bis 19 Jahre,B9999,unbestimmt (nur Pst),4,0,19
680266,2021-02-28,610,Judenburg,Frauen,25 bis 29 Jahre,B9999,unbestimmt (nur Pst),1,25,29
680368,2021-02-28,610,Judenburg,Männer,bis 19 Jahre,B9999,unbestimmt (nur Pst),1,0,19
680392,2021-02-28,610,Judenburg,Männer,20 bis 24 Jahre,B9999,unbestimmt (nur Pst),1,20,24
680407,2021-02-28,610,Judenburg,Männer,25 bis 29 Jahre,B9999,unbestimmt (nur Pst),1,25,29
680485,2021-02-28,611,Murau,Frauen,bis 19 Jahre,B9999,unbestimmt (nur Pst),1,0,19
680593,2021-02-28,614,Leibnitz,Frauen,bis 19 Jahre,B9999,unbestimmt (nur Pst),1,0,19
680616,2021-02-28,614,Leibnitz,Frauen,20 bis 24 Jahre,B9999,unbestimmt (nur Pst),1,20,24
680750,2021-02-28,614,Leibnitz,Männer,bis 19 Jahre,B9999,unbestimmt (nur Pst),1,0,19
680777,2021-02-28,614,Leibnitz,Männer,20 bis 24 Jahre,B9999,unbestimmt (nur Pst),1,20,24
680878,2021-02-28,616,Leoben,Frauen,bis 19 Jahre,B9999,unbestimmt (nur Pst),2,0,19
680905,2021-02-28,616,Leoben,Frauen,20 bis 24 Jahre,B9999,unbestimmt (nur Pst),1,20,24
681025,2021-02-28,616,Leoben,Männer,bis 19 Jahre,B9999,unbestimmt (nur Pst),2,0,19
681149,2021-02-28,618,Liezen,Frauen,bis 19 Jahre,B9999,unbestimmt (nur Pst),1,0,19
681382,2021-02-28,621,Mürzzuschlag,Frauen,20 bis 24 Jahre,B9999,unbestimmt (nur Pst),2,20,24
681445,2021-02-28,621,Mürzzuschlag,Männer,bis 19 Jahre,B9999,unbestimmt (nur Pst),2,0,19
681462,2021-02-28,621,Mürzzuschlag,Männer,20 bis 24 Jahre,B9999,unbestimmt (nur Pst),3,20,24
681481,2021-02-28,621,Mürzzuschlag,Männer,25 bis 29 Jahre,B9999,unbestimmt (nur Pst),1,25,29
681561,2021-02-28,622,Voitsberg,Frauen,bis 19 Jahre,B9999,unbestimmt (nur Pst),2,0,19
681586,2021-02-28,622,Voitsberg,Frauen,20 bis 24 Jahre,B9999,unbestimmt (nur Pst),1,20,24
681606,2021-02-28,622,Voitsberg,Frauen,30 bis 34 Jahre,B9999,unbestimmt (nur Pst),1,30,34
681768,2021-02-28,623,Weiz,Frauen,bis 19 Jahre,B9999,unbestimmt (nur Pst),2,0,19
681795,2021-02-28,623,Weiz,Frauen,30 bis 34 Jahre,B9999,unbestimmt (nur Pst),1,30,34
681884,2021-02-28,623,Weiz,Männer,35 bis 39 Jahre,B9999,unbestimmt (nur Pst),1,35,39
681943,2021-02-28,630,Graz-West und Umgebung,Frauen,bis 19 Jahre,B9999,unbestimmt (nur Pst),4,0,19
681999,2021-02-28,630,Graz-West und Umgebung,Frauen,20 bis 24 Jahre,B9999,unbestimmt (nur Pst),5,20,24
682107,2021-02-28,630,Graz-West und Umgebung,Frauen,30 bis 34 Jahre,B9999,unbestimmt (nur Pst),1,30,34
682241,2021-02-28,630,Graz-West und Umgebung,Frauen,45 bis 49 Jahre,B9999,unbestimmt (nur Pst),1,45,49
682338,2021-02-28,630,Graz-West und Umgebung,Männer,bis 19 Jahre,B9999,unbestimmt (nur Pst),6,0,19
682417,2021-02-28,630,Graz-West und Umgebung,Männer,20 bis 24 Jahre,B9999,unbestimmt (nur Pst),2,20,24
682469,2021-02-28,630,Graz-West und Umgebung,Männer,25 bis 29 Jahre,B9999,unbestimmt (nur Pst),1,25,29
682524,2021-02-28,630,Graz-West und Umgebung,Männer,30 bis 34 Jahre,B9999,unbestimmt (nur Pst),1,30,34
682575,2021-02-28,630,Graz-West und Umgebung,Männer,35 bis 39 Jahre,B9999,unbestimmt (nur Pst),2,35,39
682719,2021-02-28,631,Graz-Ost,Frauen,bis 19 Jahre,B9999,unbestimmt (nur Pst),3,0,19
682759,2021-02-28,631,Graz-Ost,Frauen,20 bis 24 Jahre,B9999,unbestimmt (nur Pst),2,20,24
682843,2021-02-28,631,Graz-Ost,Frauen,30 bis 34 Jahre,B9999,unbestimmt (nur Pst),1,30,34
682888,2021-02-28,631,Graz-Ost,Frauen,35 bis 39 Jahre,B9999,unbestimmt (nur Pst),1,35,39
683006,2021-02-28,631,Graz-Ost,Männer,bis 19 Jahre,B9999,unbestimmt (nur Pst),2,0,19
683281,2021-02-28,701,Imst,Frauen,bis 19 Jahre,B9999,unbestimmt (nur Pst),1,0,19
683307,2021-02-28,701,Imst,Frauen,25 bis 29 Jahre,B9999,unbestimmt (nur Pst),1,25,29
683344,2021-02-28,701,Imst,Frauen,55 bis 59 Jahre,B9999,unbestimmt (nur Pst),2,55,59
683355,2021-02-28,701,Imst,Männer,bis 19 Jahre,B9999,unbestimmt (nur Pst),1,0,19
683366,2021-02-28,701,Imst,Männer,25 bis 29 Jahre,B9999,unbestimmt (nur Pst),1,25,29
683376,2021-02-28,701,Imst,Männer,35 bis 39 Jahre,B9999,unbestimmt (nur Pst),1,35,39
683410,2021-02-28,702,Innsbruck,Frauen,bis 19 Jahre,B9999,unbestimmt (nur Pst),2,0,19
683440,2021-02-28,702,Innsbruck,Frauen,20 bis 24 Jahre,B9999,unbestimmt (nur Pst),1,20,24
683470,2021-02-28,702,Innsbruck,Frauen,25 bis 29 Jahre,B9999,unbestimmt (nur Pst),3,25,29
683535,2021-02-28,702,Innsbruck,Frauen,35 bis 39 Jahre,B9999,unbestimmt (nur Pst),2,35,39
683591,2021-02-28,702,Innsbruck,Frauen,45 bis 49 Jahre,B9999,unbestimmt (nur Pst),4,45,49
683743,2021-02-28,702,Innsbruck,Männer,25 bis 29 Jahre,B9999,unbestimmt (nur Pst),1,25,29
683804,2021-02-28,702,Innsbruck,Männer,35 bis 39 Jahre,B9999,unbestimmt (nur Pst),1,35,39
683902,2021-02-28,704,Kitzbühel,Frauen,bis 19 Jahre,B9999,unbestimmt (nur Pst),3,0,19
683929,2021-02-28,704,Kitzbühel,Frauen,45 bis 49 Jahre,B9999,unbestimmt (nur Pst),1,45,49
683946,2021-02-28,704,Kitzbühel,Männer,bis 19 Jahre,B9999,unbestimmt (nur Pst),3,0,19
683997,2021-02-28,705,Kufstein,Frauen,bis 19 Jahre,B9999,unbestimmt (nur Pst),5,0,19
684018,2021-02-28,705,Kufstein,Frauen,20 bis 24 Jahre,B9999,unbestimmt (nur Pst),1,20,24
684066,2021-02-28,705,Kufstein,Frauen,35 bis 39 Jahre,B9999,unbestimmt (nur Pst),1,35,39
684093,2021-02-28,705,Kufstein,Frauen,45 bis 49 Jahre,B9999,unbestimmt (nur Pst),1,45,49
684126,2021-02-28,705,Kufstein,Männer,bis 19 Jahre,B9999,unbestimmt (nur Pst),9,0,19
684148,2021-02-28,705,Kufstein,Männer,20 bis 24 Jahre,B9999,unbestimmt (nur Pst),1,20,24
684170,2021-02-28,705,Kufstein,Männer,25 bis 29 Jahre,B9999,unbestimmt (nur Pst),1,25,29
684238,2021-02-28,706,Landeck,Frauen,bis 19 Jahre,B9999,unbestimmt (nur Pst),3,0,19
684248,2021-02-28,706,Landeck,Frauen,20 bis 24 Jahre,B9999,unbestimmt (nur Pst),1,20,24
684295,2021-02-28,706,Landeck,Männer,bis 19 Jahre,B9999,unbestimmt (nur Pst),3,0,19
684333,2021-02-28,707,Lienz,Frauen,bis 19 Jahre,B9999,unbestimmt (nur Pst),1,0,19
684387,2021-02-28,707,Lienz,Männer,bis 19 Jahre,B9999,unbestimmt (nur Pst),1,0,19
684395,2021-02-28,707,Lienz,Männer,20 bis 24 Jahre,B9999,unbestimmt (nur Pst),1,20,24
684399,2021-02-28,707,Lienz,Männer,30 bis 34 Jahre,B9999,unbestimmt (nur Pst),1,30,34
684473,2021-02-28,708,Reutte,Männer,20 bis 24 Jahre,B9999,unbestimmt (nur Pst),1,20,24
684548,2021-02-28,709,Schwaz,Frauen,25 bis 29 Jahre,B9999,unbestimmt (nur Pst),1,25,29
684685,2021-02-28,709,Schwaz,Männer,40 bis 44 Jahre,B9999,unbestimmt (nur Pst),1,40,44
684709,2021-02-28,801,Bludenz,Frauen,bis 19 Jahre,B9999,unbestimmt (nur Pst),3,0,19
684730,2021-02-28,801,Bludenz,Frauen,20 bis 24 Jahre,B9999,unbestimmt (nur Pst),2,20,24
684758,2021-02-28,801,Bludenz,Frauen,30 bis 34 Jahre,B9999,unbestimmt (nur Pst),1,30,34
684774,2021-02-28,801,Bludenz,Frauen,35 bis 39 Jahre,B9999,unbestimmt (nur Pst),1,35,39
684822,2021-02-28,801,Bludenz,Männer,bis 19 Jahre,B9999,unbestimmt (nur Pst),1,0,19
684857,2021-02-28,801,Bludenz,Männer,25 bis 29 Jahre,B9999,unbestimmt (nur Pst),1,25,29
684921,2021-02-28,802,Bregenz,Frauen,bis 19 Jahre,B9999,unbestimmt (nur Pst),2,0,19
684952,2021-02-28,802,Bregenz,Frauen,20 bis 24 Jahre,B9999,unbestimmt (nur Pst),2,20,24
685006,2021-02-28,802,Bregenz,Frauen,30 bis 34 Jahre,B9999,unbestimmt (nur Pst),1,30,34
685034,2021-02-28,802,Bregenz,Frauen,35 bis 39 Jahre,B9999,unbestimmt (nur Pst),1,35,39
685132,2021-02-28,802,Bregenz,Männer,bis 19 Jahre,B9999,unbestimmt (nur Pst),1,0,19
685198,2021-02-28,802,Bregenz,Männer,25 bis 29 Jahre,B9999,unbestimmt (nur Pst),1,25,29
685340,2021-02-28,804,Dornbirn,Frauen,20 bis 24 Jahre,B9999,unbestimmt (nur Pst),1,20,24
685451,2021-02-28,804,Dornbirn,Frauen,45 bis 49 Jahre,B9999,unbestimmt (nur Pst),2,45,49
685529,2021-02-28,804,Dornbirn,Männer,20 bis 24 Jahre,B9999,unbestimmt (nur Pst),1,20,24
685548,2021-02-28,804,Dornbirn,Männer,25 bis 29 Jahre,B9999,unbestimmt (nur Pst),1,25,29
685613,2021-02-28,804,Dornbirn,Männer,50 bis 54 Jahre,B9999,unbestimmt (nur Pst),1,50,54
685645,2021-02-28,805,Feldkirch,Frauen,bis 19 Jahre,B9999,unbestimmt (nur Pst),4,0,19
685676,2021-02-28,805,Feldkirch,Frauen,20 bis 24 Jahre,B9999,unbestimmt (nur Pst),6,20,24
685698,2021-02-28,805,Feldkirch,Frauen,25 bis 29 Jahre,B9999,unbestimmt (nur Pst),4,25,29
685717,2021-02-28,805,Feldkirch,Frauen,30 bis 34 Jahre,B9999,unbestimmt (nur Pst),1,30,34
685732,2021-02-28,805,Feldkirch,Frauen,35 bis 39 Jahre,B9999,unbestimmt (nur Pst),1,35,39
685754,2021-02-28,805,Feldkirch,Frauen,40 bis 44 Jahre,B9999,unbestimmt (nur Pst),1,40,44
685812,2021-02-28,805,Feldkirch,Männer,bis 19 Jahre,B9999,unbestimmt (nur Pst),9,0,19
685854,2021-02-28,805,Feldkirch,Männer,20 bis 24 Jahre,B9999,unbestimmt (nur Pst),3,20,24
685887,2021-02-28,805,Feldkirch,Männer,25 bis 29 Jahre,B9999,unbestimmt (nur Pst),2,25,29
685905,2021-02-28,805,Feldkirch,Männer,30 bis 34 Jahre,B9999,unbestimmt (nur Pst),1,30,34
685923,2021-02-28,805,Feldkirch,Männer,35 bis 39 Jahre,B9999,unbestimmt (nur Pst),2,35,39
685943,2021-02-28,805,Feldkirch,Männer,45 bis 49 Jahre,B9999,unbestimmt (nur Pst),1,45,49
686177,2021-02-28,958,Wien Johnstraße,Frauen,45 bis 49 Jahre,B9999,unbestimmt (nur Pst),1,45,49
687109,2021-02-28,960,Wien Esteplatz,Frauen,30 bis 34 Jahre,B9999,unbestimmt (nur Pst),1,30,34
687157,2021-02-28,960,Wien Esteplatz,Frauen,35 bis 39 Jahre,B9999,unbestimmt (nur Pst),1,35,39
688166,2021-02-28,962,Wien Redergasse,Männer,50 bis 54 Jahre,B9999,unbestimmt (nur Pst),1,50,54
688253,2021-02-28,963,Wien Währinger Gürtel,Frauen,25 bis 29 Jahre,B9999,unbestimmt (nur Pst),1,25,29
688330,2021-02-28,963,Wien Währinger Gürtel,Frauen,35 bis 39 Jahre,B9999,unbestimmt (nur Pst),1,35,39
689647,2021-02-28,965,Wien Schönbrunner Straße,Frauen,30 bis 34 Jahre,B9999,unbestimmt (nur Pst),1,30,34
689800,2021-02-28,965,Wien Schönbrunner Straße,Frauen,45 bis 49 Jahre,B9999,unbestimmt (nur Pst),1,45,49
690002,2021-02-28,965,Wien Schönbrunner Straße,Männer,30 bis 34 Jahre,B9999,unbestimmt (nur Pst),2,30,34
690210,2021-02-28,965,Wien Schönbrunner Straße,Männer,50 bis 54 Jahre,B9999,unbestimmt (nur Pst),1,50,54
690451,2021-02-28,966,Wien Hietzinger Kai,Frauen,40 bis 44 Jahre,B9999,unbestimmt (nur Pst),1,40,44
690986,2021-02-28,967,Wien Huttengasse,Frauen,30 bis 34 Jahre,B9999,unbestimmt (nur Pst),1,30,34
691045,2021-02-28,967,Wien Huttengasse,Frauen,35 bis 39 Jahre,B9999,unbestimmt (nur Pst),1,35,39
691138,2021-02-28,967,Wien Huttengasse,Frauen,45 bis 49 Jahre,B9999,unbestimmt (nur Pst),1,45,49
691403,2021-02-28,967,Wien Huttengasse,Männer,35 bis 39 Jahre,B9999,unbestimmt (nur Pst),1,35,39
691944,2021-02-28,968,Wien Schloßhofer Straße,Männer,25 bis 29 Jahre,B9999,unbestimmt (nur Pst),1,25,29
692254,2021-02-28,969,Wien-Wagramer Straße,Frauen,25 bis 29 Jahre,B9999,unbestimmt (nur Pst),1,25,29
693126,2021-02-28,974,Wien Austria Campus,Frauen,50 bis 54 Jahre,B9999,unbestimmt (nur Pst),1,50,54
693183,2021-02-28,974,Wien Austria Campus,Männer,25 bis 29 Jahre,B9999,unbestimmt (nur Pst),1,25,29
693270,2021-02-28,974,Wien Austria Campus,Männer,35 bis 39 Jahre,B9999,unbestimmt (nur Pst),2,35,39
693546,2021-02-28,975,Wien Jäger Straße,Frauen,35 bis 39 Jahre,B9999,unbestimmt (nur Pst),1,35,39
694024,2021-02-28,976,Wien Jugendliche I,Frauen,bis 19 Jahre,B9999,unbestimmt (nur Pst),2,0,19
694116,2021-02-28,976,Wien Jugendliche I,Frauen,20 bis 24 Jahre,B9999,unbestimmt (nur Pst),10,20,24
694196,2021-02-28,976,Wien Jugendliche I,Männer,bis 19 Jahre,B9999,unbestimmt (nur Pst),3,0,19
694336,2021-02-28,976,Wien Jugendliche I,Männer,20 bis 24 Jahre,B9999,unbestimmt (nur Pst),5,20,24
694404,2021-02-28,977,Wien Jugendliche II,Frauen,bis 19 Jahre,B9999,unbestimmt (nur Pst),2,0,19
694512,2021-02-28,977,Wien Jugendliche II,Frauen,20 bis 24 Jahre,B9999,unbestimmt (nur Pst),4,20,24
694598,2021-02-28,977,Wien Jugendliche II,Männer,bis 19 Jahre,B9999,unbestimmt (nur Pst),5,0,19
694725,2021-02-28,977,Wien Jugendliche II,Männer,20 bis 24 Jahre,B9999,unbestimmt (nur Pst),1,20,24
694843,2021-03-31,101,Eisenstadt,Männer,bis 19 Jahre,B9999,unbestimmt (nur Pst),2,0,19
694989,2021-03-31,102,Mattersburg,Frauen,45 bis 49 Jahre,B9999,unbestimmt (nur Pst),1,45,49
695029,2021-03-31,102,Mattersburg,Männer,25 bis 29 Jahre,B9999,unbestimmt (nur Pst),1,25,29
695416,2021-03-31,105,Oberwart,Frauen,25 bis 29 Jahre,B9999,unbestimmt (nur Pst),1,25,29
695675,2021-03-31,106,Stegersbach,Frauen,20 bis 24 Jahre,B9999,unbestimmt (nur Pst),1,20,24
695684,2021-03-31,106,Stegersbach,Frauen,25 bis 29 Jahre,B9999,unbestimmt (nur Pst),1,25,29
695800,2021-03-31,107,Jennersdorf,Frauen,bis 19 Jahre,B9999,unbestimmt (nur Pst),1,0,19
696033,2021-03-31,202,Hermagor,Männer,bis 19 Jahre,B9999,unbestimmt (nur Pst),1,0,19
696072,2021-03-31,203,Klagenfurt,Frauen,bis 19 Jahre,B9999,unbestimmt (nur Pst),3,0,19
696103,2021-03-31,203,Klagenfurt,Frauen,20 bis 24 Jahre,B9999,unbestimmt (nur Pst),2,20,24
696127,2021-03-31,203,Klagenfurt,Frauen,25 bis 29 Jahre,B9999,unbestimmt (nur Pst),2,25,29
696154,2021-03-31,203,Klagenfurt,Frauen,30 bis 34 Jahre,B9999,unbestimmt (nur Pst),1,30,34
696189,2021-03-31,203,Klagenfurt,Frauen,35 bis 39 Jahre,B9999,unbestimmt (nur Pst),1,35,39
696215,2021-03-31,203,Klagenfurt,Frauen,40 bis 44 Jahre,B9999,unbestimmt (nur Pst),3,40,44
696274,2021-03-31,203,Klagenfurt,Frauen,50 bis 54 Jahre,B9999,unbestimmt (nur Pst),1,50,54
696286,2021-03-31,203,Klagenfurt,Frauen,55 bis 59 Jahre,B9999,unbestimmt (nur Pst),1,55,59
696320,2021-03-31,203,Klagenfurt,Männer,bis 19 Jahre,B9999,unbestimmt (nur Pst),3,0,19
696382,2021-03-31,203,Klagenfurt,Männer,25 bis 29 Jahre,B9999,unbestimmt (nur Pst),1,25,29
696412,2021-03-31,203,Klagenfurt,Männer,30 bis 34 Jahre,B9999,unbestimmt (nur Pst),1,30,34
696454,2021-03-31,203,Klagenfurt,Männer,40 bis 44 Jahre,B9999,unbestimmt (nur Pst),2,40,44
696475,2021-03-31,203,Klagenfurt,Männer,45 bis 49 Jahre,B9999,unbestimmt (nur Pst),2,45,49
696491,2021-03-31,203,Klagenfurt,Männer,50 bis 54 Jahre,B9999,unbestimmt (nur Pst),1,50,54
696505,2021-03-31,203,Klagenfurt,Männer,55 bis 59 Jahre,B9999,unbestimmt (nur Pst),1,55,59
696659,2021-03-31,204,Spittal/Drau,Männer,bis 19 Jahre,B9999,unbestimmt (nur Pst),3,0,19
696761,2021-03-31,205,St. Veit/Glan,Frauen,bis 19 Jahre,B9999,unbestimmt (nur Pst),1,0,19
696880,2021-03-31,205,St. Veit/Glan,Männer,20 bis 24 Jahre,B9999,unbestimmt (nur Pst),1,20,24
697434,2021-03-31,207,Völkermarkt,Männer,bis 19 Jahre,B9999,unbestimmt (nur Pst),1,0,19
697527,2021-03-31,208,Wolfsberg,Frauen,bis 19 Jahre,B9999,unbestimmt (nur Pst),1,0,19
697624,2021-03-31,208,Wolfsberg,Männer,bis 19 Jahre,B9999,unbestimmt (nur Pst),3,0,19
697723,2021-03-31,301,Amstetten,Frauen,bis 19 Jahre,B9999,unbestimmt (nur Pst),8,0,19
697744,2021-03-31,301,Amstetten,Frauen,20 bis 24 Jahre,B9999,unbestimmt (nur Pst),2,20,24
697872,2021-03-31,301,Amstetten,Männer,bis 19 Jahre,B9999,unbestimmt (nur Pst),14,0,19
697903,2021-03-31,301,Amstetten,Männer,20 bis 24 Jahre,B9999,unbestimmt (nur Pst),1,20,24
697926,2021-03-31,301,Amstetten,Männer,25 bis 29 Jahre,B9999,unbestimmt (nur Pst),1,25,29
698022,2021-03-31,301,Amstetten,Männer,55 bis 59 Jahre,B9999,unbestimmt (nur Pst),1,55,59
698050,2021-03-31,304,Baden neu,Frauen,bis 19 Jahre,B9999,unbestimmt (nur Pst),4,0,19
698083,2021-03-31,304,Baden neu,Frauen,20 bis 24 Jahre,B9999,unbestimmt (nur Pst),6,20,24
698102,2021-03-31,304,Baden neu,Frauen,25 bis 29 Jahre,B9999,unbestimmt (nur Pst),2,25,29
698152,2021-03-31,304,Baden neu,Frauen,35 bis 39 Jahre,B9999,unbestimmt (nur Pst),1,35,39
698256,2021-03-31,304,Baden neu,Männer,bis 19 Jahre,B9999,unbestimmt (nur Pst),5,0,19
698306,2021-03-31,304,Baden neu,Männer,20 bis 24 Jahre,B9999,unbestimmt (nur Pst),5,20,24
698437,2021-03-31,304,Baden neu,Männer,55 bis 59 Jahre,B9999,unbestimmt (nur Pst),1,55,59
698441,2021-03-31,304,Baden neu,Männer,60 bis 64 Jahre,B9999,unbestimmt (nur Pst),1,60,64
698453,2021-03-31,306,Bruck/Leitha,Frauen,bis 19 Jahre,B9999,unbestimmt (nur Pst),4,0,19
698558,2021-03-31,306,Bruck/Leitha,Männer,bis 19 Jahre,B9999,unbestimmt (nur Pst),7,0,19
698579,2021-03-31,306,Bruck/Leitha,Männer,20 bis 24 Jahre,B9999,unbestimmt (nur Pst),1,20,24
698653,2021-03-31,308,Gänserndorf,Frauen,bis 19 Jahre,B9999,unbestimmt (nur Pst),4,0,19
698710,2021-03-31,308,Gänserndorf,Frauen,25 bis 29 Jahre,B9999,unbestimmt (nur Pst),2,25,29
698846,2021-03-31,308,Gänserndorf,Männer,bis 19 Jahre,B9999,unbestimmt (nur Pst),6,0,19
698896,2021-03-31,308,Gänserndorf,Männer,20 bis 24 Jahre,B9999,unbestimmt (nur Pst),1,20,24
699097,2021-03-31,311,Gmünd,Männer,bis 19 Jahre,B9999,unbestimmt (nur Pst),1,0,19
699152,2021-03-31,312,Hollabrunn,Frauen,bis 19 Jahre,B9999,unbestimmt (nur Pst),1,0,19
699184,2021-03-31,312,Hollabrunn,Frauen,25 bis 29 Jahre,B9999,unbestimmt (nur Pst),3,25,29
699277,2021-03-31,312,Hollabrunn,Männer,20 bis 24 Jahre,B9999,unbestimmt (nur Pst),1,20,24
699290,2021-03-31,312,Hollabrunn,Männer,25 bis 29 Jahre,B9999,unbestimmt (nur Pst),1,25,29
699339,2021-03-31,313,Horn,Frauen,bis 19 Jahre,B9999,unbestimmt (nur Pst),1,0,19
699350,2021-03-31,313,Horn,Frauen,20 bis 24 Jahre,B9999,unbestimmt (nur Pst),2,20,24
699394,2021-03-31,313,Horn,Männer,bis 19 Jahre,B9999,unbestimmt (nur Pst),1,0,19
699408,2021-03-31,313,Horn,Männer,20 bis 24 Jahre,B9999,unbestimmt (nur Pst),2,20,24
699417,2021-03-31,313,Horn,Männer,25 bis 29 Jahre,B9999,unbestimmt (nur Pst),1,25,29
699458,2021-03-31,314,Korneuburg,Frauen,bis 19 Jahre,B9999,unbestimmt (nur Pst),4,0,19
699487,2021-03-31,314,Korneuburg,Frauen,20 bis 24 Jahre,B9999,unbestimmt (nur Pst),3,20,24
699521,2021-03-31,314,Korneuburg,Frauen,30 bis 34 Jahre,B9999,unbestimmt (nur Pst),1,30,34
699567,2021-03-31,314,Korneuburg,Frauen,45 bis 49 Jahre,B9999,unbestimmt (nur Pst),1,45,49
699614,2021-03-31,314,Korneuburg,Männer,bis 19 Jahre,B9999,unbestimmt (nur Pst),10,0,19
699648,2021-03-31,314,Korneuburg,Männer,20 bis 24 Jahre,B9999,unbestimmt (nur Pst),2,20,24
699738,2021-03-31,315,Krems,Frauen,bis 19 Jahre,B9999,unbestimmt (nur Pst),3,0,19
699757,2021-03-31,315,Krems,Frauen,20 bis 24 Jahre,B9999,unbestimmt (nur Pst),1,20,24
699893,2021-03-31,315,Krems,Männer,bis 19 Jahre,B9999,unbestimmt (nur Pst),3,0,19
699953,2021-03-31,315,Krems,Männer,30 bis 34 Jahre,B9999,unbestimmt (nur Pst),1,30,34
699967,2021-03-31,315,Krems,Männer,35 bis 39 Jahre,B9999,unbestimmt (nur Pst),1,35,39
700012,2021-03-31,316,Lilienfeld,Frauen,bis 19 Jahre,B9999,unbestimmt (nur Pst),1,0,19
700026,2021-03-31,316,Lilienfeld,Frauen,20 bis 24 Jahre,B9999,unbestimmt (nur Pst),1,20,24
700058,2021-03-31,316,Lilienfeld,Frauen,35 bis 39 Jahre,B9999,unbestimmt (nur Pst),1,35,39
700118,2021-03-31,316,Lilienfeld,Männer,35 bis 39 Jahre,B9999,unbestimmt (nur Pst),1,35,39
700407,2021-03-31,319,Mistelbach,Frauen,bis 19 Jahre,B9999,unbestimmt (nur Pst),5,0,19
700422,2021-03-31,319,Mistelbach,Frauen,20 bis 24 Jahre,B9999,unbestimmt (nur Pst),1,20,24
700460,2021-03-31,319,Mistelbach,Frauen,35 bis 39 Jahre,B9999,unbestimmt (nur Pst),1,35,39
700514,2021-03-31,319,Mistelbach,Männer,bis 19 Jahre,B9999,unbestimmt (nur Pst),2,0,19
700536,2021-03-31,319,Mistelbach,Männer,20 bis 24 Jahre,B9999,unbestimmt (nur Pst),1,20,24
700616,2021-03-31,321,Mödling,Frauen,bis 19 Jahre,B9999,unbestimmt (nur Pst),3,0,19
700659,2021-03-31,321,Mödling,Frauen,25 bis 29 Jahre,B9999,unbestimmt (nur Pst),1,25,29
700684,2021-03-31,321,Mödling,Frauen,30 bis 34 Jahre,B9999,unbestimmt (nur Pst),1,30,34
700808,2021-03-31,321,Mödling,Männer,bis 19 Jahre,B9999,unbestimmt (nur Pst),4,0,19
700844,2021-03-31,321,Mödling,Männer,20 bis 24 Jahre,B9999,unbestimmt (nur Pst),3,20,24
700978,2021-03-31,323,Neunkirchen,Frauen,bis 19 Jahre,B9999,unbestimmt (nur Pst),3,0,19
701191,2021-03-31,323,Neunkirchen,Männer,25 bis 29 Jahre,B9999,unbestimmt (nur Pst),1,25,29
701279,2021-03-31,326,St. Pölten,Frauen,bis 19 Jahre,B9999,unbestimmt (nur Pst),16,0,19
701310,2021-03-31,326,St. Pölten,Frauen,20 bis 24 Jahre,B9999,unbestimmt (nur Pst),5,20,24
701337,2021-03-31,326,St. Pölten,Frauen,25 bis 29 Jahre,B9999,unbestimmt (nur Pst),1,25,29
701523,2021-03-31,326,St. Pölten,Männer,bis 19 Jahre,B9999,unbestimmt (nur Pst),9,0,19
701571,2021-03-31,326,St. Pölten,Männer,20 bis 24 Jahre,B9999,unbestimmt (nur Pst),2,20,24
701602,2021-03-31,326,St. Pölten,Männer,25 bis 29 Jahre,B9999,unbestimmt (nur Pst),1,25,29
701779,2021-03-31,328,Scheibbs,Frauen,bis 19 Jahre,B9999,unbestimmt (nur Pst),3,0,19
701792,2021-03-31,328,Scheibbs,Frauen,20 bis 24 Jahre,B9999,unbestimmt (nur Pst),1,20,24
701859,2021-03-31,328,Scheibbs,Männer,bis 19 Jahre,B9999,unbestimmt (nur Pst),4,0,19
701866,2021-03-31,328,Scheibbs,Männer,20 bis 24 Jahre,B9999,unbestimmt (nur Pst),1,20,24
701930,2021-03-31,329,Schwechat,Frauen,bis 19 Jahre,B9999,unbestimmt (nur Pst),1,0,19
701954,2021-03-31,329,Schwechat,Frauen,20 bis 24 Jahre,B9999,unbestimmt (nur Pst),1,20,24
702025,2021-03-31,329,Schwechat,Frauen,40 bis 44 Jahre,B9999,unbestimmt (nur Pst),1,40,44
702089,2021-03-31,329,Schwechat,Männer,bis 19 Jahre,B9999,unbestimmt (nur Pst),3,0,19
702211,2021-03-31,331,Tulln,Frauen,bis 19 Jahre,B9999,unbestimmt (nur Pst),6,0,19
702233,2021-03-31,331,Tulln,Frauen,20 bis 24 Jahre,B9999,unbestimmt (nur Pst),1,20,24
702252,2021-03-31,331,Tulln,Frauen,25 bis 29 Jahre,B9999,unbestimmt (nur Pst),1,25,29
702373,2021-03-31,331,Tulln,Männer,bis 19 Jahre,B9999,unbestimmt (nur Pst),7,0,19
702415,2021-03-31,331,Tulln,Männer,20 bis 24 Jahre,B9999,unbestimmt (nur Pst),1,20,24
702452,2021-03-31,331,Tulln,Männer,35 bis 39 Jahre,B9999,unbestimmt (nur Pst),2,35,39
702518,2021-03-31,332,Waidhofen/Thaya,Frauen,bis 19 Jahre,B9999,unbestimmt (nur Pst),2,0,19
702576,2021-03-31,332,Waidhofen/Thaya,Männer,bis 19 Jahre,B9999,unbestimmt (nur Pst),1,0,19
702618,2021-03-31,333,Waidhofen/Ybbs,Frauen,bis 19 Jahre,B9999,unbestimmt (nur Pst),1,0,19
702679,2021-03-31,333,Waidhofen/Ybbs,Männer,bis 19 Jahre,B9999,unbestimmt (nur Pst),3,0,19
702717,2021-03-31,333,Waidhofen/Ybbs,Männer,55 bis 59 Jahre,B9999,unbestimmt (nur Pst),1,55,59
702744,2021-03-31,334,Wr. Neustadt,Frauen,bis 19 Jahre,B9999,unbestimmt (nur Pst),3,0,19
703256,2021-03-31,401,Braunau,Frauen,bis 19 Jahre,B9999,unbestimmt (nur Pst),12,0,19
703282,2021-03-31,401,Braunau,Frauen,20 bis 24 Jahre,B9999,unbestimmt (nur Pst),3,20,24
703306,2021-03-31,401,Braunau,Frauen,25 bis 29 Jahre,B9999,unbestimmt (nur Pst),3,25,29
703364,2021-03-31,401,Braunau,Frauen,40 bis 44 Jahre,B9999,unbestimmt (nur Pst),1,40,44
703378,2021-03-31,401,Braunau,Frauen,45 bis 49 Jahre,B9999,unbestimmt (nur Pst),1,45,49
703391,2021-03-31,401,Braunau,Frauen,50 bis 54 Jahre,B9999,unbestimmt (nur Pst),1,50,54
703424,2021-03-31,401,Braunau,Männer,bis 19 Jahre,B9999,unbestimmt (nur Pst),10,0,19
703454,2021-03-31,401,Braunau,Männer,20 bis 24 Jahre,B9999,unbestimmt (nur Pst),4,20,24
703479,2021-03-31,401,Braunau,Männer,25 bis 29 Jahre,B9999,unbestimmt (nur Pst),2,25,29
703497,2021-03-31,401,Braunau,Männer,30 bis 34 Jahre,B9999,unbestimmt (nur Pst),1,30,34
703529,2021-03-31,401,Braunau,Männer,45 bis 49 Jahre,B9999,unbestimmt (nur Pst),1,45,49
703541,2021-03-31,401,Braunau,Männer,50 bis 54 Jahre,B9999,unbestimmt (nur Pst),1,50,54
703563,2021-03-31,402,Eferding,Frauen,bis 19 Jahre,B9999,unbestimmt (nur Pst),2,0,19
703576,2021-03-31,402,Eferding,Frauen,20 bis 24 Jahre,B9999,unbestimmt (nur Pst),1,20,24
703581,2021-03-31,402,Eferding,Frauen,25 bis 29 Jahre,B9999,unbestimmt (nur Pst),1,25,29
703598,2021-03-31,402,Eferding,Frauen,35 bis 39 Jahre,B9999,unbestimmt (nur Pst),1,35,39
703609,2021-03-31,402,Eferding,Frauen,40 bis 44 Jahre,B9999,unbestimmt (nur Pst),1,40,44
703638,2021-03-31,402,Eferding,Männer,20 bis 24 Jahre,B9999,unbestimmt (nur Pst),1,20,24
703669,2021-03-31,402,Eferding,Männer,45 bis 49 Jahre,B9999,unbestimmt (nur Pst),1,45,49
703684,2021-03-31,402,Eferding,Männer,55 bis 59 Jahre,B9999,unbestimmt (nur Pst),1,55,59
703734,2021-03-31,403,Freistadt,Frauen,25 bis 29 Jahre,B9999,unbestimmt (nur Pst),1,25,29
703835,2021-03-31,403,Freistadt,Männer,20 bis 24 Jahre,B9999,unbestimmt (nur Pst),1,20,24
703859,2021-03-31,403,Freistadt,Männer,30 bis 34 Jahre,B9999,unbestimmt (nur Pst),1,30,34
703921,2021-03-31,404,Gmunden,Frauen,bis 19 Jahre,B9999,unbestimmt (nur Pst),8,0,19
704121,2021-03-31,404,Gmunden,Männer,bis 19 Jahre,B9999,unbestimmt (nur Pst),4,0,19
704289,2021-03-31,406,Grieskirchen,Frauen,bis 19 Jahre,B9999,unbestimmt (nur Pst),1,0,19
704383,2021-03-31,406,Grieskirchen,Männer,bis 19 Jahre,B9999,unbestimmt (nur Pst),1,0,19
704449,2021-03-31,407,Kirchdorf/Krems,Frauen,bis 19 Jahre,B9999,unbestimmt (nur Pst),4,0,19
704497,2021-03-31,407,Kirchdorf/Krems,Frauen,30 bis 34 Jahre,B9999,unbestimmt (nur Pst),1,30,34
704515,2021-03-31,407,Kirchdorf/Krems,Frauen,35 bis 39 Jahre,B9999,unbestimmt (nur Pst),1,35,39
704577,2021-03-31,407,Kirchdorf/Krems,Männer,bis 19 Jahre,B9999,unbestimmt (nur Pst),2,0,19
704604,2021-03-31,407,Kirchdorf/Krems,Männer,20 bis 24 Jahre,B9999,unbestimmt (nur Pst),1,20,24
704698,2021-03-31,409,Linz neu,Frauen,bis 19 Jahre,B9999,unbestimmt (nur Pst),13,0,19
704745,2021-03-31,409,Linz neu,Frauen,20 bis 24 Jahre,B9999,unbestimmt (nur Pst),11,20,24
704801,2021-03-31,409,Linz neu,Frauen,25 bis 29 Jahre,B9999,unbestimmt (nur Pst),2,25,29
704844,2021-03-31,409,Linz neu,Frauen,30 bis 34 Jahre,B9999,unbestimmt (nur Pst),4,30,34
704892,2021-03-31,409,Linz neu,Frauen,35 bis 39 Jahre,B9999,unbestimmt (nur Pst),1,35,39
704932,2021-03-31,409,Linz neu,Frauen,40 bis 44 Jahre,B9999,unbestimmt (nur Pst),2,40,44
704964,2021-03-31,409,Linz neu,Frauen,45 bis 49 Jahre,B9999,unbestimmt (nur Pst),2,45,49
705011,2021-03-31,409,Linz neu,Frauen,55 bis 59 Jahre,B9999,unbestimmt (nur Pst),1,55,59
705054,2021-03-31,409,Linz neu,Männer,bis 19 Jahre,B9999,unbestimmt (nur Pst),19,0,19
705118,2021-03-31,409,Linz neu,Männer,20 bis 24 Jahre,B9999,unbestimmt (nur Pst),11,20,24
705175,2021-03-31,409,Linz neu,Männer,25 bis 29 Jahre,B9999,unbestimmt (nur Pst),2,25,29
705229,2021-03-31,409,Linz neu,Männer,30 bis 34 Jahre,B9999,unbestimmt (nur Pst),2,30,34
705276,2021-03-31,409,Linz neu,Männer,35 bis 39 Jahre,B9999,unbestimmt (nur Pst),2,35,39
705321,2021-03-31,409,Linz neu,Männer,40 bis 44 Jahre,B9999,unbestimmt (nur Pst),2,40,44
705419,2021-03-31,409,Linz neu,Männer,55 bis 59 Jahre,B9999,unbestimmt (nur Pst),2,55,59
705604,2021-03-31,411,Perg,Männer,20 bis 24 Jahre,B9999,unbestimmt (nur Pst),2,20,24
705625,2021-03-31,411,Perg,Männer,25 bis 29 Jahre,B9999,unbestimmt (nur Pst),1,25,29
705705,2021-03-31,412,Ried im Innkreis,Frauen,bis 19 Jahre,B9999,unbestimmt (nur Pst),8,0,19
705724,2021-03-31,412,Ried im Innkreis,Frauen,20 bis 24 Jahre,B9999,unbestimmt (nur Pst),1,20,24
705743,2021-03-31,412,Ried im Innkreis,Frauen,25 bis 29 Jahre,B9999,unbestimmt (nur Pst),2,25,29
705778,2021-03-31,412,Ried im Innkreis,Frauen,35 bis 39 Jahre,B9999,unbestimmt (nur Pst),1,35,39
705793,2021-03-31,412,Ried im Innkreis,Frauen,40 bis 44 Jahre,B9999,unbestimmt (nur Pst),1,40,44
705838,2021-03-31,412,Ried im Innkreis,Männer,bis 19 Jahre,B9999,unbestimmt (nur Pst),5,0,19
705865,2021-03-31,412,Ried im Innkreis,Männer,20 bis 24 Jahre,B9999,unbestimmt (nur Pst),3,20,24
705881,2021-03-31,412,Ried im Innkreis,Männer,25 bis 29 Jahre,B9999,unbestimmt (nur Pst),1,25,29
705960,2021-03-31,413,Rohrbach,Frauen,20 bis 24 Jahre,B9999,unbestimmt (nur Pst),1,20,24
705972,2021-03-31,413,Rohrbach,Frauen,25 bis 29 Jahre,B9999,unbestimmt (nur Pst),1,25,29
706043,2021-03-31,413,Rohrbach,Männer,20 bis 24 Jahre,B9999,unbestimmt (nur Pst),2,20,24
706069,2021-03-31,413,Rohrbach,Männer,35 bis 39 Jahre,B9999,unbestimmt (nur Pst),3,35,39
706123,2021-03-31,414,Schärding,Frauen,20 bis 24 Jahre,B9999,unbestimmt (nur Pst),2,20,24
706217,2021-03-31,414,Schärding,Männer,25 bis 29 Jahre,B9999,unbestimmt (nur Pst),1,25,29
706270,2021-03-31,415,Steyr,Frauen,bis 19 Jahre,B9999,unbestimmt (nur Pst),10,0,19
706298,2021-03-31,415,Steyr,Frauen,20 bis 24 Jahre,B9999,unbestimmt (nur Pst),6,20,24
706329,2021-03-31,415,Steyr,Frauen,25 bis 29 Jahre,B9999,unbestimmt (nur Pst),2,25,29
706357,2021-03-31,415,Steyr,Frauen,30 bis 34 Jahre,B9999,unbestimmt (nur Pst),1,30,34
706380,2021-03-31,415,Steyr,Frauen,35 bis 39 Jahre,B9999,unbestimmt (nur Pst),1,35,39
706399,2021-03-31,415,Steyr,Frauen,40 bis 44 Jahre,B9999,unbestimmt (nur Pst),1,40,44
706467,2021-03-31,415,Steyr,Männer,bis 19 Jahre,B9999,unbestimmt (nur Pst),9,0,19
706500,2021-03-31,415,Steyr,Männer,20 bis 24 Jahre,B9999,unbestimmt (nur Pst),2,20,24
706641,2021-03-31,418,Vöcklabruck,Frauen,bis 19 Jahre,B9999,unbestimmt (nur Pst),6,0,19
706836,2021-03-31,418,Vöcklabruck,Männer,bis 19 Jahre,B9999,unbestimmt (nur Pst),4,0,19
706870,2021-03-31,418,Vöcklabruck,Männer,20 bis 24 Jahre,B9999,unbestimmt (nur Pst),2,20,24
707050,2021-03-31,419,Wels,Frauen,bis 19 Jahre,B9999,unbestimmt (nur Pst),1,0,19
707076,2021-03-31,419,Wels,Frauen,20 bis 24 Jahre,B9999,unbestimmt (nur Pst),2,20,24
707093,2021-03-31,419,Wels,Frauen,25 bis 29 Jahre,B9999,unbestimmt (nur Pst),1,25,29
707114,2021-03-31,419,Wels,Frauen,30 bis 34 Jahre,B9999,unbestimmt (nur Pst),1,30,34
707170,2021-03-31,419,Wels,Frauen,45 bis 49 Jahre,B9999,unbestimmt (nur Pst),2,45,49
707232,2021-03-31,419,Wels,Männer,bis 19 Jahre,B9999,unbestimmt (nur Pst),2,0,19
707415,2021-03-31,421,Traun,Frauen,bis 19 Jahre,B9999,unbestimmt (nur Pst),3,0,19
707446,2021-03-31,421,Traun,Frauen,20 bis 24 Jahre,B9999,unbestimmt (nur Pst),2,20,24
707476,2021-03-31,421,Traun,Frauen,25 bis 29 Jahre,B9999,unbestimmt (nur Pst),1,25,29
707503,2021-03-31,421,Traun,Frauen,30 bis 34 Jahre,B9999,unbestimmt (nur Pst),1,30,34
707536,2021-03-31,421,Traun,Frauen,35 bis 39 Jahre,B9999,unbestimmt (nur Pst),1,35,39
707587,2021-03-31,421,Traun,Frauen,45 bis 49 Jahre,B9999,unbestimmt (nur Pst),1,45,49
707655,2021-03-31,421,Traun,Männer,bis 19 Jahre,B9999,unbestimmt (nur Pst),2,0,19
707688,2021-03-31,421,Traun,Männer,20 bis 24 Jahre,B9999,unbestimmt (nur Pst),1,20,24
707836,2021-03-31,421,Traun,Männer,50 bis 54 Jahre,B9999,unbestimmt (nur Pst),1,50,54
707879,2021-03-31,501,Bischofshofen,Frauen,bis 19 Jahre,B9999,unbestimmt (nur Pst),1,0,19
707945,2021-03-31,501,Bischofshofen,Frauen,30 bis 34 Jahre,B9999,unbestimmt (nur Pst),1,30,34
707966,2021-03-31,501,Bischofshofen,Frauen,35 bis 39 Jahre,B9999,unbestimmt (nur Pst),1,35,39
708001,2021-03-31,501,Bischofshofen,Frauen,45 bis 49 Jahre,B9999,unbestimmt (nur Pst),1,45,49
708106,2021-03-31,501,Bischofshofen,Männer,30 bis 34 Jahre,B9999,unbestimmt (nur Pst),1,30,34
708281,2021-03-31,503,Hallein,Männer,bis 19 Jahre,B9999,unbestimmt (nur Pst),2,0,19
708553,2021-03-31,504,Salzburg,Frauen,35 bis 39 Jahre,B9999,unbestimmt (nur Pst),1,35,39
708707,2021-03-31,504,Salzburg,Männer,bis 19 Jahre,B9999,unbestimmt (nur Pst),1,0,19
708770,2021-03-31,504,Salzburg,Männer,20 bis 24 Jahre,B9999,unbestimmt (nur Pst),1,20,24
708817,2021-03-31,504,Salzburg,Männer,25 bis 29 Jahre,B9999,unbestimmt (nur Pst),1,25,29
709061,2021-03-31,505,Tamsweg,Frauen,45 bis 49 Jahre,B9999,unbestimmt (nur Pst),1,45,49
709103,2021-03-31,506,Zell am See,Frauen,bis 19 Jahre,B9999,unbestimmt (nur Pst),1,0,19
709225,2021-03-31,506,Zell am See,Männer,bis 19 Jahre,B9999,unbestimmt (nur Pst),3,0,19
709239,2021-03-31,506,Zell am See,Männer,20 bis 24 Jahre,B9999,unbestimmt (nur Pst),1,20,24
709264,2021-03-31,506,Zell am See,Männer,30 bis 34 Jahre,B9999,unbestimmt (nur Pst),1,30,34
709340,2021-03-31,601,Bruck/Mur,Frauen,bis 19 Jahre,B9999,unbestimmt (nur Pst),8,0,19
709369,2021-03-31,601,Bruck/Mur,Frauen,20 bis 24 Jahre,B9999,unbestimmt (nur Pst),2,20,24
709475,2021-03-31,601,Bruck/Mur,Männer,bis 19 Jahre,B9999,unbestimmt (nur Pst),5,0,19
709897,2021-03-31,604,Feldbach,Frauen,bis 19 Jahre,B9999,unbestimmt (nur Pst),3,0,19
709988,2021-03-31,604,Feldbach,Frauen,40 bis 44 Jahre,B9999,unbestimmt (nur Pst),1,40,44
710185,2021-03-31,606,Gleisdorf,Frauen,bis 19 Jahre,B9999,unbestimmt (nur Pst),1,0,19
710202,2021-03-31,606,Gleisdorf,Frauen,20 bis 24 Jahre,B9999,unbestimmt (nur Pst),2,20,24
710320,2021-03-31,606,Gleisdorf,Männer,20 bis 24 Jahre,B9999,unbestimmt (nur Pst),2,20,24
710397,2021-03-31,609,Hartberg,Frauen,bis 19 Jahre,B9999,unbestimmt (nur Pst),2,0,19
710422,2021-03-31,609,Hartberg,Frauen,20 bis 24 Jahre,B9999,unbestimmt (nur Pst),1,20,24
710567,2021-03-31,609,Hartberg,Männer,bis 19 Jahre,B9999,unbestimmt (nur Pst),3,0,19
710592,2021-03-31,609,Hartberg,Männer,20 bis 24 Jahre,B9999,unbestimmt (nur Pst),1,20,24
710746,2021-03-31,610,Judenburg,Frauen,bis 19 Jahre,B9999,unbestimmt (nur Pst),4,0,19
710792,2021-03-31,610,Judenburg,Frauen,25 bis 29 Jahre,B9999,unbestimmt (nur Pst),1,25,29
710907,2021-03-31,610,Judenburg,Männer,bis 19 Jahre,B9999,unbestimmt (nur Pst),1,0,19
710927,2021-03-31,610,Judenburg,Männer,20 bis 24 Jahre,B9999,unbestimmt (nur Pst),1,20,24
711041,2021-03-31,611,Murau,Frauen,bis 19 Jahre,B9999,unbestimmt (nur Pst),1,0,19
711156,2021-03-31,614,Leibnitz,Frauen,bis 19 Jahre,B9999,unbestimmt (nur Pst),1,0,19
711202,2021-03-31,614,Leibnitz,Frauen,25 bis 29 Jahre,B9999,unbestimmt (nur Pst),1,25,29
711321,2021-03-31,614,Leibnitz,Männer,bis 19 Jahre,B9999,unbestimmt (nur Pst),1,0,19
711354,2021-03-31,614,Leibnitz,Männer,20 bis 24 Jahre,B9999,unbestimmt (nur Pst),1,20,24
711455,2021-03-31,616,Leoben,Frauen,bis 19 Jahre,B9999,unbestimmt (nur Pst),1,0,19
711482,2021-03-31,616,Leoben,Frauen,20 bis 24 Jahre,B9999,unbestimmt (nur Pst),1,20,24
711610,2021-03-31,616,Leoben,Männer,bis 19 Jahre,B9999,unbestimmt (nur Pst),1,0,19
711638,2021-03-31,616,Leoben,Männer,20 bis 24 Jahre,B9999,unbestimmt (nur Pst),2,20,24
711742,2021-03-31,618,Liezen,Frauen,bis 19 Jahre,B9999,unbestimmt (nur Pst),1,0,19
712005,2021-03-31,621,Mürzzuschlag,Frauen,20 bis 24 Jahre,B9999,unbestimmt (nur Pst),2,20,24
712076,2021-03-31,621,Mürzzuschlag,Männer,bis 19 Jahre,B9999,unbestimmt (nur Pst),1,0,19
712091,2021-03-31,621,Mürzzuschlag,Männer,20 bis 24 Jahre,B9999,unbestimmt (nur Pst),4,20,24
712110,2021-03-31,621,Mürzzuschlag,Männer,25 bis 29 Jahre,B9999,unbestimmt (nur Pst),1,25,29
712197,2021-03-31,622,Voitsberg,Frauen,bis 19 Jahre,B9999,unbestimmt (nur Pst),2,0,19
712220,2021-03-31,622,Voitsberg,Frauen,20 bis 24 Jahre,B9999,unbestimmt (nur Pst),1,20,24
712246,2021-03-31,622,Voitsberg,Frauen,30 bis 34 Jahre,B9999,unbestimmt (nur Pst),1,30,34
712421,2021-03-31,623,Weiz,Frauen,bis 19 Jahre,B9999,unbestimmt (nur Pst),2,0,19
712434,2021-03-31,623,Weiz,Frauen,20 bis 24 Jahre,B9999,unbestimmt (nur Pst),1,20,24
712452,2021-03-31,623,Weiz,Frauen,30 bis 34 Jahre,B9999,unbestimmt (nur Pst),1,30,34
712550,2021-03-31,623,Weiz,Männer,30 bis 34 Jahre,B9999,unbestimmt (nur Pst),2,30,34
712553,2021-03-31,623,Weiz,Männer,35 bis 39 Jahre,B9999,unbestimmt (nur Pst),1,35,39
712561,2021-03-31,623,Weiz,Männer,40 bis 44 Jahre,B9999,unbestimmt (nur Pst),1,40,44
712626,2021-03-31,630,Graz-West und Umgebung,Frauen,bis 19 Jahre,B9999,unbestimmt (nur Pst),5,0,19
712692,2021-03-31,630,Graz-West und Umgebung,Frauen,20 bis 24 Jahre,B9999,unbestimmt (nur Pst),5,20,24
712801,2021-03-31,630,Graz-West und Umgebung,Frauen,30 bis 34 Jahre,B9999,unbestimmt (nur Pst),1,30,34
712942,2021-03-31,630,Graz-West und Umgebung,Frauen,45 bis 49 Jahre,B9999,unbestimmt (nur Pst),1,45,49
713035,2021-03-31,630,Graz-West und Umgebung,Männer,bis 19 Jahre,B9999,unbestimmt (nur Pst),9,0,19
713114,2021-03-31,630,Graz-West und Umgebung,Männer,20 bis 24 Jahre,B9999,unbestimmt (nur Pst),2,20,24
713168,2021-03-31,630,Graz-West und Umgebung,Männer,25 bis 29 Jahre,B9999,unbestimmt (nur Pst),1,25,29
713225,2021-03-31,630,Graz-West und Umgebung,Männer,30 bis 34 Jahre,B9999,unbestimmt (nur Pst),1,30,34
713275,2021-03-31,630,Graz-West und Umgebung,Männer,35 bis 39 Jahre,B9999,unbestimmt (nur Pst),2,35,39
713432,2021-03-31,631,Graz-Ost,Frauen,bis 19 Jahre,B9999,unbestimmt (nur Pst),3,0,19
713475,2021-03-31,631,Graz-Ost,Frauen,20 bis 24 Jahre,B9999,unbestimmt (nur Pst),3,20,24
713516,2021-03-31,631,Graz-Ost,Frauen,25 bis 29 Jahre,B9999,unbestimmt (nur Pst),1,25,29
713600,2021-03-31,631,Graz-Ost,Frauen,35 bis 39 Jahre,B9999,unbestimmt (nur Pst),1,35,39
713722,2021-03-31,631,Graz-Ost,Männer,bis 19 Jahre,B9999,unbestimmt (nur Pst),2,0,19
714004,2021-03-31,701,Imst,Frauen,bis 19 Jahre,B9999,unbestimmt (nur Pst),1,0,19
714033,2021-03-31,701,Imst,Frauen,25 bis 29 Jahre,B9999,unbestimmt (nur Pst),1,25,29
714090,2021-03-31,701,Imst,Frauen,55 bis 59 Jahre,B9999,unbestimmt (nur Pst),1,55,59
714107,2021-03-31,701,Imst,Männer,20 bis 24 Jahre,B9999,unbestimmt (nur Pst),1,20,24
714118,2021-03-31,701,Imst,Männer,35 bis 39 Jahre,B9999,unbestimmt (nur Pst),1,35,39
714162,2021-03-31,702,Innsbruck,Frauen,bis 19 Jahre,B9999,unbestimmt (nur Pst),3,0,19
714189,2021-03-31,702,Innsbruck,Frauen,20 bis 24 Jahre,B9999,unbestimmt (nur Pst),1,20,24
714217,2021-03-31,702,Innsbruck,Frauen,25 bis 29 Jahre,B9999,unbestimmt (nur Pst),1,25,29
714333,2021-03-31,702,Innsbruck,Frauen,45 bis 49 Jahre,B9999,unbestimmt (nur Pst),3,45,49
714407,2021-03-31,702,Innsbruck,Männer,bis 19 Jahre,B9999,unbestimmt (nur Pst),1,0,19
714540,2021-03-31,702,Innsbruck,Männer,35 bis 39 Jahre,B9999,unbestimmt (nur Pst),1,35,39
714644,2021-03-31,704,Kitzbühel,Frauen,bis 19 Jahre,B9999,unbestimmt (nur Pst),3,0,19
714686,2021-03-31,704,Kitzbühel,Frauen,45 bis 49 Jahre,B9999,unbestimmt (nur Pst),1,45,49
714707,2021-03-31,704,Kitzbühel,Männer,bis 19 Jahre,B9999,unbestimmt (nur Pst),3,0,19
714771,2021-03-31,705,Kufstein,Frauen,bis 19 Jahre,B9999,unbestimmt (nur Pst),5,0,19
714790,2021-03-31,705,Kufstein,Frauen,20 bis 24 Jahre,B9999,unbestimmt (nur Pst),1,20,24
714838,2021-03-31,705,Kufstein,Frauen,35 bis 39 Jahre,B9999,unbestimmt (nur Pst),1,35,39
714870,2021-03-31,705,Kufstein,Frauen,45 bis 49 Jahre,B9999,unbestimmt (nur Pst),1,45,49
714901,2021-03-31,705,Kufstein,Männer,bis 19 Jahre,B9999,unbestimmt (nur Pst),6,0,19
714922,2021-03-31,705,Kufstein,Männer,20 bis 24 Jahre,B9999,unbestimmt (nur Pst),1,20,24
714949,2021-03-31,705,Kufstein,Männer,25 bis 29 Jahre,B9999,unbestimmt (nur Pst),1,25,29
714973,2021-03-31,705,Kufstein,Männer,35 bis 39 Jahre,B9999,unbestimmt (nur Pst),1,35,39
715030,2021-03-31,706,Landeck,Frauen,bis 19 Jahre,B9999,unbestimmt (nur Pst),2,0,19
715045,2021-03-31,706,Landeck,Frauen,20 bis 24 Jahre,B9999,unbestimmt (nur Pst),1,20,24
715112,2021-03-31,706,Landeck,Männer,bis 19 Jahre,B9999,unbestimmt (nur Pst),3,0,19
715119,2021-03-31,706,Landeck,Männer,20 bis 24 Jahre,B9999,unbestimmt (nur Pst),1,20,24
715159,2021-03-31,707,Lienz,Frauen,bis 19 Jahre,B9999,unbestimmt (nur Pst),1,0,19
715222,2021-03-31,707,Lienz,Männer,bis 19 Jahre,B9999,unbestimmt (nur Pst),1,0,19
715234,2021-03-31,707,Lienz,Männer,30 bis 34 Jahre,B9999,unbestimmt (nur Pst),1,30,34
715560,2021-03-31,709,Schwaz,Männer,40 bis 44 Jahre,B9999,unbestimmt (nur Pst),1,40,44
715585,2021-03-31,801,Bludenz,Frauen,bis 19 Jahre,B9999,unbestimmt (nur Pst),3,0,19
715610,2021-03-31,801,Bludenz,Frauen,20 bis 24 Jahre,B9999,unbestimmt (nur Pst),2,20,24
715646,2021-03-31,801,Bludenz,Frauen,30 bis 34 Jahre,B9999,unbestimmt (nur Pst),1,30,34
715666,2021-03-31,801,Bludenz,Frauen,35 bis 39 Jahre,B9999,unbestimmt (nur Pst),1,35,39
715731,2021-03-31,801,Bludenz,Männer,bis 19 Jahre,B9999,unbestimmt (nur Pst),1,0,19
715777,2021-03-31,801,Bludenz,Männer,25 bis 29 Jahre,B9999,unbestimmt (nur Pst),1,25,29
715858,2021-03-31,802,Bregenz,Frauen,bis 19 Jahre,B9999,unbestimmt (nur Pst),2,0,19
715888,2021-03-31,802,Bregenz,Frauen,20 bis 24 Jahre,B9999,unbestimmt (nur Pst),2,20,24
715946,2021-03-31,802,Bregenz,Frauen,30 bis 34 Jahre,B9999,unbestimmt (nur Pst),1,30,34
715973,2021-03-31,802,Bregenz,Frauen,35 bis 39 Jahre,B9999,unbestimmt (nur Pst),1,35,39
716079,2021-03-31,802,Bregenz,Männer,bis 19 Jahre,B9999,unbestimmt (nur Pst),1,0,19
716143,2021-03-31,802,Bregenz,Männer,25 bis 29 Jahre,B9999,unbestimmt (nur Pst),1,25,29
716284,2021-03-31,804,Dornbirn,Frauen,20 bis 24 Jahre,B9999,unbestimmt (nur Pst),1,20,24
716390,2021-03-31,804,Dornbirn,Frauen,45 bis 49 Jahre,B9999,unbestimmt (nur Pst),2,45,49
716439,2021-03-31,804,Dornbirn,Männer,bis 19 Jahre,B9999,unbestimmt (nur Pst),1,0,19
716470,2021-03-31,804,Dornbirn,Männer,20 bis 24 Jahre,B9999,unbestimmt (nur Pst),1,20,24
716493,2021-03-31,804,Dornbirn,Männer,25 bis 29 Jahre,B9999,unbestimmt (nur Pst),1,25,29
716576,2021-03-31,804,Dornbirn,Männer,50 bis 54 Jahre,B9999,unbestimmt (nur Pst),1,50,54
716603,2021-03-31,805,Feldkirch,Frauen,bis 19 Jahre,B9999,unbestimmt (nur Pst),4,0,19
716634,2021-03-31,805,Feldkirch,Frauen,20 bis 24 Jahre,B9999,unbestimmt (nur Pst),6,20,24
716658,2021-03-31,805,Feldkirch,Frauen,25 bis 29 Jahre,B9999,unbestimmt (nur Pst),4,25,29
716679,2021-03-31,805,Feldkirch,Frauen,30 bis 34 Jahre,B9999,unbestimmt (nur Pst),1,30,34
716698,2021-03-31,805,Feldkirch,Frauen,35 bis 39 Jahre,B9999,unbestimmt (nur Pst),2,35,39
716725,2021-03-31,805,Feldkirch,Frauen,40 bis 44 Jahre,B9999,unbestimmt (nur Pst),1,40,44
716783,2021-03-31,805,Feldkirch,Männer,bis 19 Jahre,B9999,unbestimmt (nur Pst),10,0,19
716831,2021-03-31,805,Feldkirch,Männer,20 bis 24 Jahre,B9999,unbestimmt (nur Pst),3,20,24
716865,2021-03-31,805,Feldkirch,Männer,25 bis 29 Jahre,B9999,unbestimmt (nur Pst),2,25,29
716886,2021-03-31,805,Feldkirch,Männer,30 bis 34 Jahre,B9999,unbestimmt (nur Pst),2,30,34
716906,2021-03-31,805,Feldkirch,Männer,35 bis 39 Jahre,B9999,unbestimmt (nur Pst),1,35,39
716918,2021-03-31,805,Feldkirch,Männer,40 bis 44 Jahre,B9999,unbestimmt (nur Pst),1,40,44
716934,2021-03-31,805,Feldkirch,Männer,45 bis 49 Jahre,B9999,unbestimmt (nur Pst),1,45,49
717175,2021-03-31,958,Wien Johnstraße,Frauen,45 bis 49 Jahre,B9999,unbestimmt (nur Pst),1,45,49
718176,2021-03-31,960,Wien Esteplatz,Frauen,30 bis 34 Jahre,B9999,unbestimmt (nur Pst),1,30,34
718219,2021-03-31,960,Wien Esteplatz,Frauen,35 bis 39 Jahre,B9999,unbestimmt (nur Pst),1,35,39
719261,2021-03-31,962,Wien Redergasse,Männer,50 bis 54 Jahre,B9999,unbestimmt (nur Pst),1,50,54
719989,2021-03-31,964,Wien Favoritenstraße,Frauen,30 bis 34 Jahre,B9999,unbestimmt (nur Pst),1,30,34
720979,2021-03-31,965,Wien Schönbrunner Straße,Frauen,45 bis 49 Jahre,B9999,unbestimmt (nur Pst),1,45,49
721116,2021-03-31,965,Wien Schönbrunner Straße,Männer,25 bis 29 Jahre,B9999,unbestimmt (nur Pst),2,25,29
721179,2021-03-31,965,Wien Schönbrunner Straße,Männer,30 bis 34 Jahre,B9999,unbestimmt (nur Pst),2,30,34
721628,2021-03-31,966,Wien Hietzinger Kai,Frauen,40 bis 44 Jahre,B9999,unbestimmt (nur Pst),1,40,44
721659,2021-03-31,966,Wien Hietzinger Kai,Frauen,45 bis 49 Jahre,B9999,unbestimmt (nur Pst),1,45,49
722196,2021-03-31,967,Wien Huttengasse,Frauen,35 bis 39 Jahre,B9999,unbestimmt (nur Pst),1,35,39
722295,2021-03-31,967,Wien Huttengasse,Frauen,45 bis 49 Jahre,B9999,unbestimmt (nur Pst),1,45,49
722544,2021-03-31,967,Wien Huttengasse,Männer,35 bis 39 Jahre,B9999,unbestimmt (nur Pst),1,35,39
723437,2021-03-31,969,Wien-Wagramer Straße,Frauen,25 bis 29 Jahre,B9999,unbestimmt (nur Pst),1,25,29
724219,2021-03-31,974,Wien Austria Campus,Frauen,35 bis 39 Jahre,B9999,unbestimmt (nur Pst),1,35,39
724394,2021-03-31,974,Wien Austria Campus,Männer,25 bis 29 Jahre,B9999,unbestimmt (nur Pst),1,25,29
724492,2021-03-31,974,Wien Austria Campus,Männer,35 bis 39 Jahre,B9999,unbestimmt (nur Pst),1,35,39
725249,2021-03-31,976,Wien Jugendliche I,Frauen,bis 19 Jahre,B9999,unbestimmt (nur Pst),1,0,19
725351,2021-03-31,976,Wien Jugendliche I,Frauen,20 bis 24 Jahre,B9999,unbestimmt (nur Pst),7,20,24
725429,2021-03-31,976,Wien Jugendliche I,Männer,bis 19 Jahre,B9999,unbestimmt (nur Pst),4,0,19
725574,2021-03-31,976,Wien Jugendliche I,Männer,20 bis 24 Jahre,B9999,unbestimmt (nur Pst),5,20,24
725744,2021-03-31,977,Wien Jugendliche II,Frauen,20 bis 24 Jahre,B9999,unbestimmt (nur Pst),4,20,24
725830,2021-03-31,977,Wien Jugendliche II,Männer,bis 19 Jahre,B9999,unbestimmt (nur Pst),5,0,19
725959,2021-03-31,977,Wien Jugendliche II,Männer,20 bis 24 Jahre,B9999,unbestimmt (nur Pst),1,20,24
726095,2021-04-30,101,Eisenstadt,Männer,bis 19 Jahre,B9999,unbestimmt (nur Pst),2,0,19
726290,2021-04-30,102,Mattersburg,Männer,25 bis 29 Jahre,B9999,unbestimmt (nur Pst),1,25,29
726311,2021-04-30,102,Mattersburg,Männer,40 bis 44 Jahre,B9999,unbestimmt (nur Pst),1,40,44
726478,2021-04-30,103,Neusiedl am See,Männer,40 bis 44 Jahre,B9999,unbestimmt (nur Pst),1,40,44
726693,2021-04-30,105,Oberwart,Frauen,20 bis 24 Jahre,B9999,unbestimmt (nur Pst),1,20,24
726708,2021-04-30,105,Oberwart,Frauen,25 bis 29 Jahre,B9999,unbestimmt (nur Pst),1,25,29
726967,2021-04-30,106,Stegersbach,Frauen,20 bis 24 Jahre,B9999,unbestimmt (nur Pst),1,20,24
726976,2021-04-30,106,Stegersbach,Frauen,25 bis 29 Jahre,B9999,unbestimmt (nur Pst),1,25,29
727096,2021-04-30,107,Jennersdorf,Frauen,bis 19 Jahre,B9999,unbestimmt (nur Pst),1,0,19
727243,2021-04-30,201,Feldkirchen,Frauen,25 bis 29 Jahre,B9999,unbestimmt (nur Pst),1,25,29
727328,2021-04-30,202,Hermagor,Männer,bis 19 Jahre,B9999,unbestimmt (nur Pst),1,0,19
727365,2021-04-30,203,Klagenfurt,Frauen,bis 19 Jahre,B9999,unbestimmt (nur Pst),3,0,19
727404,2021-04-30,203,Klagenfurt,Frauen,20 bis 24 Jahre,B9999,unbestimmt (nur Pst),2,20,24
727426,2021-04-30,203,Klagenfurt,Frauen,25 bis 29 Jahre,B9999,unbestimmt (nur Pst),3,25,29
727452,2021-04-30,203,Klagenfurt,Frauen,30 bis 34 Jahre,B9999,unbestimmt (nur Pst),1,30,34
727489,2021-04-30,203,Klagenfurt,Frauen,35 bis 39 Jahre,B9999,unbestimmt (nur Pst),1,35,39
727513,2021-04-30,203,Klagenfurt,Frauen,40 bis 44 Jahre,B9999,unbestimmt (nur Pst),3,40,44
727572,2021-04-30,203,Klagenfurt,Frauen,50 bis 54 Jahre,B9999,unbestimmt (nur Pst),1,50,54
727586,2021-04-30,203,Klagenfurt,Frauen,55 bis 59 Jahre,B9999,unbestimmt (nur Pst),1,55,59
727612,2021-04-30,203,Klagenfurt,Männer,bis 19 Jahre,B9999,unbestimmt (nur Pst),3,0,19
727672,2021-04-30,203,Klagenfurt,Männer,25 bis 29 Jahre,B9999,unbestimmt (nur Pst),1,25,29
727701,2021-04-30,203,Klagenfurt,Männer,30 bis 34 Jahre,B9999,unbestimmt (nur Pst),1,30,34
727747,2021-04-30,203,Klagenfurt,Männer,40 bis 44 Jahre,B9999,unbestimmt (nur Pst),1,40,44
727769,2021-04-30,203,Klagenfurt,Männer,45 bis 49 Jahre,B9999,unbestimmt (nur Pst),2,45,49
727795,2021-04-30,203,Klagenfurt,Männer,50 bis 54 Jahre,B9999,unbestimmt (nur Pst),1,50,54
727807,2021-04-30,203,Klagenfurt,Männer,55 bis 59 Jahre,B9999,unbestimmt (nur Pst),1,55,59
727955,2021-04-30,204,Spittal/Drau,Männer,bis 19 Jahre,B9999,unbestimmt (nur Pst),4,0,19
728040,2021-04-30,205,St. Veit/Glan,Frauen,bis 19 Jahre,B9999,unbestimmt (nur Pst),1,0,19
728164,2021-04-30,205,St. Veit/Glan,Männer,20 bis 24 Jahre,B9999,unbestimmt (nur Pst),1,20,24
728689,2021-04-30,207,Völkermarkt,Männer,bis 19 Jahre,B9999,unbestimmt (nur Pst),1,0,19
728768,2021-04-30,208,Wolfsberg,Frauen,bis 19 Jahre,B9999,unbestimmt (nur Pst),1,0,19
728866,2021-04-30,208,Wolfsberg,Männer,bis 19 Jahre,B9999,unbestimmt (nur Pst),3,0,19
728964,2021-04-30,301,Amstetten,Frauen,bis 19 Jahre,B9999,unbestimmt (nur Pst),6,0,19
728984,2021-04-30,301,Amstetten,Frauen,20 bis 24 Jahre,B9999,unbestimmt (nur Pst),3,20,24
729114,2021-04-30,301,Amstetten,Männer,bis 19 Jahre,B9999,unbestimmt (nur Pst),16,0,19
729162,2021-04-30,301,Amstetten,Männer,25 bis 29 Jahre,B9999,unbestimmt (nur Pst),2,25,29
729262,2021-04-30,301,Amstetten,Männer,55 bis 59 Jahre,B9999,unbestimmt (nur Pst),1,55,59
729292,2021-04-30,304,Baden neu,Frauen,bis 19 Jahre,B9999,unbestimmt (nur Pst),4,0,19
729322,2021-04-30,304,Baden neu,Frauen,20 bis 24 Jahre,B9999,unbestimmt (nur Pst),6,20,24
729343,2021-04-30,304,Baden neu,Frauen,25 bis 29 Jahre,B9999,unbestimmt (nur Pst),2,25,29
729491,2021-04-30,304,Baden neu,Männer,bis 19 Jahre,B9999,unbestimmt (nur Pst),5,0,19
729542,2021-04-30,304,Baden neu,Männer,20 bis 24 Jahre,B9999,unbestimmt (nur Pst),5,20,24
729673,2021-04-30,304,Baden neu,Männer,55 bis 59 Jahre,B9999,unbestimmt (nur Pst),1,55,59
729678,2021-04-30,304,Baden neu,Männer,60 bis 64 Jahre,B9999,unbestimmt (nur Pst),1,60,64
729691,2021-04-30,306,Bruck/Leitha,Frauen,bis 19 Jahre,B9999,unbestimmt (nur Pst),3,0,19
729797,2021-04-30,306,Bruck/Leitha,Männer,bis 19 Jahre,B9999,unbestimmt (nur Pst),8,0,19
729819,2021-04-30,306,Bruck/Leitha,Männer,20 bis 24 Jahre,B9999,unbestimmt (nur Pst),2,20,24
729893,2021-04-30,308,Gänserndorf,Frauen,bis 19 Jahre,B9999,unbestimmt (nur Pst),4,0,19
729951,2021-04-30,308,Gänserndorf,Frauen,25 bis 29 Jahre,B9999,unbestimmt (nur Pst),2,25,29
730087,2021-04-30,308,Gänserndorf,Männer,bis 19 Jahre,B9999,unbestimmt (nur Pst),7,0,19
730134,2021-04-30,308,Gänserndorf,Männer,20 bis 24 Jahre,B9999,unbestimmt (nur Pst),1,20,24
730343,2021-04-30,311,Gmünd,Männer,bis 19 Jahre,B9999,unbestimmt (nur Pst),1,0,19
730401,2021-04-30,312,Hollabrunn,Frauen,bis 19 Jahre,B9999,unbestimmt (nur Pst),1,0,19
730435,2021-04-30,312,Hollabrunn,Frauen,25 bis 29 Jahre,B9999,unbestimmt (nur Pst),2,25,29
730548,2021-04-30,312,Hollabrunn,Männer,25 bis 29 Jahre,B9999,unbestimmt (nur Pst),1,25,29
730598,2021-04-30,313,Horn,Frauen,bis 19 Jahre,B9999,unbestimmt (nur Pst),1,0,19
730609,2021-04-30,313,Horn,Frauen,20 bis 24 Jahre,B9999,unbestimmt (nur Pst),2,20,24
730653,2021-04-30,313,Horn,Männer,bis 19 Jahre,B9999,unbestimmt (nur Pst),1,0,19
730666,2021-04-30,313,Horn,Männer,20 bis 24 Jahre,B9999,unbestimmt (nur Pst),2,20,24
730674,2021-04-30,313,Horn,Männer,25 bis 29 Jahre,B9999,unbestimmt (nur Pst),1,25,29
730715,2021-04-30,314,Korneuburg,Frauen,bis 19 Jahre,B9999,unbestimmt (nur Pst),3,0,19
730743,2021-04-30,314,Korneuburg,Frauen,20 bis 24 Jahre,B9999,unbestimmt (nur Pst),3,20,24
730777,2021-04-30,314,Korneuburg,Frauen,30 bis 34 Jahre,B9999,unbestimmt (nur Pst),1,30,34
730834,2021-04-30,314,Korneuburg,Frauen,45 bis 49 Jahre,B9999,unbestimmt (nur Pst),1,45,49
730883,2021-04-30,314,Korneuburg,Männer,bis 19 Jahre,B9999,unbestimmt (nur Pst),10,0,19
730914,2021-04-30,314,Korneuburg,Männer,20 bis 24 Jahre,B9999,unbestimmt (nur Pst),2,20,24
731012,2021-04-30,315,Krems,Frauen,bis 19 Jahre,B9999,unbestimmt (nur Pst),3,0,19
731030,2021-04-30,315,Krems,Frauen,20 bis 24 Jahre,B9999,unbestimmt (nur Pst),1,20,24
731169,2021-04-30,315,Krems,Männer,bis 19 Jahre,B9999,unbestimmt (nur Pst),3,0,19
731244,2021-04-30,315,Krems,Männer,35 bis 39 Jahre,B9999,unbestimmt (nur Pst),1,35,39
731302,2021-04-30,316,Lilienfeld,Frauen,20 bis 24 Jahre,B9999,unbestimmt (nur Pst),2,20,24
731332,2021-04-30,316,Lilienfeld,Frauen,35 bis 39 Jahre,B9999,unbestimmt (nur Pst),1,35,39
731339,2021-04-30,316,Lilienfeld,Frauen,40 bis 44 Jahre,B9999,unbestimmt (nur Pst),1,40,44
731388,2021-04-30,316,Lilienfeld,Männer,35 bis 39 Jahre,B9999,unbestimmt (nur Pst),1,35,39
731684,2021-04-30,319,Mistelbach,Frauen,bis 19 Jahre,B9999,unbestimmt (nur Pst),5,0,19
731701,2021-04-30,319,Mistelbach,Frauen,20 bis 24 Jahre,B9999,unbestimmt (nur Pst),1,20,24
731802,2021-04-30,319,Mistelbach,Männer,bis 19 Jahre,B9999,unbestimmt (nur Pst),3,0,19
731823,2021-04-30,319,Mistelbach,Männer,20 bis 24 Jahre,B9999,unbestimmt (nur Pst),1,20,24
731836,2021-04-30,319,Mistelbach,Männer,25 bis 29 Jahre,B9999,unbestimmt (nur Pst),1,25,29
731910,2021-04-30,321,Mödling,Frauen,bis 19 Jahre,B9999,unbestimmt (nur Pst),3,0,19
731961,2021-04-30,321,Mödling,Frauen,25 bis 29 Jahre,B9999,unbestimmt (nur Pst),2,25,29
731990,2021-04-30,321,Mödling,Frauen,30 bis 34 Jahre,B9999,unbestimmt (nur Pst),1,30,34
732122,2021-04-30,321,Mödling,Männer,bis 19 Jahre,B9999,unbestimmt (nur Pst),4,0,19
732158,2021-04-30,321,Mödling,Männer,20 bis 24 Jahre,B9999,unbestimmt (nur Pst),4,20,24
732192,2021-04-30,321,Mödling,Männer,30 bis 34 Jahre,B9999,unbestimmt (nur Pst),1,30,34
732299,2021-04-30,323,Neunkirchen,Frauen,bis 19 Jahre,B9999,unbestimmt (nur Pst),3,0,19
732611,2021-04-30,326,St. Pölten,Frauen,bis 19 Jahre,B9999,unbestimmt (nur Pst),17,0,19
732643,2021-04-30,326,St. Pölten,Frauen,20 bis 24 Jahre,B9999,unbestimmt (nur Pst),6,20,24
732862,2021-04-30,326,St. Pölten,Männer,bis 19 Jahre,B9999,unbestimmt (nur Pst),8,0,19
732910,2021-04-30,326,St. Pölten,Männer,20 bis 24 Jahre,B9999,unbestimmt (nur Pst),2,20,24
732941,2021-04-30,326,St. Pölten,Männer,25 bis 29 Jahre,B9999,unbestimmt (nur Pst),1,25,29
733110,2021-04-30,328,Scheibbs,Frauen,bis 19 Jahre,B9999,unbestimmt (nur Pst),3,0,19
733125,2021-04-30,328,Scheibbs,Frauen,20 bis 24 Jahre,B9999,unbestimmt (nur Pst),1,20,24
733193,2021-04-30,328,Scheibbs,Männer,bis 19 Jahre,B9999,unbestimmt (nur Pst),5,0,19
733201,2021-04-30,328,Scheibbs,Männer,20 bis 24 Jahre,B9999,unbestimmt (nur Pst),1,20,24
733261,2021-04-30,329,Schwechat,Frauen,bis 19 Jahre,B9999,unbestimmt (nur Pst),1,0,19
733282,2021-04-30,329,Schwechat,Frauen,20 bis 24 Jahre,B9999,unbestimmt (nur Pst),1,20,24
733345,2021-04-30,329,Schwechat,Frauen,40 bis 44 Jahre,B9999,unbestimmt (nur Pst),1,40,44
733411,2021-04-30,329,Schwechat,Männer,bis 19 Jahre,B9999,unbestimmt (nur Pst),3,0,19
733530,2021-04-30,331,Tulln,Frauen,bis 19 Jahre,B9999,unbestimmt (nur Pst),7,0,19
733550,2021-04-30,331,Tulln,Frauen,20 bis 24 Jahre,B9999,unbestimmt (nur Pst),1,20,24
733568,2021-04-30,331,Tulln,Frauen,25 bis 29 Jahre,B9999,unbestimmt (nur Pst),1,25,29
733686,2021-04-30,331,Tulln,Männer,bis 19 Jahre,B9999,unbestimmt (nur Pst),7,0,19
733726,2021-04-30,331,Tulln,Männer,20 bis 24 Jahre,B9999,unbestimmt (nur Pst),2,20,24
733767,2021-04-30,331,Tulln,Männer,35 bis 39 Jahre,B9999,unbestimmt (nur Pst),2,35,39
733838,2021-04-30,332,Waidhofen/Thaya,Frauen,bis 19 Jahre,B9999,unbestimmt (nur Pst),2,0,19
733911,2021-04-30,332,Waidhofen/Thaya,Männer,bis 19 Jahre,B9999,unbestimmt (nur Pst),1,0,19
733957,2021-04-30,333,Waidhofen/Ybbs,Frauen,bis 19 Jahre,B9999,unbestimmt (nur Pst),1,0,19
734019,2021-04-30,333,Waidhofen/Ybbs,Männer,bis 19 Jahre,B9999,unbestimmt (nur Pst),3,0,19
734053,2021-04-30,333,Waidhofen/Ybbs,Männer,55 bis 59 Jahre,B9999,unbestimmt (nur Pst),1,55,59
734078,2021-04-30,334,Wr. Neustadt,Frauen,bis 19 Jahre,B9999,unbestimmt (nur Pst),2,0,19
734582,2021-04-30,401,Braunau,Frauen,bis 19 Jahre,B9999,unbestimmt (nur Pst),13,0,19
734607,2021-04-30,401,Braunau,Frauen,20 bis 24 Jahre,B9999,unbestimmt (nur Pst),3,20,24
734630,2021-04-30,401,Braunau,Frauen,25 bis 29 Jahre,B9999,unbestimmt (nur Pst),4,25,29
734649,2021-04-30,401,Braunau,Frauen,30 bis 34 Jahre,B9999,unbestimmt (nur Pst),1,30,34
734702,2021-04-30,401,Braunau,Frauen,45 bis 49 Jahre,B9999,unbestimmt (nur Pst),1,45,49
734716,2021-04-30,401,Braunau,Frauen,50 bis 54 Jahre,B9999,unbestimmt (nur Pst),1,50,54
734749,2021-04-30,401,Braunau,Männer,bis 19 Jahre,B9999,unbestimmt (nur Pst),16,0,19
734777,2021-04-30,401,Braunau,Männer,20 bis 24 Jahre,B9999,unbestimmt (nur Pst),4,20,24
734797,2021-04-30,401,Braunau,Männer,25 bis 29 Jahre,B9999,unbestimmt (nur Pst),2,25,29
734814,2021-04-30,401,Braunau,Männer,30 bis 34 Jahre,B9999,unbestimmt (nur Pst),1,30,34
734848,2021-04-30,401,Braunau,Männer,45 bis 49 Jahre,B9999,unbestimmt (nur Pst),2,45,49
734864,2021-04-30,401,Braunau,Männer,50 bis 54 Jahre,B9999,unbestimmt (nur Pst),1,50,54
734889,2021-04-30,402,Eferding,Frauen,bis 19 Jahre,B9999,unbestimmt (nur Pst),2,0,19
734900,2021-04-30,402,Eferding,Frauen,20 bis 24 Jahre,B9999,unbestimmt (nur Pst),1,20,24
734905,2021-04-30,402,Eferding,Frauen,25 bis 29 Jahre,B9999,unbestimmt (nur Pst),1,25,29
734927,2021-04-30,402,Eferding,Frauen,35 bis 39 Jahre,B9999,unbestimmt (nur Pst),1,35,39
734937,2021-04-30,402,Eferding,Frauen,40 bis 44 Jahre,B9999,unbestimmt (nur Pst),1,40,44
734969,2021-04-30,402,Eferding,Männer,20 bis 24 Jahre,B9999,unbestimmt (nur Pst),1,20,24
734996,2021-04-30,402,Eferding,Männer,45 bis 49 Jahre,B9999,unbestimmt (nur Pst),1,45,49
735006,2021-04-30,402,Eferding,Männer,55 bis 59 Jahre,B9999,unbestimmt (nur Pst),1,55,59
735056,2021-04-30,403,Freistadt,Frauen,25 bis 29 Jahre,B9999,unbestimmt (nur Pst),1,25,29
735156,2021-04-30,403,Freistadt,Männer,20 bis 24 Jahre,B9999,unbestimmt (nur Pst),1,20,24
735244,2021-04-30,404,Gmunden,Frauen,bis 19 Jahre,B9999,unbestimmt (nur Pst),8,0,19
735436,2021-04-30,404,Gmunden,Männer,bis 19 Jahre,B9999,unbestimmt (nur Pst),6,0,19
735461,2021-04-30,404,Gmunden,Männer,20 bis 24 Jahre,B9999,unbestimmt (nur Pst),1,20,24
735698,2021-04-30,406,Grieskirchen,Männer,bis 19 Jahre,B9999,unbestimmt (nur Pst),1,0,19
735770,2021-04-30,407,Kirchdorf/Krems,Frauen,bis 19 Jahre,B9999,unbestimmt (nur Pst),4,0,19
735810,2021-04-30,407,Kirchdorf/Krems,Frauen,25 bis 29 Jahre,B9999,unbestimmt (nur Pst),1,25,29
735827,2021-04-30,407,Kirchdorf/Krems,Frauen,30 bis 34 Jahre,B9999,unbestimmt (nur Pst),1,30,34
735901,2021-04-30,407,Kirchdorf/Krems,Männer,bis 19 Jahre,B9999,unbestimmt (nur Pst),3,0,19
735932,2021-04-30,407,Kirchdorf/Krems,Männer,20 bis 24 Jahre,B9999,unbestimmt (nur Pst),1,20,24
736020,2021-04-30,409,Linz neu,Frauen,bis 19 Jahre,B9999,unbestimmt (nur Pst),14,0,19
736067,2021-04-30,409,Linz neu,Frauen,20 bis 24 Jahre,B9999,unbestimmt (nur Pst),7,20,24
736118,2021-04-30,409,Linz neu,Frauen,25 bis 29 Jahre,B9999,unbestimmt (nur Pst),1,25,29
736163,2021-04-30,409,Linz neu,Frauen,30 bis 34 Jahre,B9999,unbestimmt (nur Pst),5,30,34
736211,2021-04-30,409,Linz neu,Frauen,35 bis 39 Jahre,B9999,unbestimmt (nur Pst),1,35,39
736256,2021-04-30,409,Linz neu,Frauen,40 bis 44 Jahre,B9999,unbestimmt (nur Pst),2,40,44
736290,2021-04-30,409,Linz neu,Frauen,45 bis 49 Jahre,B9999,unbestimmt (nur Pst),2,45,49
736377,2021-04-30,409,Linz neu,Männer,bis 19 Jahre,B9999,unbestimmt (nur Pst),26,0,19
736436,2021-04-30,409,Linz neu,Männer,20 bis 24 Jahre,B9999,unbestimmt (nur Pst),11,20,24
736494,2021-04-30,409,Linz neu,Männer,25 bis 29 Jahre,B9999,unbestimmt (nur Pst),2,25,29
736552,2021-04-30,409,Linz neu,Männer,30 bis 34 Jahre,B9999,unbestimmt (nur Pst),1,30,34
736601,2021-04-30,409,Linz neu,Männer,35 bis 39 Jahre,B9999,unbestimmt (nur Pst),1,35,39
736649,2021-04-30,409,Linz neu,Männer,40 bis 44 Jahre,B9999,unbestimmt (nur Pst),1,40,44
736740,2021-04-30,409,Linz neu,Männer,55 bis 59 Jahre,B9999,unbestimmt (nur Pst),2,55,59
736782,2021-04-30,411,Perg,Frauen,20 bis 24 Jahre,B9999,unbestimmt (nur Pst),1,20,24
736926,2021-04-30,411,Perg,Männer,20 bis 24 Jahre,B9999,unbestimmt (nur Pst),2,20,24
737030,2021-04-30,412,Ried im Innkreis,Frauen,bis 19 Jahre,B9999,unbestimmt (nur Pst),12,0,19
737049,2021-04-30,412,Ried im Innkreis,Frauen,20 bis 24 Jahre,B9999,unbestimmt (nur Pst),1,20,24
737066,2021-04-30,412,Ried im Innkreis,Frauen,25 bis 29 Jahre,B9999,unbestimmt (nur Pst),2,25,29
737104,2021-04-30,412,Ried im Innkreis,Frauen,35 bis 39 Jahre,B9999,unbestimmt (nur Pst),1,35,39
737118,2021-04-30,412,Ried im Innkreis,Frauen,40 bis 44 Jahre,B9999,unbestimmt (nur Pst),1,40,44
737129,2021-04-30,412,Ried im Innkreis,Frauen,45 bis 49 Jahre,B9999,unbestimmt (nur Pst),1,45,49
737162,2021-04-30,412,Ried im Innkreis,Männer,bis 19 Jahre,B9999,unbestimmt (nur Pst),7,0,19
737186,2021-04-30,412,Ried im Innkreis,Männer,20 bis 24 Jahre,B9999,unbestimmt (nur Pst),2,20,24
737203,2021-04-30,412,Ried im Innkreis,Männer,25 bis 29 Jahre,B9999,unbestimmt (nur Pst),1,25,29
737281,2021-04-30,413,Rohrbach,Frauen,20 bis 24 Jahre,B9999,unbestimmt (nur Pst),1,20,24
737294,2021-04-30,413,Rohrbach,Frauen,25 bis 29 Jahre,B9999,unbestimmt (nur Pst),1,25,29
737358,2021-04-30,413,Rohrbach,Männer,20 bis 24 Jahre,B9999,unbestimmt (nur Pst),2,20,24
737383,2021-04-30,413,Rohrbach,Männer,35 bis 39 Jahre,B9999,unbestimmt (nur Pst),3,35,39
737438,2021-04-30,414,Schärding,Frauen,20 bis 24 Jahre,B9999,unbestimmt (nur Pst),2,20,24
737457,2021-04-30,414,Schärding,Frauen,30 bis 34 Jahre,B9999,unbestimmt (nur Pst),1,30,34
737580,2021-04-30,415,Steyr,Frauen,bis 19 Jahre,B9999,unbestimmt (nur Pst),11,0,19
737606,2021-04-30,415,Steyr,Frauen,20 bis 24 Jahre,B9999,unbestimmt (nur Pst),8,20,24
737634,2021-04-30,415,Steyr,Frauen,25 bis 29 Jahre,B9999,unbestimmt (nur Pst),1,25,29
737663,2021-04-30,415,Steyr,Frauen,30 bis 34 Jahre,B9999,unbestimmt (nur Pst),1,30,34
737681,2021-04-30,415,Steyr,Frauen,35 bis 39 Jahre,B9999,unbestimmt (nur Pst),1,35,39
737700,2021-04-30,415,Steyr,Frauen,40 bis 44 Jahre,B9999,unbestimmt (nur Pst),1,40,44
737767,2021-04-30,415,Steyr,Männer,bis 19 Jahre,B9999,unbestimmt (nur Pst),8,0,19
737798,2021-04-30,415,Steyr,Männer,20 bis 24 Jahre,B9999,unbestimmt (nur Pst),2,20,24
737933,2021-04-30,418,Vöcklabruck,Frauen,bis 19 Jahre,B9999,unbestimmt (nur Pst),4,0,19
738124,2021-04-30,418,Vöcklabruck,Männer,bis 19 Jahre,B9999,unbestimmt (nur Pst),5,0,19
738152,2021-04-30,418,Vöcklabruck,Männer,20 bis 24 Jahre,B9999,unbestimmt (nur Pst),1,20,24
738322,2021-04-30,419,Wels,Frauen,bis 19 Jahre,B9999,unbestimmt (nur Pst),1,0,19
738348,2021-04-30,419,Wels,Frauen,20 bis 24 Jahre,B9999,unbestimmt (nur Pst),2,20,24
738392,2021-04-30,419,Wels,Frauen,30 bis 34 Jahre,B9999,unbestimmt (nur Pst),1,30,34
738449,2021-04-30,419,Wels,Frauen,45 bis 49 Jahre,B9999,unbestimmt (nur Pst),2,45,49
738517,2021-04-30,419,Wels,Männer,bis 19 Jahre,B9999,unbestimmt (nur Pst),2,0,19
738710,2021-04-30,421,Traun,Frauen,bis 19 Jahre,B9999,unbestimmt (nur Pst),3,0,19
738740,2021-04-30,421,Traun,Frauen,20 bis 24 Jahre,B9999,unbestimmt (nur Pst),2,20,24
738768,2021-04-30,421,Traun,Frauen,25 bis 29 Jahre,B9999,unbestimmt (nur Pst),1,25,29
738798,2021-04-30,421,Traun,Frauen,30 bis 34 Jahre,B9999,unbestimmt (nur Pst),2,30,34
738823,2021-04-30,421,Traun,Frauen,35 bis 39 Jahre,B9999,unbestimmt (nur Pst),2,35,39
738877,2021-04-30,421,Traun,Frauen,45 bis 49 Jahre,B9999,unbestimmt (nur Pst),1,45,49
738937,2021-04-30,421,Traun,Männer,bis 19 Jahre,B9999,unbestimmt (nur Pst),3,0,19
738969,2021-04-30,421,Traun,Männer,20 bis 24 Jahre,B9999,unbestimmt (nur Pst),1,20,24
739116,2021-04-30,421,Traun,Männer,50 bis 54 Jahre,B9999,unbestimmt (nur Pst),1,50,54
739157,2021-04-30,501,Bischofshofen,Frauen,bis 19 Jahre,B9999,unbestimmt (nur Pst),1,0,19
739243,2021-04-30,501,Bischofshofen,Frauen,35 bis 39 Jahre,B9999,unbestimmt (nur Pst),2,35,39
739281,2021-04-30,501,Bischofshofen,Frauen,45 bis 49 Jahre,B9999,unbestimmt (nur Pst),1,45,49
739551,2021-04-30,503,Hallein,Männer,bis 19 Jahre,B9999,unbestimmt (nur Pst),2,0,19
739825,2021-04-30,504,Salzburg,Frauen,35 bis 39 Jahre,B9999,unbestimmt (nur Pst),1,35,39
739986,2021-04-30,504,Salzburg,Männer,bis 19 Jahre,B9999,unbestimmt (nur Pst),1,0,19
740042,2021-04-30,504,Salzburg,Männer,20 bis 24 Jahre,B9999,unbestimmt (nur Pst),1,20,24
740084,2021-04-30,504,Salzburg,Männer,25 bis 29 Jahre,B9999,unbestimmt (nur Pst),1,25,29
740265,2021-04-30,504,Salzburg,Männer,50 bis 54 Jahre,B9999,unbestimmt (nur Pst),1,50,54
740340,2021-04-30,505,Tamsweg,Frauen,45 bis 49 Jahre,B9999,unbestimmt (nur Pst),1,45,49
740385,2021-04-30,506,Zell am See,Frauen,bis 19 Jahre,B9999,unbestimmt (nur Pst),1,0,19
740504,2021-04-30,506,Zell am See,Männer,bis 19 Jahre,B9999,unbestimmt (nur Pst),4,0,19
740518,2021-04-30,506,Zell am See,Männer,20 bis 24 Jahre,B9999,unbestimmt (nur Pst),1,20,24
740619,2021-04-30,601,Bruck/Mur,Frauen,bis 19 Jahre,B9999,unbestimmt (nur Pst),6,0,19
740650,2021-04-30,601,Bruck/Mur,Frauen,20 bis 24 Jahre,B9999,unbestimmt (nur Pst),3,20,24
740761,2021-04-30,601,Bruck/Mur,Männer,bis 19 Jahre,B9999,unbestimmt (nur Pst),6,0,19
741074,2021-04-30,603,Deutschlandsberg,Männer,bis 19 Jahre,B9999,unbestimmt (nur Pst),1,0,19
741188,2021-04-30,604,Feldbach,Frauen,bis 19 Jahre,B9999,unbestimmt (nur Pst),3,0,19
741290,2021-04-30,604,Feldbach,Frauen,40 bis 44 Jahre,B9999,unbestimmt (nur Pst),1,40,44
741356,2021-04-30,604,Feldbach,Männer,bis 19 Jahre,B9999,unbestimmt (nur Pst),1,0,19
741502,2021-04-30,606,Gleisdorf,Frauen,bis 19 Jahre,B9999,unbestimmt (nur Pst),1,0,19
741517,2021-04-30,606,Gleisdorf,Frauen,20 bis 24 Jahre,B9999,unbestimmt (nur Pst),2,20,24
741633,2021-04-30,606,Gleisdorf,Männer,20 bis 24 Jahre,B9999,unbestimmt (nur Pst),2,20,24
741708,2021-04-30,609,Hartberg,Frauen,bis 19 Jahre,B9999,unbestimmt (nur Pst),2,0,19
741888,2021-04-30,609,Hartberg,Männer,bis 19 Jahre,B9999,unbestimmt (nur Pst),3,0,19
741916,2021-04-30,609,Hartberg,Männer,20 bis 24 Jahre,B9999,unbestimmt (nur Pst),1,20,24
742083,2021-04-30,610,Judenburg,Frauen,bis 19 Jahre,B9999,unbestimmt (nur Pst),5,0,19
742240,2021-04-30,610,Judenburg,Männer,bis 19 Jahre,B9999,unbestimmt (nur Pst),1,0,19
742264,2021-04-30,610,Judenburg,Männer,20 bis 24 Jahre,B9999,unbestimmt (nur Pst),2,20,24
742382,2021-04-30,611,Murau,Frauen,bis 19 Jahre,B9999,unbestimmt (nur Pst),1,0,19
742494,2021-04-30,614,Leibnitz,Frauen,bis 19 Jahre,B9999,unbestimmt (nur Pst),1,0,19
742544,2021-04-30,614,Leibnitz,Frauen,25 bis 29 Jahre,B9999,unbestimmt (nur Pst),1,25,29
742672,2021-04-30,614,Leibnitz,Männer,bis 19 Jahre,B9999,unbestimmt (nur Pst),1,0,19
742697,2021-04-30,614,Leibnitz,Männer,20 bis 24 Jahre,B9999,unbestimmt (nur Pst),1,20,24
742800,2021-04-30,616,Leoben,Frauen,bis 19 Jahre,B9999,unbestimmt (nur Pst),1,0,19
742825,2021-04-30,616,Leoben,Frauen,20 bis 24 Jahre,B9999,unbestimmt (nur Pst),2,20,24
742899,2021-04-30,616,Leoben,Frauen,40 bis 44 Jahre,B9999,unbestimmt (nur Pst),1,40,44
742949,2021-04-30,616,Leoben,Männer,bis 19 Jahre,B9999,unbestimmt (nur Pst),2,0,19
742980,2021-04-30,616,Leoben,Männer,20 bis 24 Jahre,B9999,unbestimmt (nur Pst),2,20,24
743370,2021-04-30,621,Mürzzuschlag,Frauen,20 bis 24 Jahre,B9999,unbestimmt (nur Pst),2,20,24
743445,2021-04-30,621,Mürzzuschlag,Männer,bis 19 Jahre,B9999,unbestimmt (nur Pst),1,0,19
743465,2021-04-30,621,Mürzzuschlag,Männer,20 bis 24 Jahre,B9999,unbestimmt (nur Pst),4,20,24
743485,2021-04-30,621,Mürzzuschlag,Männer,25 bis 29 Jahre,B9999,unbestimmt (nur Pst),1,25,29
743572,2021-04-30,622,Voitsberg,Frauen,bis 19 Jahre,B9999,unbestimmt (nur Pst),2,0,19
743597,2021-04-30,622,Voitsberg,Frauen,20 bis 24 Jahre,B9999,unbestimmt (nur Pst),1,20,24
743692,2021-04-30,622,Voitsberg,Männer,bis 19 Jahre,B9999,unbestimmt (nur Pst),1,0,19
743811,2021-04-30,623,Weiz,Frauen,bis 19 Jahre,B9999,unbestimmt (nur Pst),3,0,19
743823,2021-04-30,623,Weiz,Frauen,20 bis 24 Jahre,B9999,unbestimmt (nur Pst),1,20,24
743843,2021-04-30,623,Weiz,Frauen,30 bis 34 Jahre,B9999,unbestimmt (nur Pst),1,30,34
743938,2021-04-30,623,Weiz,Männer,30 bis 34 Jahre,B9999,unbestimmt (nur Pst),2,30,34
743943,2021-04-30,623,Weiz,Männer,35 bis 39 Jahre,B9999,unbestimmt (nur Pst),1,35,39
743950,2021-04-30,623,Weiz,Männer,40 bis 44 Jahre,B9999,unbestimmt (nur Pst),1,40,44
744019,2021-04-30,630,Graz-West und Umgebung,Frauen,bis 19 Jahre,B9999,unbestimmt (nur Pst),4,0,19
744088,2021-04-30,630,Graz-West und Umgebung,Frauen,20 bis 24 Jahre,B9999,unbestimmt (nur Pst),4,20,24
744196,2021-04-30,630,Graz-West und Umgebung,Frauen,30 bis 34 Jahre,B9999,unbestimmt (nur Pst),1,30,34
744446,2021-04-30,630,Graz-West und Umgebung,Männer,bis 19 Jahre,B9999,unbestimmt (nur Pst),8,0,19
744521,2021-04-30,630,Graz-West und Umgebung,Männer,20 bis 24 Jahre,B9999,unbestimmt (nur Pst),2,20,24
744584,2021-04-30,630,Graz-West und Umgebung,Männer,25 bis 29 Jahre,B9999,unbestimmt (nur Pst),1,25,29
744642,2021-04-30,630,Graz-West und Umgebung,Männer,30 bis 34 Jahre,B9999,unbestimmt (nur Pst),1,30,34
744692,2021-04-30,630,Graz-West und Umgebung,Männer,35 bis 39 Jahre,B9999,unbestimmt (nur Pst),2,35,39
744871,2021-04-30,631,Graz-Ost,Frauen,bis 19 Jahre,B9999,unbestimmt (nur Pst),3,0,19
744915,2021-04-30,631,Graz-Ost,Frauen,20 bis 24 Jahre,B9999,unbestimmt (nur Pst),4,20,24
744953,2021-04-30,631,Graz-Ost,Frauen,25 bis 29 Jahre,B9999,unbestimmt (nur Pst),2,25,29
745002,2021-04-30,631,Graz-Ost,Frauen,30 bis 34 Jahre,B9999,unbestimmt (nur Pst),2,30,34
745044,2021-04-30,631,Graz-Ost,Frauen,35 bis 39 Jahre,B9999,unbestimmt (nur Pst),1,35,39
745166,2021-04-30,631,Graz-Ost,Männer,bis 19 Jahre,B9999,unbestimmt (nur Pst),2,0,19
745261,2021-04-30,631,Graz-Ost,Männer,25 bis 29 Jahre,B9999,unbestimmt (nur Pst),1,25,29
745476,2021-04-30,701,Imst,Frauen,bis 19 Jahre,B9999,unbestimmt (nur Pst),1,0,19
745502,2021-04-30,701,Imst,Frauen,25 bis 29 Jahre,B9999,unbestimmt (nur Pst),1,25,29
745528,2021-04-30,701,Imst,Frauen,35 bis 39 Jahre,B9999,unbestimmt (nur Pst),1,35,39
745579,2021-04-30,701,Imst,Männer,20 bis 24 Jahre,B9999,unbestimmt (nur Pst),1,20,24
745591,2021-04-30,701,Imst,Männer,35 bis 39 Jahre,B9999,unbestimmt (nur Pst),1,35,39
745606,2021-04-30,701,Imst,Männer,50 bis 54 Jahre,B9999,unbestimmt (nur Pst),1,50,54
745643,2021-04-30,702,Innsbruck,Frauen,bis 19 Jahre,B9999,unbestimmt (nur Pst),2,0,19
745667,2021-04-30,702,Innsbruck,Frauen,20 bis 24 Jahre,B9999,unbestimmt (nur Pst),1,20,24
745697,2021-04-30,702,Innsbruck,Frauen,25 bis 29 Jahre,B9999,unbestimmt (nur Pst),1,25,29
745828,2021-04-30,702,Innsbruck,Frauen,45 bis 49 Jahre,B9999,unbestimmt (nur Pst),3,45,49
745854,2021-04-30,702,Innsbruck,Frauen,50 bis 54 Jahre,B9999,unbestimmt (nur Pst),1,50,54
745901,2021-04-30,702,Innsbruck,Männer,bis 19 Jahre,B9999,unbestimmt (nur Pst),1,0,19
746048,2021-04-30,702,Innsbruck,Männer,35 bis 39 Jahre,B9999,unbestimmt (nur Pst),1,35,39
746166,2021-04-30,704,Kitzbühel,Frauen,bis 19 Jahre,B9999,unbestimmt (nur Pst),3,0,19
746216,2021-04-30,704,Kitzbühel,Frauen,45 bis 49 Jahre,B9999,unbestimmt (nur Pst),1,45,49
746238,2021-04-30,704,Kitzbühel,Männer,bis 19 Jahre,B9999,unbestimmt (nur Pst),2,0,19
746313,2021-04-30,705,Kufstein,Frauen,bis 19 Jahre,B9999,unbestimmt (nur Pst),6,0,19
746334,2021-04-30,705,Kufstein,Frauen,20 bis 24 Jahre,B9999,unbestimmt (nur Pst),1,20,24
746386,2021-04-30,705,Kufstein,Frauen,35 bis 39 Jahre,B9999,unbestimmt (nur Pst),1,35,39
746454,2021-04-30,705,Kufstein,Männer,bis 19 Jahre,B9999,unbestimmt (nur Pst),6,0,19
746496,2021-04-30,705,Kufstein,Männer,25 bis 29 Jahre,B9999,unbestimmt (nur Pst),1,25,29
746524,2021-04-30,705,Kufstein,Männer,35 bis 39 Jahre,B9999,unbestimmt (nur Pst),1,35,39
746590,2021-04-30,706,Landeck,Frauen,bis 19 Jahre,B9999,unbestimmt (nur Pst),3,0,19
746605,2021-04-30,706,Landeck,Frauen,20 bis 24 Jahre,B9999,unbestimmt (nur Pst),1,20,24
746674,2021-04-30,706,Landeck,Männer,bis 19 Jahre,B9999,unbestimmt (nur Pst),2,0,19
746725,2021-04-30,707,Lienz,Frauen,bis 19 Jahre,B9999,unbestimmt (nur Pst),2,0,19
746799,2021-04-30,707,Lienz,Männer,bis 19 Jahre,B9999,unbestimmt (nur Pst),1,0,19
746809,2021-04-30,707,Lienz,Männer,30 bis 34 Jahre,B9999,unbestimmt (nur Pst),1,30,34
747168,2021-04-30,709,Schwaz,Männer,40 bis 44 Jahre,B9999,unbestimmt (nur Pst),1,40,44
747206,2021-04-30,801,Bludenz,Frauen,bis 19 Jahre,B9999,unbestimmt (nur Pst),3,0,19
747232,2021-04-30,801,Bludenz,Frauen,20 bis 24 Jahre,B9999,unbestimmt (nur Pst),3,20,24
747291,2021-04-30,801,Bludenz,Frauen,35 bis 39 Jahre,B9999,unbestimmt (nur Pst),1,35,39
747354,2021-04-30,801,Bludenz,Männer,bis 19 Jahre,B9999,unbestimmt (nur Pst),2,0,19
747485,2021-04-30,802,Bregenz,Frauen,bis 19 Jahre,B9999,unbestimmt (nur Pst),1,0,19
747517,2021-04-30,802,Bregenz,Frauen,20 bis 24 Jahre,B9999,unbestimmt (nur Pst),2,20,24
747573,2021-04-30,802,Bregenz,Frauen,30 bis 34 Jahre,B9999,unbestimmt (nur Pst),1,30,34
747596,2021-04-30,802,Bregenz,Frauen,35 bis 39 Jahre,B9999,unbestimmt (nur Pst),1,35,39
747686,2021-04-30,802,Bregenz,Männer,bis 19 Jahre,B9999,unbestimmt (nur Pst),1,0,19
747755,2021-04-30,802,Bregenz,Männer,25 bis 29 Jahre,B9999,unbestimmt (nur Pst),2,25,29
747878,2021-04-30,804,Dornbirn,Frauen,bis 19 Jahre,B9999,unbestimmt (nur Pst),1,0,19
747914,2021-04-30,804,Dornbirn,Frauen,20 bis 24 Jahre,B9999,unbestimmt (nur Pst),1,20,24
747942,2021-04-30,804,Dornbirn,Frauen,25 bis 29 Jahre,B9999,unbestimmt (nur Pst),1,25,29
748017,2021-04-30,804,Dornbirn,Frauen,45 bis 49 Jahre,B9999,unbestimmt (nur Pst),1,45,49
748063,2021-04-30,804,Dornbirn,Männer,bis 19 Jahre,B9999,unbestimmt (nur Pst),1,0,19
748093,2021-04-30,804,Dornbirn,Männer,20 bis 24 Jahre,B9999,unbestimmt (nur Pst),1,20,24
748121,2021-04-30,804,Dornbirn,Männer,25 bis 29 Jahre,B9999,unbestimmt (nur Pst),1,25,29
748210,2021-04-30,804,Dornbirn,Männer,50 bis 54 Jahre,B9999,unbestimmt (nur Pst),1,50,54
748235,2021-04-30,805,Feldkirch,Frauen,bis 19 Jahre,B9999,unbestimmt (nur Pst),4,0,19
748263,2021-04-30,805,Feldkirch,Frauen,20 bis 24 Jahre,B9999,unbestimmt (nur Pst),3,20,24
748289,2021-04-30,805,Feldkirch,Frauen,25 bis 29 Jahre,B9999,unbestimmt (nur Pst),6,25,29
748315,2021-04-30,805,Feldkirch,Frauen,30 bis 34 Jahre,B9999,unbestimmt (nur Pst),1,30,34
748336,2021-04-30,805,Feldkirch,Frauen,35 bis 39 Jahre,B9999,unbestimmt (nur Pst),3,35,39
748359,2021-04-30,805,Feldkirch,Frauen,40 bis 44 Jahre,B9999,unbestimmt (nur Pst),1,40,44
748416,2021-04-30,805,Feldkirch,Männer,bis 19 Jahre,B9999,unbestimmt (nur Pst),9,0,19
748456,2021-04-30,805,Feldkirch,Männer,20 bis 24 Jahre,B9999,unbestimmt (nur Pst),3,20,24
748489,2021-04-30,805,Feldkirch,Männer,25 bis 29 Jahre,B9999,unbestimmt (nur Pst),2,25,29
748511,2021-04-30,805,Feldkirch,Männer,30 bis 34 Jahre,B9999,unbestimmt (nur Pst),2,30,34
748533,2021-04-30,805,Feldkirch,Männer,35 bis 39 Jahre,B9999,unbestimmt (nur Pst),1,35,39
748562,2021-04-30,805,Feldkirch,Männer,45 bis 49 Jahre,B9999,unbestimmt (nur Pst),1,45,49
749782,2021-04-30,960,Wien Esteplatz,Frauen,30 bis 34 Jahre,B9999,unbestimmt (nur Pst),1,30,34
749912,2021-04-30,960,Wien Esteplatz,Frauen,45 bis 49 Jahre,B9999,unbestimmt (nur Pst),1,45,49
750940,2021-04-30,963,Wien Währinger Gürtel,Frauen,25 bis 29 Jahre,B9999,unbestimmt (nur Pst),1,25,29
751587,2021-04-30,964,Wien Favoritenstraße,Frauen,30 bis 34 Jahre,B9999,unbestimmt (nur Pst),1,30,34
752618,2021-04-30,965,Wien Schönbrunner Straße,Frauen,45 bis 49 Jahre,B9999,unbestimmt (nur Pst),1,45,49
752757,2021-04-30,965,Wien Schönbrunner Straße,Männer,25 bis 29 Jahre,B9999,unbestimmt (nur Pst),2,25,29
752816,2021-04-30,965,Wien Schönbrunner Straße,Männer,30 bis 34 Jahre,B9999,unbestimmt (nur Pst),3,30,34
752871,2021-04-30,965,Wien Schönbrunner Straße,Männer,35 bis 39 Jahre,B9999,unbestimmt (nur Pst),1,35,39
753292,2021-04-30,966,Wien Hietzinger Kai,Frauen,45 bis 49 Jahre,B9999,unbestimmt (nur Pst),1,45,49
753914,2021-04-30,967,Wien Huttengasse,Frauen,45 bis 49 Jahre,B9999,unbestimmt (nur Pst),1,45,49
754044,2021-04-30,967,Wien Huttengasse,Männer,25 bis 29 Jahre,B9999,unbestimmt (nur Pst),1,25,29
754174,2021-04-30,967,Wien Huttengasse,Männer,35 bis 39 Jahre,B9999,unbestimmt (nur Pst),1,35,39
755835,2021-04-30,974,Wien Austria Campus,Frauen,35 bis 39 Jahre,B9999,unbestimmt (nur Pst),1,35,39
755943,2021-04-30,974,Wien Austria Campus,Frauen,50 bis 54 Jahre,B9999,unbestimmt (nur Pst),1,50,54
756003,2021-04-30,974,Wien Austria Campus,Männer,25 bis 29 Jahre,B9999,unbestimmt (nur Pst),1,25,29
756094,2021-04-30,974,Wien Austria Campus,Männer,35 bis 39 Jahre,B9999,unbestimmt (nur Pst),1,35,39
756835,2021-04-30,976,Wien Jugendliche I,Frauen,bis 19 Jahre,B9999,unbestimmt (nur Pst),2,0,19
756931,2021-04-30,976,Wien Jugendliche I,Frauen,20 bis 24 Jahre,B9999,unbestimmt (nur Pst),8,20,24
757017,2021-04-30,976,Wien Jugendliche I,Männer,bis 19 Jahre,B9999,unbestimmt (nur Pst),4,0,19
757161,2021-04-30,976,Wien Jugendliche I,Männer,20 bis 24 Jahre,B9999,unbestimmt (nur Pst),6,20,24
757352,2021-04-30,977,Wien Jugendliche II,Frauen,20 bis 24 Jahre,B9999,unbestimmt (nur Pst),6,20,24
757441,2021-04-30,977,Wien Jugendliche II,Männer,bis 19 Jahre,B9999,unbestimmt (nur Pst),5,0,19
757579,2021-04-30,977,Wien Jugendliche II,Männer,20 bis 24 Jahre,B9999,unbestimmt (nur Pst),2,20,24
757712,2021-05-31,101,Eisenstadt,Männer,bis 19 Jahre,B9999,unbestimmt (nur Pst),2,0,19
757903,2021-05-31,102,Mattersburg,Männer,25 bis 29 Jahre,B9999,unbestimmt (nur Pst),1,25,29
757921,2021-05-31,102,Mattersburg,Männer,40 bis 44 Jahre,B9999,unbestimmt (nur Pst),1,40,44
758094,2021-05-31,103,Neusiedl am See,Männer,40 bis 44 Jahre,B9999,unbestimmt (nur Pst),1,40,44
758315,2021-05-31,105,Oberwart,Frauen,20 bis 24 Jahre,B9999,unbestimmt (nur Pst),1,20,24
758330,2021-05-31,105,Oberwart,Frauen,25 bis 29 Jahre,B9999,unbestimmt (nur Pst),1,25,29
758577,2021-05-31,106,Stegersbach,Frauen,20 bis 24 Jahre,B9999,unbestimmt (nur Pst),1,20,24
758585,2021-05-31,106,Stegersbach,Frauen,25 bis 29 Jahre,B9999,unbestimmt (nur Pst),1,25,29
758699,2021-05-31,107,Jennersdorf,Frauen,bis 19 Jahre,B9999,unbestimmt (nur Pst),1,0,19
758823,2021-05-31,201,Feldkirchen,Frauen,25 bis 29 Jahre,B9999,unbestimmt (nur Pst),1,25,29
758902,2021-05-31,202,Hermagor,Männer,bis 19 Jahre,B9999,unbestimmt (nur Pst),1,0,19
758936,2021-05-31,203,Klagenfurt,Frauen,bis 19 Jahre,B9999,unbestimmt (nur Pst),2,0,19
758972,2021-05-31,203,Klagenfurt,Frauen,20 bis 24 Jahre,B9999,unbestimmt (nur Pst),4,20,24
758998,2021-05-31,203,Klagenfurt,Frauen,25 bis 29 Jahre,B9999,unbestimmt (nur Pst),3,25,29
759084,2021-05-31,203,Klagenfurt,Frauen,40 bis 44 Jahre,B9999,unbestimmt (nur Pst),2,40,44
759137,2021-05-31,203,Klagenfurt,Frauen,50 bis 54 Jahre,B9999,unbestimmt (nur Pst),1,50,54
759152,2021-05-31,203,Klagenfurt,Frauen,55 bis 59 Jahre,B9999,unbestimmt (nur Pst),1,55,59
759176,2021-05-31,203,Klagenfurt,Männer,bis 19 Jahre,B9999,unbestimmt (nur Pst),4,0,19
759213,2021-05-31,203,Klagenfurt,Männer,20 bis 24 Jahre,B9999,unbestimmt (nur Pst),1,20,24
759243,2021-05-31,203,Klagenfurt,Männer,25 bis 29 Jahre,B9999,unbestimmt (nur Pst),2,25,29
759269,2021-05-31,203,Klagenfurt,Männer,30 bis 34 Jahre,B9999,unbestimmt (nur Pst),2,30,34
759308,2021-05-31,203,Klagenfurt,Männer,40 bis 44 Jahre,B9999,unbestimmt (nur Pst),1,40,44
759326,2021-05-31,203,Klagenfurt,Männer,45 bis 49 Jahre,B9999,unbestimmt (nur Pst),2,45,49
759348,2021-05-31,203,Klagenfurt,Männer,50 bis 54 Jahre,B9999,unbestimmt (nur Pst),1,50,54
759364,2021-05-31,203,Klagenfurt,Männer,55 bis 59 Jahre,B9999,unbestimmt (nur Pst),1,55,59
759490,2021-05-31,204,Spittal/Drau,Männer,bis 19 Jahre,B9999,unbestimmt (nur Pst),4,0,19
759569,2021-05-31,205,St. Veit/Glan,Frauen,bis 19 Jahre,B9999,unbestimmt (nur Pst),1,0,19
759688,2021-05-31,205,St. Veit/Glan,Männer,20 bis 24 Jahre,B9999,unbestimmt (nur Pst),1,20,24
760180,2021-05-31,207,Völkermarkt,Männer,bis 19 Jahre,B9999,unbestimmt (nur Pst),1,0,19
760243,2021-05-31,208,Wolfsberg,Frauen,bis 19 Jahre,B9999,unbestimmt (nur Pst),1,0,19
760286,2021-05-31,208,Wolfsberg,Frauen,30 bis 34 Jahre,B9999,unbestimmt (nur Pst),1,30,34
760340,2021-05-31,208,Wolfsberg,Männer,bis 19 Jahre,B9999,unbestimmt (nur Pst),3,0,19
760441,2021-05-31,301,Amstetten,Frauen,bis 19 Jahre,B9999,unbestimmt (nur Pst),7,0,19
760461,2021-05-31,301,Amstetten,Frauen,20 bis 24 Jahre,B9999,unbestimmt (nur Pst),3,20,24
760476,2021-05-31,301,Amstetten,Frauen,25 bis 29 Jahre,B9999,unbestimmt (nur Pst),1,25,29
760584,2021-05-31,301,Amstetten,Männer,bis 19 Jahre,B9999,unbestimmt (nur Pst),14,0,19
760623,2021-05-31,301,Amstetten,Männer,25 bis 29 Jahre,B9999,unbestimmt (nur Pst),2,25,29
760723,2021-05-31,301,Amstetten,Männer,55 bis 59 Jahre,B9999,unbestimmt (nur Pst),1,55,59
760751,2021-05-31,304,Baden neu,Frauen,bis 19 Jahre,B9999,unbestimmt (nur Pst),4,0,19
760781,2021-05-31,304,Baden neu,Frauen,20 bis 24 Jahre,B9999,unbestimmt (nur Pst),7,20,24
760801,2021-05-31,304,Baden neu,Frauen,25 bis 29 Jahre,B9999,unbestimmt (nur Pst),2,25,29
760943,2021-05-31,304,Baden neu,Männer,bis 19 Jahre,B9999,unbestimmt (nur Pst),5,0,19
761000,2021-05-31,304,Baden neu,Männer,20 bis 24 Jahre,B9999,unbestimmt (nur Pst),4,20,24
761023,2021-05-31,304,Baden neu,Männer,25 bis 29 Jahre,B9999,unbestimmt (nur Pst),1,25,29
761053,2021-05-31,304,Baden neu,Männer,30 bis 34 Jahre,B9999,unbestimmt (nur Pst),1,30,34
761137,2021-05-31,304,Baden neu,Männer,55 bis 59 Jahre,B9999,unbestimmt (nur Pst),1,55,59
761141,2021-05-31,304,Baden neu,Männer,60 bis 64 Jahre,B9999,unbestimmt (nur Pst),1,60,64
761154,2021-05-31,306,Bruck/Leitha,Frauen,bis 19 Jahre,B9999,unbestimmt (nur Pst),4,0,19
761260,2021-05-31,306,Bruck/Leitha,Männer,bis 19 Jahre,B9999,unbestimmt (nur Pst),7,0,19
761287,2021-05-31,306,Bruck/Leitha,Männer,20 bis 24 Jahre,B9999,unbestimmt (nur Pst),2,20,24
761366,2021-05-31,308,Gänserndorf,Frauen,bis 19 Jahre,B9999,unbestimmt (nur Pst),4,0,19
761424,2021-05-31,308,Gänserndorf,Frauen,25 bis 29 Jahre,B9999,unbestimmt (nur Pst),2,25,29
761562,2021-05-31,308,Gänserndorf,Männer,bis 19 Jahre,B9999,unbestimmt (nur Pst),7,0,19
761609,2021-05-31,308,Gänserndorf,Männer,20 bis 24 Jahre,B9999,unbestimmt (nur Pst),1,20,24
761810,2021-05-31,311,Gmünd,Männer,bis 19 Jahre,B9999,unbestimmt (nur Pst),1,0,19
761860,2021-05-31,312,Hollabrunn,Frauen,bis 19 Jahre,B9999,unbestimmt (nur Pst),1,0,19
761890,2021-05-31,312,Hollabrunn,Frauen,25 bis 29 Jahre,B9999,unbestimmt (nur Pst),2,25,29
761998,2021-05-31,312,Hollabrunn,Männer,20 bis 24 Jahre,B9999,unbestimmt (nur Pst),1,20,24
762006,2021-05-31,312,Hollabrunn,Männer,25 bis 29 Jahre,B9999,unbestimmt (nur Pst),1,25,29
762056,2021-05-31,313,Horn,Frauen,bis 19 Jahre,B9999,unbestimmt (nur Pst),1,0,19
762068,2021-05-31,313,Horn,Frauen,20 bis 24 Jahre,B9999,unbestimmt (nur Pst),1,20,24
762110,2021-05-31,313,Horn,Männer,bis 19 Jahre,B9999,unbestimmt (nur Pst),1,0,19
762121,2021-05-31,313,Horn,Männer,20 bis 24 Jahre,B9999,unbestimmt (nur Pst),1,20,24
762133,2021-05-31,313,Horn,Männer,25 bis 29 Jahre,B9999,unbestimmt (nur Pst),1,25,29
762171,2021-05-31,314,Korneuburg,Frauen,bis 19 Jahre,B9999,unbestimmt (nur Pst),2,0,19
762197,2021-05-31,314,Korneuburg,Frauen,20 bis 24 Jahre,B9999,unbestimmt (nur Pst),3,20,24
762323,2021-05-31,314,Korneuburg,Männer,bis 19 Jahre,B9999,unbestimmt (nur Pst),8,0,19
762354,2021-05-31,314,Korneuburg,Männer,20 bis 24 Jahre,B9999,unbestimmt (nur Pst),2,20,24
762456,2021-05-31,315,Krems,Frauen,bis 19 Jahre,B9999,unbestimmt (nur Pst),3,0,19
762598,2021-05-31,315,Krems,Männer,bis 19 Jahre,B9999,unbestimmt (nur Pst),2,0,19
762678,2021-05-31,315,Krems,Männer,35 bis 39 Jahre,B9999,unbestimmt (nur Pst),1,35,39
762737,2021-05-31,316,Lilienfeld,Frauen,20 bis 24 Jahre,B9999,unbestimmt (nur Pst),1,20,24
762760,2021-05-31,316,Lilienfeld,Frauen,35 bis 39 Jahre,B9999,unbestimmt (nur Pst),1,35,39
762767,2021-05-31,316,Lilienfeld,Frauen,40 bis 44 Jahre,B9999,unbestimmt (nur Pst),1,40,44
762817,2021-05-31,316,Lilienfeld,Männer,35 bis 39 Jahre,B9999,unbestimmt (nur Pst),1,35,39
763114,2021-05-31,319,Mistelbach,Frauen,bis 19 Jahre,B9999,unbestimmt (nur Pst),4,0,19
763128,2021-05-31,319,Mistelbach,Frauen,20 bis 24 Jahre,B9999,unbestimmt (nur Pst),1,20,24
763226,2021-05-31,319,Mistelbach,Männer,bis 19 Jahre,B9999,unbestimmt (nur Pst),3,0,19
763247,2021-05-31,319,Mistelbach,Männer,20 bis 24 Jahre,B9999,unbestimmt (nur Pst),1,20,24
763258,2021-05-31,319,Mistelbach,Männer,25 bis 29 Jahre,B9999,unbestimmt (nur Pst),1,25,29
763337,2021-05-31,321,Mödling,Frauen,bis 19 Jahre,B9999,unbestimmt (nur Pst),5,0,19
763386,2021-05-31,321,Mödling,Frauen,25 bis 29 Jahre,B9999,unbestimmt (nur Pst),2,25,29
763536,2021-05-31,321,Mödling,Männer,bis 19 Jahre,B9999,unbestimmt (nur Pst),3,0,19
763568,2021-05-31,321,Mödling,Männer,20 bis 24 Jahre,B9999,unbestimmt (nur Pst),4,20,24
763598,2021-05-31,321,Mödling,Männer,30 bis 34 Jahre,B9999,unbestimmt (nur Pst),1,30,34
763701,2021-05-31,323,Neunkirchen,Frauen,bis 19 Jahre,B9999,unbestimmt (nur Pst),3,0,19
764025,2021-05-31,326,St. Pölten,Frauen,bis 19 Jahre,B9999,unbestimmt (nur Pst),15,0,19
764055,2021-05-31,326,St. Pölten,Frauen,20 bis 24 Jahre,B9999,unbestimmt (nur Pst),5,20,24
764172,2021-05-31,326,St. Pölten,Frauen,40 bis 44 Jahre,B9999,unbestimmt (nur Pst),1,40,44
764254,2021-05-31,326,St. Pölten,Männer,bis 19 Jahre,B9999,unbestimmt (nur Pst),9,0,19
764296,2021-05-31,326,St. Pölten,Männer,20 bis 24 Jahre,B9999,unbestimmt (nur Pst),2,20,24
764329,2021-05-31,326,St. Pölten,Männer,25 bis 29 Jahre,B9999,unbestimmt (nur Pst),1,25,29
764446,2021-05-31,326,St. Pölten,Männer,45 bis 49 Jahre,B9999,unbestimmt (nur Pst),1,45,49
764506,2021-05-31,328,Scheibbs,Frauen,bis 19 Jahre,B9999,unbestimmt (nur Pst),3,0,19
764517,2021-05-31,328,Scheibbs,Frauen,20 bis 24 Jahre,B9999,unbestimmt (nur Pst),1,20,24
764581,2021-05-31,328,Scheibbs,Männer,bis 19 Jahre,B9999,unbestimmt (nur Pst),4,0,19
764590,2021-05-31,328,Scheibbs,Männer,20 bis 24 Jahre,B9999,unbestimmt (nur Pst),1,20,24
764648,2021-05-31,329,Schwechat,Frauen,bis 19 Jahre,B9999,unbestimmt (nur Pst),1,0,19
764799,2021-05-31,329,Schwechat,Männer,bis 19 Jahre,B9999,unbestimmt (nur Pst),3,0,19
764923,2021-05-31,331,Tulln,Frauen,bis 19 Jahre,B9999,unbestimmt (nur Pst),3,0,19
764940,2021-05-31,331,Tulln,Frauen,20 bis 24 Jahre,B9999,unbestimmt (nur Pst),1,20,24
765081,2021-05-31,331,Tulln,Männer,bis 19 Jahre,B9999,unbestimmt (nur Pst),7,0,19
765112,2021-05-31,331,Tulln,Männer,20 bis 24 Jahre,B9999,unbestimmt (nur Pst),1,20,24
765152,2021-05-31,331,Tulln,Männer,35 bis 39 Jahre,B9999,unbestimmt (nur Pst),1,35,39
765213,2021-05-31,332,Waidhofen/Thaya,Frauen,bis 19 Jahre,B9999,unbestimmt (nur Pst),3,0,19
765274,2021-05-31,332,Waidhofen/Thaya,Männer,bis 19 Jahre,B9999,unbestimmt (nur Pst),2,0,19
765317,2021-05-31,333,Waidhofen/Ybbs,Frauen,bis 19 Jahre,B9999,unbestimmt (nur Pst),1,0,19
765370,2021-05-31,333,Waidhofen/Ybbs,Männer,bis 19 Jahre,B9999,unbestimmt (nur Pst),2,0,19
765425,2021-05-31,334,Wr. Neustadt,Frauen,bis 19 Jahre,B9999,unbestimmt (nur Pst),3,0,19
765939,2021-05-31,401,Braunau,Frauen,bis 19 Jahre,B9999,unbestimmt (nur Pst),15,0,19
765962,2021-05-31,401,Braunau,Frauen,20 bis 24 Jahre,B9999,unbestimmt (nur Pst),5,20,24
765985,2021-05-31,401,Braunau,Frauen,25 bis 29 Jahre,B9999,unbestimmt (nur Pst),4,25,29
766022,2021-05-31,401,Braunau,Frauen,35 bis 39 Jahre,B9999,unbestimmt (nur Pst),1,35,39
766058,2021-05-31,401,Braunau,Frauen,45 bis 49 Jahre,B9999,unbestimmt (nur Pst),1,45,49
766074,2021-05-31,401,Braunau,Frauen,50 bis 54 Jahre,B9999,unbestimmt (nur Pst),1,50,54
766102,2021-05-31,401,Braunau,Männer,bis 19 Jahre,B9999,unbestimmt (nur Pst),16,0,19
766133,2021-05-31,401,Braunau,Männer,20 bis 24 Jahre,B9999,unbestimmt (nur Pst),4,20,24
766153,2021-05-31,401,Braunau,Männer,25 bis 29 Jahre,B9999,unbestimmt (nur Pst),2,25,29
766170,2021-05-31,401,Braunau,Männer,30 bis 34 Jahre,B9999,unbestimmt (nur Pst),2,30,34
766213,2021-05-31,401,Braunau,Männer,45 bis 49 Jahre,B9999,unbestimmt (nur Pst),2,45,49
766228,2021-05-31,401,Braunau,Männer,50 bis 54 Jahre,B9999,unbestimmt (nur Pst),1,50,54
766262,2021-05-31,402,Eferding,Frauen,20 bis 24 Jahre,B9999,unbestimmt (nur Pst),1,20,24
766268,2021-05-31,402,Eferding,Frauen,25 bis 29 Jahre,B9999,unbestimmt (nur Pst),1,25,29
766289,2021-05-31,402,Eferding,Frauen,35 bis 39 Jahre,B9999,unbestimmt (nur Pst),1,35,39
766297,2021-05-31,402,Eferding,Frauen,40 bis 44 Jahre,B9999,unbestimmt (nur Pst),1,40,44
766333,2021-05-31,402,Eferding,Männer,20 bis 24 Jahre,B9999,unbestimmt (nur Pst),1,20,24
766365,2021-05-31,402,Eferding,Männer,45 bis 49 Jahre,B9999,unbestimmt (nur Pst),1,45,49
766377,2021-05-31,402,Eferding,Männer,55 bis 59 Jahre,B9999,unbestimmt (nur Pst),1,55,59
766429,2021-05-31,403,Freistadt,Frauen,25 bis 29 Jahre,B9999,unbestimmt (nur Pst),1,25,29
766524,2021-05-31,403,Freistadt,Männer,20 bis 24 Jahre,B9999,unbestimmt (nur Pst),1,20,24
766606,2021-05-31,404,Gmunden,Frauen,bis 19 Jahre,B9999,unbestimmt (nur Pst),8,0,19
766782,2021-05-31,404,Gmunden,Männer,bis 19 Jahre,B9999,unbestimmt (nur Pst),5,0,19
766808,2021-05-31,404,Gmunden,Männer,20 bis 24 Jahre,B9999,unbestimmt (nur Pst),1,20,24
767046,2021-05-31,406,Grieskirchen,Männer,bis 19 Jahre,B9999,unbestimmt (nur Pst),1,0,19
767119,2021-05-31,407,Kirchdorf/Krems,Frauen,bis 19 Jahre,B9999,unbestimmt (nur Pst),2,0,19
767155,2021-05-31,407,Kirchdorf/Krems,Frauen,25 bis 29 Jahre,B9999,unbestimmt (nur Pst),1,25,29
767171,2021-05-31,407,Kirchdorf/Krems,Frauen,30 bis 34 Jahre,B9999,unbestimmt (nur Pst),1,30,34
767243,2021-05-31,407,Kirchdorf/Krems,Männer,bis 19 Jahre,B9999,unbestimmt (nur Pst),2,0,19
767266,2021-05-31,407,Kirchdorf/Krems,Männer,20 bis 24 Jahre,B9999,unbestimmt (nur Pst),1,20,24
767353,2021-05-31,409,Linz neu,Frauen,bis 19 Jahre,B9999,unbestimmt (nur Pst),18,0,19
767396,2021-05-31,409,Linz neu,Frauen,20 bis 24 Jahre,B9999,unbestimmt (nur Pst),7,20,24
767447,2021-05-31,409,Linz neu,Frauen,25 bis 29 Jahre,B9999,unbestimmt (nur Pst),3,25,29
767492,2021-05-31,409,Linz neu,Frauen,30 bis 34 Jahre,B9999,unbestimmt (nur Pst),4,30,34
767537,2021-05-31,409,Linz neu,Frauen,35 bis 39 Jahre,B9999,unbestimmt (nur Pst),1,35,39
767578,2021-05-31,409,Linz neu,Frauen,40 bis 44 Jahre,B9999,unbestimmt (nur Pst),2,40,44
767608,2021-05-31,409,Linz neu,Frauen,45 bis 49 Jahre,B9999,unbestimmt (nur Pst),2,45,49
767652,2021-05-31,409,Linz neu,Frauen,55 bis 59 Jahre,B9999,unbestimmt (nur Pst),1,55,59
767691,2021-05-31,409,Linz neu,Männer,bis 19 Jahre,B9999,unbestimmt (nur Pst),19,0,19
767747,2021-05-31,409,Linz neu,Männer,20 bis 24 Jahre,B9999,unbestimmt (nur Pst),11,20,24
767809,2021-05-31,409,Linz neu,Männer,25 bis 29 Jahre,B9999,unbestimmt (nur Pst),4,25,29
767863,2021-05-31,409,Linz neu,Männer,30 bis 34 Jahre,B9999,unbestimmt (nur Pst),3,30,34
767914,2021-05-31,409,Linz neu,Männer,35 bis 39 Jahre,B9999,unbestimmt (nur Pst),1,35,39
767959,2021-05-31,409,Linz neu,Männer,40 bis 44 Jahre,B9999,unbestimmt (nur Pst),2,40,44
768051,2021-05-31,409,Linz neu,Männer,55 bis 59 Jahre,B9999,unbestimmt (nur Pst),3,55,59
768086,2021-05-31,411,Perg,Frauen,20 bis 24 Jahre,B9999,unbestimmt (nur Pst),1,20,24
768232,2021-05-31,411,Perg,Männer,20 bis 24 Jahre,B9999,unbestimmt (nur Pst),2,20,24
768322,2021-05-31,411,Perg,Männer,55 bis 59 Jahre,B9999,unbestimmt (nur Pst),1,55,59
768340,2021-05-31,412,Ried im Innkreis,Frauen,bis 19 Jahre,B9999,unbestimmt (nur Pst),11,0,19
768373,2021-05-31,412,Ried im Innkreis,Frauen,25 bis 29 Jahre,B9999,unbestimmt (nur Pst),3,25,29
768405,2021-05-31,412,Ried im Innkreis,Frauen,35 bis 39 Jahre,B9999,unbestimmt (nur Pst),1,35,39
768421,2021-05-31,412,Ried im Innkreis,Frauen,40 bis 44 Jahre,B9999,unbestimmt (nur Pst),2,40,44
768435,2021-05-31,412,Ried im Innkreis,Frauen,45 bis 49 Jahre,B9999,unbestimmt (nur Pst),1,45,49
768469,2021-05-31,412,Ried im Innkreis,Männer,bis 19 Jahre,B9999,unbestimmt (nur Pst),7,0,19
768494,2021-05-31,412,Ried im Innkreis,Männer,20 bis 24 Jahre,B9999,unbestimmt (nur Pst),1,20,24
768510,2021-05-31,412,Ried im Innkreis,Männer,25 bis 29 Jahre,B9999,unbestimmt (nur Pst),1,25,29
768589,2021-05-31,413,Rohrbach,Frauen,20 bis 24 Jahre,B9999,unbestimmt (nur Pst),1,20,24
768599,2021-05-31,413,Rohrbach,Frauen,25 bis 29 Jahre,B9999,unbestimmt (nur Pst),1,25,29
768659,2021-05-31,413,Rohrbach,Männer,20 bis 24 Jahre,B9999,unbestimmt (nur Pst),2,20,24
768685,2021-05-31,413,Rohrbach,Männer,35 bis 39 Jahre,B9999,unbestimmt (nur Pst),2,35,39
768722,2021-05-31,414,Schärding,Frauen,bis 19 Jahre,B9999,unbestimmt (nur Pst),1,0,19
768737,2021-05-31,414,Schärding,Frauen,20 bis 24 Jahre,B9999,unbestimmt (nur Pst),1,20,24
768756,2021-05-31,414,Schärding,Frauen,30 bis 34 Jahre,B9999,unbestimmt (nur Pst),1,30,34
768801,2021-05-31,414,Schärding,Männer,bis 19 Jahre,B9999,unbestimmt (nur Pst),1,0,19
768882,2021-05-31,415,Steyr,Frauen,bis 19 Jahre,B9999,unbestimmt (nur Pst),10,0,19
768910,2021-05-31,415,Steyr,Frauen,20 bis 24 Jahre,B9999,unbestimmt (nur Pst),8,20,24
768936,2021-05-31,415,Steyr,Frauen,25 bis 29 Jahre,B9999,unbestimmt (nur Pst),2,25,29
768966,2021-05-31,415,Steyr,Frauen,30 bis 34 Jahre,B9999,unbestimmt (nur Pst),1,30,34
768984,2021-05-31,415,Steyr,Frauen,35 bis 39 Jahre,B9999,unbestimmt (nur Pst),1,35,39
769002,2021-05-31,415,Steyr,Frauen,40 bis 44 Jahre,B9999,unbestimmt (nur Pst),1,40,44
769069,2021-05-31,415,Steyr,Männer,bis 19 Jahre,B9999,unbestimmt (nur Pst),7,0,19
769103,2021-05-31,415,Steyr,Männer,20 bis 24 Jahre,B9999,unbestimmt (nur Pst),3,20,24
769239,2021-05-31,418,Vöcklabruck,Frauen,bis 19 Jahre,B9999,unbestimmt (nur Pst),4,0,19
769430,2021-05-31,418,Vöcklabruck,Männer,bis 19 Jahre,B9999,unbestimmt (nur Pst),4,0,19
769454,2021-05-31,418,Vöcklabruck,Männer,20 bis 24 Jahre,B9999,unbestimmt (nur Pst),2,20,24
769613,2021-05-31,419,Wels,Frauen,bis 19 Jahre,B9999,unbestimmt (nur Pst),1,0,19
769638,2021-05-31,419,Wels,Frauen,20 bis 24 Jahre,B9999,unbestimmt (nur Pst),1,20,24
769682,2021-05-31,419,Wels,Frauen,30 bis 34 Jahre,B9999,unbestimmt (nur Pst),1,30,34
769744,2021-05-31,419,Wels,Frauen,45 bis 49 Jahre,B9999,unbestimmt (nur Pst),2,45,49
769807,2021-05-31,419,Wels,Männer,bis 19 Jahre,B9999,unbestimmt (nur Pst),3,0,19
769993,2021-05-31,421,Traun,Frauen,bis 19 Jahre,B9999,unbestimmt (nur Pst),4,0,19
770020,2021-05-31,421,Traun,Frauen,20 bis 24 Jahre,B9999,unbestimmt (nur Pst),2,20,24
770049,2021-05-31,421,Traun,Frauen,25 bis 29 Jahre,B9999,unbestimmt (nur Pst),1,25,29
770072,2021-05-31,421,Traun,Frauen,30 bis 34 Jahre,B9999,unbestimmt (nur Pst),2,30,34
770098,2021-05-31,421,Traun,Frauen,35 bis 39 Jahre,B9999,unbestimmt (nur Pst),1,35,39
770155,2021-05-31,421,Traun,Frauen,45 bis 49 Jahre,B9999,unbestimmt (nur Pst),1,45,49
770222,2021-05-31,421,Traun,Männer,bis 19 Jahre,B9999,unbestimmt (nur Pst),2,0,19
770247,2021-05-31,421,Traun,Männer,20 bis 24 Jahre,B9999,unbestimmt (nur Pst),2,20,24
770389,2021-05-31,421,Traun,Männer,50 bis 54 Jahre,B9999,unbestimmt (nur Pst),1,50,54
770427,2021-05-31,501,Bischofshofen,Frauen,bis 19 Jahre,B9999,unbestimmt (nur Pst),1,0,19
770501,2021-05-31,501,Bischofshofen,Frauen,30 bis 34 Jahre,B9999,unbestimmt (nur Pst),1,30,34
770522,2021-05-31,501,Bischofshofen,Frauen,35 bis 39 Jahre,B9999,unbestimmt (nur Pst),1,35,39
770813,2021-05-31,503,Hallein,Männer,bis 19 Jahre,B9999,unbestimmt (nur Pst),2,0,19
771091,2021-05-31,504,Salzburg,Frauen,35 bis 39 Jahre,B9999,unbestimmt (nur Pst),1,35,39
771243,2021-05-31,504,Salzburg,Männer,bis 19 Jahre,B9999,unbestimmt (nur Pst),1,0,19
771300,2021-05-31,504,Salzburg,Männer,20 bis 24 Jahre,B9999,unbestimmt (nur Pst),1,20,24
771339,2021-05-31,504,Salzburg,Männer,25 bis 29 Jahre,B9999,unbestimmt (nur Pst),1,25,29
771516,2021-05-31,504,Salzburg,Männer,50 bis 54 Jahre,B9999,unbestimmt (nur Pst),1,50,54
771730,2021-05-31,506,Zell am See,Männer,bis 19 Jahre,B9999,unbestimmt (nur Pst),3,0,19
771742,2021-05-31,506,Zell am See,Männer,20 bis 24 Jahre,B9999,unbestimmt (nur Pst),1,20,24
771761,2021-05-31,506,Zell am See,Männer,30 bis 34 Jahre,B9999,unbestimmt (nur Pst),1,30,34
771820,2021-05-31,601,Bruck/Mur,Frauen,bis 19 Jahre,B9999,unbestimmt (nur Pst),6,0,19
771848,2021-05-31,601,Bruck/Mur,Frauen,20 bis 24 Jahre,B9999,unbestimmt (nur Pst),3,20,24
771960,2021-05-31,601,Bruck/Mur,Männer,bis 19 Jahre,B9999,unbestimmt (nur Pst),5,0,19
772388,2021-05-31,604,Feldbach,Frauen,bis 19 Jahre,B9999,unbestimmt (nur Pst),3,0,19
772483,2021-05-31,604,Feldbach,Frauen,40 bis 44 Jahre,B9999,unbestimmt (nur Pst),1,40,44
772548,2021-05-31,604,Feldbach,Männer,bis 19 Jahre,B9999,unbestimmt (nur Pst),1,0,19
772701,2021-05-31,606,Gleisdorf,Frauen,bis 19 Jahre,B9999,unbestimmt (nur Pst),2,0,19
772717,2021-05-31,606,Gleisdorf,Frauen,20 bis 24 Jahre,B9999,unbestimmt (nur Pst),2,20,24
772828,2021-05-31,606,Gleisdorf,Männer,20 bis 24 Jahre,B9999,unbestimmt (nur Pst),2,20,24
772908,2021-05-31,609,Hartberg,Frauen,bis 19 Jahre,B9999,unbestimmt (nur Pst),2,0,19
773093,2021-05-31,609,Hartberg,Männer,bis 19 Jahre,B9999,unbestimmt (nur Pst),4,0,19
773120,2021-05-31,609,Hartberg,Männer,20 bis 24 Jahre,B9999,unbestimmt (nur Pst),2,20,24
773282,2021-05-31,610,Judenburg,Frauen,bis 19 Jahre,B9999,unbestimmt (nur Pst),4,0,19
773438,2021-05-31,610,Judenburg,Männer,bis 19 Jahre,B9999,unbestimmt (nur Pst),1,0,19
773461,2021-05-31,610,Judenburg,Männer,20 bis 24 Jahre,B9999,unbestimmt (nur Pst),1,20,24
773546,2021-05-31,610,Judenburg,Männer,50 bis 54 Jahre,B9999,unbestimmt (nur Pst),1,50,54
773568,2021-05-31,611,Murau,Frauen,bis 19 Jahre,B9999,unbestimmt (nur Pst),1,0,19
773673,2021-05-31,614,Leibnitz,Frauen,bis 19 Jahre,B9999,unbestimmt (nur Pst),1,0,19
773721,2021-05-31,614,Leibnitz,Frauen,25 bis 29 Jahre,B9999,unbestimmt (nur Pst),1,25,29
773851,2021-05-31,614,Leibnitz,Männer,bis 19 Jahre,B9999,unbestimmt (nur Pst),2,0,19
773876,2021-05-31,614,Leibnitz,Männer,20 bis 24 Jahre,B9999,unbestimmt (nur Pst),1,20,24
773972,2021-05-31,616,Leoben,Frauen,bis 19 Jahre,B9999,unbestimmt (nur Pst),1,0,19
773994,2021-05-31,616,Leoben,Frauen,20 bis 24 Jahre,B9999,unbestimmt (nur Pst),2,20,24
774063,2021-05-31,616,Leoben,Frauen,40 bis 44 Jahre,B9999,unbestimmt (nur Pst),1,40,44
774116,2021-05-31,616,Leoben,Männer,bis 19 Jahre,B9999,unbestimmt (nur Pst),2,0,19
774147,2021-05-31,616,Leoben,Männer,20 bis 24 Jahre,B9999,unbestimmt (nur Pst),3,20,24
774498,2021-05-31,621,Mürzzuschlag,Frauen,20 bis 24 Jahre,B9999,unbestimmt (nur Pst),2,20,24
774584,2021-05-31,621,Mürzzuschlag,Männer,bis 19 Jahre,B9999,unbestimmt (nur Pst),1,0,19
774600,2021-05-31,621,Mürzzuschlag,Männer,20 bis 24 Jahre,B9999,unbestimmt (nur Pst),3,20,24
774619,2021-05-31,621,Mürzzuschlag,Männer,25 bis 29 Jahre,B9999,unbestimmt (nur Pst),1,25,29
774699,2021-05-31,622,Voitsberg,Frauen,bis 19 Jahre,B9999,unbestimmt (nur Pst),4,0,19
774720,2021-05-31,622,Voitsberg,Frauen,20 bis 24 Jahre,B9999,unbestimmt (nur Pst),1,20,24
774823,2021-05-31,622,Voitsberg,Männer,bis 19 Jahre,B9999,unbestimmt (nur Pst),1,0,19
774932,2021-05-31,623,Weiz,Frauen,bis 19 Jahre,B9999,unbestimmt (nur Pst),4,0,19
774945,2021-05-31,623,Weiz,Frauen,20 bis 24 Jahre,B9999,unbestimmt (nur Pst),1,20,24
774965,2021-05-31,623,Weiz,Frauen,30 bis 34 Jahre,B9999,unbestimmt (nur Pst),1,30,34
775051,2021-05-31,623,Weiz,Männer,30 bis 34 Jahre,B9999,unbestimmt (nur Pst),2,30,34
775055,2021-05-31,623,Weiz,Männer,35 bis 39 Jahre,B9999,unbestimmt (nur Pst),1,35,39
775061,2021-05-31,623,Weiz,Männer,40 bis 44 Jahre,B9999,unbestimmt (nur Pst),1,40,44
775128,2021-05-31,630,Graz-West und Umgebung,Frauen,bis 19 Jahre,B9999,unbestimmt (nur Pst),4,0,19
775193,2021-05-31,630,Graz-West und Umgebung,Frauen,20 bis 24 Jahre,B9999,unbestimmt (nur Pst),4,20,24
775304,2021-05-31,630,Graz-West und Umgebung,Frauen,30 bis 34 Jahre,B9999,unbestimmt (nur Pst),1,30,34
775547,2021-05-31,630,Graz-West und Umgebung,Männer,bis 19 Jahre,B9999,unbestimmt (nur Pst),7,0,19
775613,2021-05-31,630,Graz-West und Umgebung,Männer,20 bis 24 Jahre,B9999,unbestimmt (nur Pst),2,20,24
775673,2021-05-31,630,Graz-West und Umgebung,Männer,25 bis 29 Jahre,B9999,unbestimmt (nur Pst),1,25,29
775730,2021-05-31,630,Graz-West und Umgebung,Männer,30 bis 34 Jahre,B9999,unbestimmt (nur Pst),1,30,34
775783,2021-05-31,630,Graz-West und Umgebung,Männer,35 bis 39 Jahre,B9999,unbestimmt (nur Pst),2,35,39
775976,2021-05-31,631,Graz-Ost,Frauen,bis 19 Jahre,B9999,unbestimmt (nur Pst),3,0,19
776018,2021-05-31,631,Graz-Ost,Frauen,20 bis 24 Jahre,B9999,unbestimmt (nur Pst),1,20,24
776053,2021-05-31,631,Graz-Ost,Frauen,25 bis 29 Jahre,B9999,unbestimmt (nur Pst),2,25,29
776099,2021-05-31,631,Graz-Ost,Frauen,30 bis 34 Jahre,B9999,unbestimmt (nur Pst),3,30,34
776137,2021-05-31,631,Graz-Ost,Frauen,35 bis 39 Jahre,B9999,unbestimmt (nur Pst),1,35,39
776263,2021-05-31,631,Graz-Ost,Männer,bis 19 Jahre,B9999,unbestimmt (nur Pst),2,0,19
776567,2021-05-31,701,Imst,Frauen,bis 19 Jahre,B9999,unbestimmt (nur Pst),1,0,19
776615,2021-05-31,701,Imst,Frauen,35 bis 39 Jahre,B9999,unbestimmt (nur Pst),1,35,39
776656,2021-05-31,701,Imst,Männer,20 bis 24 Jahre,B9999,unbestimmt (nur Pst),1,20,24
776674,2021-05-31,701,Imst,Männer,35 bis 39 Jahre,B9999,unbestimmt (nur Pst),1,35,39
776683,2021-05-31,701,Imst,Männer,50 bis 54 Jahre,B9999,unbestimmt (nur Pst),1,50,54
776712,2021-05-31,702,Innsbruck,Frauen,bis 19 Jahre,B9999,unbestimmt (nur Pst),3,0,19
776739,2021-05-31,702,Innsbruck,Frauen,20 bis 24 Jahre,B9999,unbestimmt (nur Pst),1,20,24
776767,2021-05-31,702,Innsbruck,Frauen,25 bis 29 Jahre,B9999,unbestimmt (nur Pst),1,25,29
776899,2021-05-31,702,Innsbruck,Frauen,45 bis 49 Jahre,B9999,unbestimmt (nur Pst),4,45,49
776923,2021-05-31,702,Innsbruck,Frauen,50 bis 54 Jahre,B9999,unbestimmt (nur Pst),1,50,54
776972,2021-05-31,702,Innsbruck,Männer,bis 19 Jahre,B9999,unbestimmt (nur Pst),1,0,19
777133,2021-05-31,702,Innsbruck,Männer,35 bis 39 Jahre,B9999,unbestimmt (nur Pst),1,35,39
777254,2021-05-31,704,Kitzbühel,Frauen,bis 19 Jahre,B9999,unbestimmt (nur Pst),3,0,19
777319,2021-05-31,704,Kitzbühel,Männer,bis 19 Jahre,B9999,unbestimmt (nur Pst),2,0,19
777394,2021-05-31,705,Kufstein,Frauen,bis 19 Jahre,B9999,unbestimmt (nur Pst),5,0,19
777415,2021-05-31,705,Kufstein,Frauen,20 bis 24 Jahre,B9999,unbestimmt (nur Pst),1,20,24
777485,2021-05-31,705,Kufstein,Frauen,40 bis 44 Jahre,B9999,unbestimmt (nur Pst),1,40,44
777537,2021-05-31,705,Kufstein,Männer,bis 19 Jahre,B9999,unbestimmt (nur Pst),6,0,19
777581,2021-05-31,705,Kufstein,Männer,25 bis 29 Jahre,B9999,unbestimmt (nur Pst),1,25,29
777610,2021-05-31,705,Kufstein,Männer,35 bis 39 Jahre,B9999,unbestimmt (nur Pst),1,35,39
777623,2021-05-31,705,Kufstein,Männer,40 bis 44 Jahre,B9999,unbestimmt (nur Pst),1,40,44
777667,2021-05-31,706,Landeck,Frauen,bis 19 Jahre,B9999,unbestimmt (nur Pst),2,0,19
777678,2021-05-31,706,Landeck,Frauen,20 bis 24 Jahre,B9999,unbestimmt (nur Pst),1,20,24
777743,2021-05-31,706,Landeck,Männer,bis 19 Jahre,B9999,unbestimmt (nur Pst),1,0,19
777786,2021-05-31,707,Lienz,Frauen,bis 19 Jahre,B9999,unbestimmt (nur Pst),2,0,19
777857,2021-05-31,707,Lienz,Männer,bis 19 Jahre,B9999,unbestimmt (nur Pst),1,0,19
777871,2021-05-31,707,Lienz,Männer,30 bis 34 Jahre,B9999,unbestimmt (nur Pst),1,30,34
778197,2021-05-31,709,Schwaz,Männer,40 bis 44 Jahre,B9999,unbestimmt (nur Pst),1,40,44
778231,2021-05-31,801,Bludenz,Frauen,bis 19 Jahre,B9999,unbestimmt (nur Pst),2,0,19
778254,2021-05-31,801,Bludenz,Frauen,20 bis 24 Jahre,B9999,unbestimmt (nur Pst),3,20,24
778359,2021-05-31,801,Bludenz,Männer,bis 19 Jahre,B9999,unbestimmt (nur Pst),1,0,19
778401,2021-05-31,801,Bludenz,Männer,25 bis 29 Jahre,B9999,unbestimmt (nur Pst),1,25,29
778476,2021-05-31,802,Bregenz,Frauen,bis 19 Jahre,B9999,unbestimmt (nur Pst),1,0,19
778506,2021-05-31,802,Bregenz,Frauen,20 bis 24 Jahre,B9999,unbestimmt (nur Pst),2,20,24
778561,2021-05-31,802,Bregenz,Frauen,30 bis 34 Jahre,B9999,unbestimmt (nur Pst),2,30,34
778586,2021-05-31,802,Bregenz,Frauen,35 bis 39 Jahre,B9999,unbestimmt (nur Pst),1,35,39
778678,2021-05-31,802,Bregenz,Männer,bis 19 Jahre,B9999,unbestimmt (nur Pst),1,0,19
778744,2021-05-31,802,Bregenz,Männer,25 bis 29 Jahre,B9999,unbestimmt (nur Pst),1,25,29
778863,2021-05-31,804,Dornbirn,Frauen,bis 19 Jahre,B9999,unbestimmt (nur Pst),1,0,19
778899,2021-05-31,804,Dornbirn,Frauen,20 bis 24 Jahre,B9999,unbestimmt (nur Pst),1,20,24
779007,2021-05-31,804,Dornbirn,Frauen,45 bis 49 Jahre,B9999,unbestimmt (nur Pst),1,45,49
779083,2021-05-31,804,Dornbirn,Männer,20 bis 24 Jahre,B9999,unbestimmt (nur Pst),1,20,24
779108,2021-05-31,804,Dornbirn,Männer,25 bis 29 Jahre,B9999,unbestimmt (nur Pst),1,25,29
779204,2021-05-31,804,Dornbirn,Männer,50 bis 54 Jahre,B9999,unbestimmt (nur Pst),1,50,54
779232,2021-05-31,805,Feldkirch,Frauen,bis 19 Jahre,B9999,unbestimmt (nur Pst),5,0,19
779264,2021-05-31,805,Feldkirch,Frauen,20 bis 24 Jahre,B9999,unbestimmt (nur Pst),4,20,24
779291,2021-05-31,805,Feldkirch,Frauen,25 bis 29 Jahre,B9999,unbestimmt (nur Pst),6,25,29
779318,2021-05-31,805,Feldkirch,Frauen,30 bis 34 Jahre,B9999,unbestimmt (nur Pst),1,30,34
779338,2021-05-31,805,Feldkirch,Frauen,35 bis 39 Jahre,B9999,unbestimmt (nur Pst),3,35,39
779360,2021-05-31,805,Feldkirch,Frauen,40 bis 44 Jahre,B9999,unbestimmt (nur Pst),1,40,44
779418,2021-05-31,805,Feldkirch,Männer,bis 19 Jahre,B9999,unbestimmt (nur Pst),10,0,19
779460,2021-05-31,805,Feldkirch,Männer,20 bis 24 Jahre,B9999,unbestimmt (nur Pst),2,20,24
779494,2021-05-31,805,Feldkirch,Männer,25 bis 29 Jahre,B9999,unbestimmt (nur Pst),2,25,29
779528,2021-05-31,805,Feldkirch,Männer,35 bis 39 Jahre,B9999,unbestimmt (nur Pst),2,35,39
779552,2021-05-31,805,Feldkirch,Männer,45 bis 49 Jahre,B9999,unbestimmt (nur Pst),1,45,49
779925,2021-05-31,958,Wien Johnstraße,Männer,30 bis 34 Jahre,B9999,unbestimmt (nur Pst),1,30,34
780172,2021-05-31,959,Wien Hauffgasse,Frauen,25 bis 29 Jahre,B9999,unbestimmt (nur Pst),1,25,29
780864,2021-05-31,960,Wien Esteplatz,Frauen,45 bis 49 Jahre,B9999,unbestimmt (nur Pst),1,45,49
781742,2021-05-31,962,Wien Redergasse,Männer,50 bis 54 Jahre,B9999,unbestimmt (nur Pst),1,50,54
781825,2021-05-31,963,Wien Währinger Gürtel,Frauen,25 bis 29 Jahre,B9999,unbestimmt (nur Pst),1,25,29
783217,2021-05-31,965,Wien Schönbrunner Straße,Frauen,25 bis 29 Jahre,B9999,unbestimmt (nur Pst),1,25,29
783570,2021-05-31,965,Wien Schönbrunner Straße,Männer,25 bis 29 Jahre,B9999,unbestimmt (nur Pst),1,25,29
783626,2021-05-31,965,Wien Schönbrunner Straße,Männer,30 bis 34 Jahre,B9999,unbestimmt (nur Pst),3,30,34
783680,2021-05-31,965,Wien Schönbrunner Straße,Männer,35 bis 39 Jahre,B9999,unbestimmt (nur Pst),1,35,39
784054,2021-05-31,966,Wien Hietzinger Kai,Frauen,40 bis 44 Jahre,B9999,unbestimmt (nur Pst),1,40,44
784080,2021-05-31,966,Wien Hietzinger Kai,Frauen,45 bis 49 Jahre,B9999,unbestimmt (nur Pst),1,45,49
784667,2021-05-31,967,Wien Huttengasse,Frauen,45 bis 49 Jahre,B9999,unbestimmt (nur Pst),1,45,49
784800,2021-05-31,967,Wien Huttengasse,Männer,25 bis 29 Jahre,B9999,unbestimmt (nur Pst),1,25,29
784937,2021-05-31,967,Wien Huttengasse,Männer,35 bis 39 Jahre,B9999,unbestimmt (nur Pst),1,35,39
786539,2021-05-31,974,Wien Austria Campus,Frauen,35 bis 39 Jahre,B9999,unbestimmt (nur Pst),2,35,39
786637,2021-05-31,974,Wien Austria Campus,Frauen,50 bis 54 Jahre,B9999,unbestimmt (nur Pst),1,50,54
786702,2021-05-31,974,Wien Austria Campus,Männer,25 bis 29 Jahre,B9999,unbestimmt (nur Pst),1,25,29
786794,2021-05-31,974,Wien Austria Campus,Männer,35 bis 39 Jahre,B9999,unbestimmt (nur Pst),1,35,39
786825,2021-05-31,974,Wien Austria Campus,Männer,40 bis 44 Jahre,B9999,unbestimmt (nur Pst),1,40,44
787494,2021-05-31,976,Wien Jugendliche I,Frauen,bis 19 Jahre,B9999,unbestimmt (nur Pst),3,0,19
787599,2021-05-31,976,Wien Jugendliche I,Frauen,20 bis 24 Jahre,B9999,unbestimmt (nur Pst),4,20,24
787691,2021-05-31,976,Wien Jugendliche I,Männer,bis 19 Jahre,B9999,unbestimmt (nur Pst),6,0,19
787834,2021-05-31,976,Wien Jugendliche I,Männer,20 bis 24 Jahre,B9999,unbestimmt (nur Pst),7,20,24
787919,2021-05-31,977,Wien Jugendliche II,Frauen,bis 19 Jahre,B9999,unbestimmt (nur Pst),5,0,19
788024,2021-05-31,977,Wien Jugendliche II,Frauen,20 bis 24 Jahre,B9999,unbestimmt (nur Pst),7,20,24
788113,2021-05-31,977,Wien Jugendliche II,Männer,bis 19 Jahre,B9999,unbestimmt (nur Pst),6,0,19
788254,2021-05-31,977,Wien Jugendliche II,Männer,20 bis 24 Jahre,B9999,unbestimmt (nur Pst),3,20,24
788375,2021-06-30,101,Eisenstadt,Männer,bis 19 Jahre,B9999,unbestimmt (nur Pst),2,0,19
788479,2021-06-30,102,Mattersburg,Frauen,bis 19 Jahre,B9999,unbestimmt (nur Pst),1,0,19
788553,2021-06-30,102,Mattersburg,Männer,25 bis 29 Jahre,B9999,unbestimmt (nur Pst),1,25,29
788568,2021-06-30,102,Mattersburg,Männer,40 bis 44 Jahre,B9999,unbestimmt (nur Pst),1,40,44
788725,2021-06-30,103,Neusiedl am See,Männer,40 bis 44 Jahre,B9999,unbestimmt (nur Pst),1,40,44
788928,2021-06-30,105,Oberwart,Frauen,20 bis 24 Jahre,B9999,unbestimmt (nur Pst),1,20,24
788943,2021-06-30,105,Oberwart,Frauen,25 bis 29 Jahre,B9999,unbestimmt (nur Pst),1,25,29
789181,2021-06-30,106,Stegersbach,Frauen,20 bis 24 Jahre,B9999,unbestimmt (nur Pst),1,20,24
789188,2021-06-30,106,Stegersbach,Frauen,25 bis 29 Jahre,B9999,unbestimmt (nur Pst),1,25,29
789415,2021-06-30,201,Feldkirchen,Frauen,25 bis 29 Jahre,B9999,unbestimmt (nur Pst),1,25,29
789479,2021-06-30,202,Hermagor,Männer,bis 19 Jahre,B9999,unbestimmt (nur Pst),1,0,19
789511,2021-06-30,203,Klagenfurt,Frauen,bis 19 Jahre,B9999,unbestimmt (nur Pst),1,0,19
789541,2021-06-30,203,Klagenfurt,Frauen,20 bis 24 Jahre,B9999,unbestimmt (nur Pst),3,20,24
789568,2021-06-30,203,Klagenfurt,Frauen,25 bis 29 Jahre,B9999,unbestimmt (nur Pst),3,25,29
789592,2021-06-30,203,Klagenfurt,Frauen,30 bis 34 Jahre,B9999,unbestimmt (nur Pst),1,30,34
789648,2021-06-30,203,Klagenfurt,Frauen,40 bis 44 Jahre,B9999,unbestimmt (nur Pst),2,40,44
789700,2021-06-30,203,Klagenfurt,Frauen,50 bis 54 Jahre,B9999,unbestimmt (nur Pst),1,50,54
789716,2021-06-30,203,Klagenfurt,Frauen,55 bis 59 Jahre,B9999,unbestimmt (nur Pst),1,55,59
789740,2021-06-30,203,Klagenfurt,Männer,bis 19 Jahre,B9999,unbestimmt (nur Pst),4,0,19
789775,2021-06-30,203,Klagenfurt,Männer,20 bis 24 Jahre,B9999,unbestimmt (nur Pst),1,20,24
789806,2021-06-30,203,Klagenfurt,Männer,25 bis 29 Jahre,B9999,unbestimmt (nur Pst),3,25,29
789829,2021-06-30,203,Klagenfurt,Männer,30 bis 34 Jahre,B9999,unbestimmt (nur Pst),2,30,34
789862,2021-06-30,203,Klagenfurt,Männer,40 bis 44 Jahre,B9999,unbestimmt (nur Pst),1,40,44
789881,2021-06-30,203,Klagenfurt,Männer,45 bis 49 Jahre,B9999,unbestimmt (nur Pst),2,45,49
789904,2021-06-30,203,Klagenfurt,Männer,50 bis 54 Jahre,B9999,unbestimmt (nur Pst),1,50,54
789919,2021-06-30,203,Klagenfurt,Männer,55 bis 59 Jahre,B9999,unbestimmt (nur Pst),1,55,59
790036,2021-06-30,204,Spittal/Drau,Männer,bis 19 Jahre,B9999,unbestimmt (nur Pst),3,0,19
790116,2021-06-30,205,St. Veit/Glan,Frauen,bis 19 Jahre,B9999,unbestimmt (nur Pst),1,0,19
790557,2021-06-30,206,Villach,Männer,35 bis 39 Jahre,B9999,unbestimmt (nur Pst),1,35,39
790694,2021-06-30,207,Völkermarkt,Männer,bis 19 Jahre,B9999,unbestimmt (nur Pst),1,0,19
790760,2021-06-30,208,Wolfsberg,Frauen,bis 19 Jahre,B9999,unbestimmt (nur Pst),1,0,19
790803,2021-06-30,208,Wolfsberg,Frauen,30 bis 34 Jahre,B9999,unbestimmt (nur Pst),1,30,34
790864,2021-06-30,208,Wolfsberg,Männer,bis 19 Jahre,B9999,unbestimmt (nur Pst),2,0,19
790962,2021-06-30,301,Amstetten,Frauen,bis 19 Jahre,B9999,unbestimmt (nur Pst),6,0,19
790985,2021-06-30,301,Amstetten,Frauen,20 bis 24 Jahre,B9999,unbestimmt (nur Pst),5,20,24
791003,2021-06-30,301,Amstetten,Frauen,25 bis 29 Jahre,B9999,unbestimmt (nur Pst),1,25,29
791116,2021-06-30,301,Amstetten,Männer,bis 19 Jahre,B9999,unbestimmt (nur Pst),14,0,19
791154,2021-06-30,301,Amstetten,Männer,25 bis 29 Jahre,B9999,unbestimmt (nur Pst),3,25,29
791255,2021-06-30,301,Amstetten,Männer,55 bis 59 Jahre,B9999,unbestimmt (nur Pst),1,55,59
791281,2021-06-30,304,Baden neu,Frauen,bis 19 Jahre,B9999,unbestimmt (nur Pst),2,0,19
791311,2021-06-30,304,Baden neu,Frauen,20 bis 24 Jahre,B9999,unbestimmt (nur Pst),7,20,24
791330,2021-06-30,304,Baden neu,Frauen,25 bis 29 Jahre,B9999,unbestimmt (nur Pst),2,25,29
791471,2021-06-30,304,Baden neu,Männer,bis 19 Jahre,B9999,unbestimmt (nur Pst),5,0,19
791520,2021-06-30,304,Baden neu,Männer,20 bis 24 Jahre,B9999,unbestimmt (nur Pst),4,20,24
791545,2021-06-30,304,Baden neu,Männer,25 bis 29 Jahre,B9999,unbestimmt (nur Pst),1,25,29
791568,2021-06-30,304,Baden neu,Männer,30 bis 34 Jahre,B9999,unbestimmt (nur Pst),1,30,34
791650,2021-06-30,304,Baden neu,Männer,55 bis 59 Jahre,B9999,unbestimmt (nur Pst),1,55,59
791667,2021-06-30,306,Bruck/Leitha,Frauen,bis 19 Jahre,B9999,unbestimmt (nur Pst),4,0,19
791769,2021-06-30,306,Bruck/Leitha,Männer,bis 19 Jahre,B9999,unbestimmt (nur Pst),4,0,19
791789,2021-06-30,306,Bruck/Leitha,Männer,20 bis 24 Jahre,B9999,unbestimmt (nur Pst),3,20,24
791858,2021-06-30,308,Gänserndorf,Frauen,bis 19 Jahre,B9999,unbestimmt (nur Pst),4,0,19
791916,2021-06-30,308,Gänserndorf,Frauen,25 bis 29 Jahre,B9999,unbestimmt (nur Pst),2,25,29
792048,2021-06-30,308,Gänserndorf,Männer,bis 19 Jahre,B9999,unbestimmt (nur Pst),5,0,19
792095,2021-06-30,308,Gänserndorf,Männer,20 bis 24 Jahre,B9999,unbestimmt (nur Pst),1,20,24
792287,2021-06-30,311,Gmünd,Männer,bis 19 Jahre,B9999,unbestimmt (nur Pst),1,0,19
792338,2021-06-30,312,Hollabrunn,Frauen,bis 19 Jahre,B9999,unbestimmt (nur Pst),1,0,19
792372,2021-06-30,312,Hollabrunn,Frauen,25 bis 29 Jahre,B9999,unbestimmt (nur Pst),2,25,29
792471,2021-06-30,312,Hollabrunn,Männer,25 bis 29 Jahre,B9999,unbestimmt (nur Pst),1,25,29
792519,2021-06-30,313,Horn,Frauen,bis 19 Jahre,B9999,unbestimmt (nur Pst),1,0,19
792529,2021-06-30,313,Horn,Frauen,20 bis 24 Jahre,B9999,unbestimmt (nur Pst),1,20,24
792579,2021-06-30,313,Horn,Männer,20 bis 24 Jahre,B9999,unbestimmt (nur Pst),1,20,24
792622,2021-06-30,314,Korneuburg,Frauen,bis 19 Jahre,B9999,unbestimmt (nur Pst),1,0,19
792645,2021-06-30,314,Korneuburg,Frauen,20 bis 24 Jahre,B9999,unbestimmt (nur Pst),3,20,24
792782,2021-06-30,314,Korneuburg,Männer,bis 19 Jahre,B9999,unbestimmt (nur Pst),7,0,19
792811,2021-06-30,314,Korneuburg,Männer,20 bis 24 Jahre,B9999,unbestimmt (nur Pst),2,20,24
792912,2021-06-30,315,Krems,Frauen,bis 19 Jahre,B9999,unbestimmt (nur Pst),3,0,19
793045,2021-06-30,315,Krems,Männer,bis 19 Jahre,B9999,unbestimmt (nur Pst),2,0,19
793122,2021-06-30,315,Krems,Männer,35 bis 39 Jahre,B9999,unbestimmt (nur Pst),1,35,39
793177,2021-06-30,316,Lilienfeld,Frauen,20 bis 24 Jahre,B9999,unbestimmt (nur Pst),1,20,24
793206,2021-06-30,316,Lilienfeld,Frauen,40 bis 44 Jahre,B9999,unbestimmt (nur Pst),1,40,44
793514,2021-06-30,319,Mistelbach,Frauen,bis 19 Jahre,B9999,unbestimmt (nur Pst),4,0,19
793530,2021-06-30,319,Mistelbach,Frauen,20 bis 24 Jahre,B9999,unbestimmt (nur Pst),1,20,24
793622,2021-06-30,319,Mistelbach,Männer,bis 19 Jahre,B9999,unbestimmt (nur Pst),3,0,19
793646,2021-06-30,319,Mistelbach,Männer,20 bis 24 Jahre,B9999,unbestimmt (nur Pst),1,20,24
793659,2021-06-30,319,Mistelbach,Männer,25 bis 29 Jahre,B9999,unbestimmt (nur Pst),1,25,29
793738,2021-06-30,321,Mödling,Frauen,bis 19 Jahre,B9999,unbestimmt (nur Pst),4,0,19
793771,2021-06-30,321,Mödling,Frauen,20 bis 24 Jahre,B9999,unbestimmt (nur Pst),1,20,24
793790,2021-06-30,321,Mödling,Frauen,25 bis 29 Jahre,B9999,unbestimmt (nur Pst),1,25,29
793936,2021-06-30,321,Mödling,Männer,bis 19 Jahre,B9999,unbestimmt (nur Pst),3,0,19
793975,2021-06-30,321,Mödling,Männer,20 bis 24 Jahre,B9999,unbestimmt (nur Pst),5,20,24
794009,2021-06-30,321,Mödling,Männer,30 bis 34 Jahre,B9999,unbestimmt (nur Pst),1,30,34
794107,2021-06-30,323,Neunkirchen,Frauen,bis 19 Jahre,B9999,unbestimmt (nur Pst),3,0,19
794407,2021-06-30,326,St. Pölten,Frauen,bis 19 Jahre,B9999,unbestimmt (nur Pst),13,0,19
794436,2021-06-30,326,St. Pölten,Frauen,20 bis 24 Jahre,B9999,unbestimmt (nur Pst),5,20,24
794487,2021-06-30,326,St. Pölten,Frauen,30 bis 34 Jahre,B9999,unbestimmt (nur Pst),1,30,34
794622,2021-06-30,326,St. Pölten,Männer,bis 19 Jahre,B9999,unbestimmt (nur Pst),10,0,19
794665,2021-06-30,326,St. Pölten,Männer,20 bis 24 Jahre,B9999,unbestimmt (nur Pst),2,20,24
794696,2021-06-30,326,St. Pölten,Männer,25 bis 29 Jahre,B9999,unbestimmt (nur Pst),1,25,29
794760,2021-06-30,326,St. Pölten,Männer,35 bis 39 Jahre,B9999,unbestimmt (nur Pst),1,35,39
794856,2021-06-30,328,Scheibbs,Frauen,bis 19 Jahre,B9999,unbestimmt (nur Pst),3,0,19
794866,2021-06-30,328,Scheibbs,Frauen,20 bis 24 Jahre,B9999,unbestimmt (nur Pst),1,20,24
794909,2021-06-30,328,Scheibbs,Männer,bis 19 Jahre,B9999,unbestimmt (nur Pst),3,0,19
794918,2021-06-30,328,Scheibbs,Männer,20 bis 24 Jahre,B9999,unbestimmt (nur Pst),1,20,24
794969,2021-06-30,329,Schwechat,Frauen,bis 19 Jahre,B9999,unbestimmt (nur Pst),1,0,19
795110,2021-06-30,329,Schwechat,Männer,bis 19 Jahre,B9999,unbestimmt (nur Pst),2,0,19
795215,2021-06-30,331,Tulln,Frauen,bis 19 Jahre,B9999,unbestimmt (nur Pst),3,0,19
795234,2021-06-30,331,Tulln,Frauen,20 bis 24 Jahre,B9999,unbestimmt (nur Pst),1,20,24
795362,2021-06-30,331,Tulln,Männer,bis 19 Jahre,B9999,unbestimmt (nur Pst),6,0,19
795392,2021-06-30,331,Tulln,Männer,20 bis 24 Jahre,B9999,unbestimmt (nur Pst),1,20,24
795405,2021-06-30,331,Tulln,Männer,25 bis 29 Jahre,B9999,unbestimmt (nur Pst),2,25,29
795429,2021-06-30,331,Tulln,Männer,35 bis 39 Jahre,B9999,unbestimmt (nur Pst),1,35,39
795488,2021-06-30,332,Waidhofen/Thaya,Frauen,bis 19 Jahre,B9999,unbestimmt (nur Pst),3,0,19
795543,2021-06-30,332,Waidhofen/Thaya,Männer,bis 19 Jahre,B9999,unbestimmt (nur Pst),2,0,19
795586,2021-06-30,333,Waidhofen/Ybbs,Frauen,bis 19 Jahre,B9999,unbestimmt (nur Pst),1,0,19
795633,2021-06-30,333,Waidhofen/Ybbs,Männer,bis 19 Jahre,B9999,unbestimmt (nur Pst),1,0,19
795686,2021-06-30,334,Wr. Neustadt,Frauen,bis 19 Jahre,B9999,unbestimmt (nur Pst),3,0,19
795869,2021-06-30,334,Wr. Neustadt,Männer,bis 19 Jahre,B9999,unbestimmt (nur Pst),1,0,19
796181,2021-06-30,401,Braunau,Frauen,bis 19 Jahre,B9999,unbestimmt (nur Pst),16,0,19
796205,2021-06-30,401,Braunau,Frauen,20 bis 24 Jahre,B9999,unbestimmt (nur Pst),5,20,24
796228,2021-06-30,401,Braunau,Frauen,25 bis 29 Jahre,B9999,unbestimmt (nur Pst),4,25,29
796267,2021-06-30,401,Braunau,Frauen,35 bis 39 Jahre,B9999,unbestimmt (nur Pst),1,35,39
796300,2021-06-30,401,Braunau,Frauen,45 bis 49 Jahre,B9999,unbestimmt (nur Pst),2,45,49
796314,2021-06-30,401,Braunau,Frauen,50 bis 54 Jahre,B9999,unbestimmt (nur Pst),2,50,54
796341,2021-06-30,401,Braunau,Männer,bis 19 Jahre,B9999,unbestimmt (nur Pst),16,0,19
796372,2021-06-30,401,Braunau,Männer,20 bis 24 Jahre,B9999,unbestimmt (nur Pst),4,20,24
796394,2021-06-30,401,Braunau,Männer,25 bis 29 Jahre,B9999,unbestimmt (nur Pst),2,25,29
796411,2021-06-30,401,Braunau,Männer,30 bis 34 Jahre,B9999,unbestimmt (nur Pst),1,30,34
796453,2021-06-30,401,Braunau,Männer,45 bis 49 Jahre,B9999,unbestimmt (nur Pst),2,45,49
796467,2021-06-30,401,Braunau,Männer,50 bis 54 Jahre,B9999,unbestimmt (nur Pst),1,50,54
796491,2021-06-30,402,Eferding,Frauen,bis 19 Jahre,B9999,unbestimmt (nur Pst),1,0,19
796501,2021-06-30,402,Eferding,Frauen,20 bis 24 Jahre,B9999,unbestimmt (nur Pst),1,20,24
796507,2021-06-30,402,Eferding,Frauen,25 bis 29 Jahre,B9999,unbestimmt (nur Pst),1,25,29
796533,2021-06-30,402,Eferding,Frauen,40 bis 44 Jahre,B9999,unbestimmt (nur Pst),1,40,44
796567,2021-06-30,402,Eferding,Männer,20 bis 24 Jahre,B9999,unbestimmt (nur Pst),1,20,24
796597,2021-06-30,402,Eferding,Männer,45 bis 49 Jahre,B9999,unbestimmt (nur Pst),1,45,49
796662,2021-06-30,403,Freistadt,Frauen,25 bis 29 Jahre,B9999,unbestimmt (nur Pst),1,25,29
796755,2021-06-30,403,Freistadt,Männer,20 bis 24 Jahre,B9999,unbestimmt (nur Pst),1,20,24
796822,2021-06-30,403,Freistadt,Männer,55 bis 59 Jahre,B9999,unbestimmt (nur Pst),1,55,59
796841,2021-06-30,404,Gmunden,Frauen,bis 19 Jahre,B9999,unbestimmt (nur Pst),8,0,19
797015,2021-06-30,404,Gmunden,Männer,bis 19 Jahre,B9999,unbestimmt (nur Pst),5,0,19
797043,2021-06-30,404,Gmunden,Männer,20 bis 24 Jahre,B9999,unbestimmt (nur Pst),1,20,24
797184,2021-06-30,406,Grieskirchen,Frauen,bis 19 Jahre,B9999,unbestimmt (nur Pst),1,0,19
797278,2021-06-30,406,Grieskirchen,Männer,bis 19 Jahre,B9999,unbestimmt (nur Pst),1,0,19
797354,2021-06-30,407,Kirchdorf/Krems,Frauen,bis 19 Jahre,B9999,unbestimmt (nur Pst),4,0,19
797389,2021-06-30,407,Kirchdorf/Krems,Frauen,25 bis 29 Jahre,B9999,unbestimmt (nur Pst),1,25,29
797399,2021-06-30,407,Kirchdorf/Krems,Frauen,30 bis 34 Jahre,B9999,unbestimmt (nur Pst),1,30,34
797466,2021-06-30,407,Kirchdorf/Krems,Männer,bis 19 Jahre,B9999,unbestimmt (nur Pst),3,0,19
797491,2021-06-30,407,Kirchdorf/Krems,Männer,20 bis 24 Jahre,B9999,unbestimmt (nur Pst),1,20,24
797582,2021-06-30,409,Linz neu,Frauen,bis 19 Jahre,B9999,unbestimmt (nur Pst),17,0,19
797628,2021-06-30,409,Linz neu,Frauen,20 bis 24 Jahre,B9999,unbestimmt (nur Pst),5,20,24
797679,2021-06-30,409,Linz neu,Frauen,25 bis 29 Jahre,B9999,unbestimmt (nur Pst),5,25,29
797726,2021-06-30,409,Linz neu,Frauen,30 bis 34 Jahre,B9999,unbestimmt (nur Pst),5,30,34
797772,2021-06-30,409,Linz neu,Frauen,35 bis 39 Jahre,B9999,unbestimmt (nur Pst),1,35,39
797812,2021-06-30,409,Linz neu,Frauen,40 bis 44 Jahre,B9999,unbestimmt (nur Pst),1,40,44
797841,2021-06-30,409,Linz neu,Frauen,45 bis 49 Jahre,B9999,unbestimmt (nur Pst),2,45,49
797885,2021-06-30,409,Linz neu,Frauen,55 bis 59 Jahre,B9999,unbestimmt (nur Pst),1,55,59
797926,2021-06-30,409,Linz neu,Männer,bis 19 Jahre,B9999,unbestimmt (nur Pst),19,0,19
797983,2021-06-30,409,Linz neu,Männer,20 bis 24 Jahre,B9999,unbestimmt (nur Pst),15,20,24
798051,2021-06-30,409,Linz neu,Männer,25 bis 29 Jahre,B9999,unbestimmt (nur Pst),4,25,29
798106,2021-06-30,409,Linz neu,Männer,30 bis 34 Jahre,B9999,unbestimmt (nur Pst),3,30,34
798160,2021-06-30,409,Linz neu,Männer,35 bis 39 Jahre,B9999,unbestimmt (nur Pst),1,35,39
798209,2021-06-30,409,Linz neu,Männer,40 bis 44 Jahre,B9999,unbestimmt (nur Pst),2,40,44
798299,2021-06-30,409,Linz neu,Männer,55 bis 59 Jahre,B9999,unbestimmt (nur Pst),1,55,59
798307,2021-06-30,409,Linz neu,Männer,60 bis 64 Jahre,B9999,unbestimmt (nur Pst),1,60,64
798330,2021-06-30,411,Perg,Frauen,20 bis 24 Jahre,B9999,unbestimmt (nur Pst),1,20,24
798470,2021-06-30,411,Perg,Männer,20 bis 24 Jahre,B9999,unbestimmt (nur Pst),2,20,24
798556,2021-06-30,411,Perg,Männer,55 bis 59 Jahre,B9999,unbestimmt (nur Pst),1,55,59
798571,2021-06-30,412,Ried im Innkreis,Frauen,bis 19 Jahre,B9999,unbestimmt (nur Pst),10,0,19
798603,2021-06-30,412,Ried im Innkreis,Frauen,25 bis 29 Jahre,B9999,unbestimmt (nur Pst),2,25,29
798635,2021-06-30,412,Ried im Innkreis,Frauen,35 bis 39 Jahre,B9999,unbestimmt (nur Pst),1,35,39
798649,2021-06-30,412,Ried im Innkreis,Frauen,40 bis 44 Jahre,B9999,unbestimmt (nur Pst),2,40,44
798663,2021-06-30,412,Ried im Innkreis,Frauen,45 bis 49 Jahre,B9999,unbestimmt (nur Pst),1,45,49
798698,2021-06-30,412,Ried im Innkreis,Männer,bis 19 Jahre,B9999,unbestimmt (nur Pst),7,0,19
798724,2021-06-30,412,Ried im Innkreis,Männer,20 bis 24 Jahre,B9999,unbestimmt (nur Pst),1,20,24
798740,2021-06-30,412,Ried im Innkreis,Männer,25 bis 29 Jahre,B9999,unbestimmt (nur Pst),1,25,29
798817,2021-06-30,413,Rohrbach,Frauen,20 bis 24 Jahre,B9999,unbestimmt (nur Pst),1,20,24
798827,2021-06-30,413,Rohrbach,Frauen,25 bis 29 Jahre,B9999,unbestimmt (nur Pst),1,25,29
798837,2021-06-30,413,Rohrbach,Frauen,30 bis 34 Jahre,B9999,unbestimmt (nur Pst),1,30,34
798887,2021-06-30,413,Rohrbach,Männer,20 bis 24 Jahre,B9999,unbestimmt (nur Pst),1,20,24
798909,2021-06-30,413,Rohrbach,Männer,35 bis 39 Jahre,B9999,unbestimmt (nur Pst),2,35,39
798951,2021-06-30,414,Schärding,Frauen,20 bis 24 Jahre,B9999,unbestimmt (nur Pst),1,20,24
798960,2021-06-30,414,Schärding,Frauen,25 bis 29 Jahre,B9999,unbestimmt (nur Pst),1,25,29
798973,2021-06-30,414,Schärding,Frauen,30 bis 34 Jahre,B9999,unbestimmt (nur Pst),1,30,34
799017,2021-06-30,414,Schärding,Männer,bis 19 Jahre,B9999,unbestimmt (nur Pst),1,0,19
799098,2021-06-30,415,Steyr,Frauen,bis 19 Jahre,B9999,unbestimmt (nur Pst),10,0,19
799124,2021-06-30,415,Steyr,Frauen,20 bis 24 Jahre,B9999,unbestimmt (nur Pst),6,20,24
799149,2021-06-30,415,Steyr,Frauen,25 bis 29 Jahre,B9999,unbestimmt (nur Pst),2,25,29
799177,2021-06-30,415,Steyr,Frauen,30 bis 34 Jahre,B9999,unbestimmt (nur Pst),1,30,34
799194,2021-06-30,415,Steyr,Frauen,35 bis 39 Jahre,B9999,unbestimmt (nur Pst),1,35,39
799210,2021-06-30,415,Steyr,Frauen,40 bis 44 Jahre,B9999,unbestimmt (nur Pst),1,40,44
799276,2021-06-30,415,Steyr,Männer,bis 19 Jahre,B9999,unbestimmt (nur Pst),7,0,19
799314,2021-06-30,415,Steyr,Männer,20 bis 24 Jahre,B9999,unbestimmt (nur Pst),2,20,24
799454,2021-06-30,418,Vöcklabruck,Frauen,bis 19 Jahre,B9999,unbestimmt (nur Pst),1,0,19
799644,2021-06-30,418,Vöcklabruck,Männer,bis 19 Jahre,B9999,unbestimmt (nur Pst),4,0,19
799670,2021-06-30,418,Vöcklabruck,Männer,20 bis 24 Jahre,B9999,unbestimmt (nur Pst),2,20,24
799826,2021-06-30,419,Wels,Frauen,bis 19 Jahre,B9999,unbestimmt (nur Pst),1,0,19
799851,2021-06-30,419,Wels,Frauen,20 bis 24 Jahre,B9999,unbestimmt (nur Pst),1,20,24
799899,2021-06-30,419,Wels,Frauen,30 bis 34 Jahre,B9999,unbestimmt (nur Pst),1,30,34
799957,2021-06-30,419,Wels,Frauen,45 bis 49 Jahre,B9999,unbestimmt (nur Pst),2,45,49
800013,2021-06-30,419,Wels,Männer,bis 19 Jahre,B9999,unbestimmt (nur Pst),2,0,19
800192,2021-06-30,421,Traun,Frauen,bis 19 Jahre,B9999,unbestimmt (nur Pst),4,0,19
800221,2021-06-30,421,Traun,Frauen,20 bis 24 Jahre,B9999,unbestimmt (nur Pst),3,20,24
800247,2021-06-30,421,Traun,Frauen,25 bis 29 Jahre,B9999,unbestimmt (nur Pst),1,25,29
800273,2021-06-30,421,Traun,Frauen,30 bis 34 Jahre,B9999,unbestimmt (nur Pst),2,30,34
800296,2021-06-30,421,Traun,Frauen,35 bis 39 Jahre,B9999,unbestimmt (nur Pst),1,35,39
800353,2021-06-30,421,Traun,Frauen,45 bis 49 Jahre,B9999,unbestimmt (nur Pst),1,45,49
800423,2021-06-30,421,Traun,Männer,bis 19 Jahre,B9999,unbestimmt (nur Pst),2,0,19
800448,2021-06-30,421,Traun,Männer,20 bis 24 Jahre,B9999,unbestimmt (nur Pst),2,20,24
800592,2021-06-30,421,Traun,Männer,50 bis 54 Jahre,B9999,unbestimmt (nur Pst),1,50,54
800625,2021-06-30,501,Bischofshofen,Frauen,bis 19 Jahre,B9999,unbestimmt (nur Pst),1,0,19
800694,2021-06-30,501,Bischofshofen,Frauen,30 bis 34 Jahre,B9999,unbestimmt (nur Pst),1,30,34
800748,2021-06-30,501,Bischofshofen,Frauen,45 bis 49 Jahre,B9999,unbestimmt (nur Pst),1,45,49
800841,2021-06-30,501,Bischofshofen,Männer,35 bis 39 Jahre,B9999,unbestimmt (nur Pst),1,35,39
800977,2021-06-30,503,Hallein,Männer,bis 19 Jahre,B9999,unbestimmt (nur Pst),2,0,19
801248,2021-06-30,504,Salzburg,Frauen,35 bis 39 Jahre,B9999,unbestimmt (nur Pst),1,35,39
801343,2021-06-30,504,Salzburg,Frauen,50 bis 54 Jahre,B9999,unbestimmt (nur Pst),1,50,54
801399,2021-06-30,504,Salzburg,Männer,bis 19 Jahre,B9999,unbestimmt (nur Pst),1,0,19
801450,2021-06-30,504,Salzburg,Männer,20 bis 24 Jahre,B9999,unbestimmt (nur Pst),1,20,24
801493,2021-06-30,504,Salzburg,Männer,25 bis 29 Jahre,B9999,unbestimmt (nur Pst),1,25,29
801671,2021-06-30,504,Salzburg,Männer,50 bis 54 Jahre,B9999,unbestimmt (nur Pst),1,50,54
801876,2021-06-30,506,Zell am See,Männer,bis 19 Jahre,B9999,unbestimmt (nur Pst),3,0,19
801887,2021-06-30,506,Zell am See,Männer,20 bis 24 Jahre,B9999,unbestimmt (nur Pst),1,20,24
801911,2021-06-30,506,Zell am See,Männer,30 bis 34 Jahre,B9999,unbestimmt (nur Pst),1,30,34
801917,2021-06-30,506,Zell am See,Männer,35 bis 39 Jahre,B9999,unbestimmt (nur Pst),1,35,39
801963,2021-06-30,601,Bruck/Mur,Frauen,bis 19 Jahre,B9999,unbestimmt (nur Pst),6,0,19
801991,2021-06-30,601,Bruck/Mur,Frauen,20 bis 24 Jahre,B9999,unbestimmt (nur Pst),4,20,24
802100,2021-06-30,601,Bruck/Mur,Männer,bis 19 Jahre,B9999,unbestimmt (nur Pst),5,0,19
802518,2021-06-30,604,Feldbach,Frauen,bis 19 Jahre,B9999,unbestimmt (nur Pst),3,0,19
802610,2021-06-30,604,Feldbach,Frauen,40 bis 44 Jahre,B9999,unbestimmt (nur Pst),1,40,44
802821,2021-06-30,606,Gleisdorf,Frauen,bis 19 Jahre,B9999,unbestimmt (nur Pst),2,0,19
802837,2021-06-30,606,Gleisdorf,Frauen,20 bis 24 Jahre,B9999,unbestimmt (nur Pst),2,20,24
802929,2021-06-30,606,Gleisdorf,Männer,bis 19 Jahre,B9999,unbestimmt (nur Pst),1,0,19
802943,2021-06-30,606,Gleisdorf,Männer,20 bis 24 Jahre,B9999,unbestimmt (nur Pst),2,20,24
803017,2021-06-30,609,Hartberg,Frauen,bis 19 Jahre,B9999,unbestimmt (nur Pst),2,0,19
803145,2021-06-30,609,Hartberg,Frauen,45 bis 49 Jahre,B9999,unbestimmt (nur Pst),1,45,49
803189,2021-06-30,609,Hartberg,Männer,bis 19 Jahre,B9999,unbestimmt (nur Pst),4,0,19
803211,2021-06-30,609,Hartberg,Männer,20 bis 24 Jahre,B9999,unbestimmt (nur Pst),1,20,24
803361,2021-06-30,610,Judenburg,Frauen,bis 19 Jahre,B9999,unbestimmt (nur Pst),2,0,19
803502,2021-06-30,610,Judenburg,Männer,bis 19 Jahre,B9999,unbestimmt (nur Pst),1,0,19
803518,2021-06-30,610,Judenburg,Männer,20 bis 24 Jahre,B9999,unbestimmt (nur Pst),1,20,24
803621,2021-06-30,611,Murau,Frauen,bis 19 Jahre,B9999,unbestimmt (nur Pst),1,0,19
803718,2021-06-30,614,Leibnitz,Frauen,bis 19 Jahre,B9999,unbestimmt (nur Pst),2,0,19
803741,2021-06-30,614,Leibnitz,Frauen,20 bis 24 Jahre,B9999,unbestimmt (nur Pst),1,20,24
803764,2021-06-30,614,Leibnitz,Frauen,25 bis 29 Jahre,B9999,unbestimmt (nur Pst),1,25,29
803892,2021-06-30,614,Leibnitz,Männer,bis 19 Jahre,B9999,unbestimmt (nur Pst),1,0,19
803915,2021-06-30,614,Leibnitz,Männer,20 bis 24 Jahre,B9999,unbestimmt (nur Pst),2,20,24
803948,2021-06-30,614,Leibnitz,Männer,30 bis 34 Jahre,B9999,unbestimmt (nur Pst),1,30,34
804006,2021-06-30,616,Leoben,Frauen,bis 19 Jahre,B9999,unbestimmt (nur Pst),1,0,19
804026,2021-06-30,616,Leoben,Frauen,20 bis 24 Jahre,B9999,unbestimmt (nur Pst),2,20,24
804043,2021-06-30,616,Leoben,Frauen,25 bis 29 Jahre,B9999,unbestimmt (nur Pst),1,25,29
804168,2021-06-30,616,Leoben,Männer,20 bis 24 Jahre,B9999,unbestimmt (nur Pst),1,20,24
804517,2021-06-30,621,Mürzzuschlag,Frauen,20 bis 24 Jahre,B9999,unbestimmt (nur Pst),2,20,24
804601,2021-06-30,621,Mürzzuschlag,Männer,bis 19 Jahre,B9999,unbestimmt (nur Pst),1,0,19
804622,2021-06-30,621,Mürzzuschlag,Männer,20 bis 24 Jahre,B9999,unbestimmt (nur Pst),2,20,24
804639,2021-06-30,621,Mürzzuschlag,Männer,25 bis 29 Jahre,B9999,unbestimmt (nur Pst),1,25,29
804718,2021-06-30,622,Voitsberg,Frauen,bis 19 Jahre,B9999,unbestimmt (nur Pst),3,0,19
804740,2021-06-30,622,Voitsberg,Frauen,20 bis 24 Jahre,B9999,unbestimmt (nur Pst),1,20,24
804838,2021-06-30,622,Voitsberg,Männer,bis 19 Jahre,B9999,unbestimmt (nur Pst),2,0,19
804946,2021-06-30,623,Weiz,Frauen,bis 19 Jahre,B9999,unbestimmt (nur Pst),3,0,19
804966,2021-06-30,623,Weiz,Frauen,25 bis 29 Jahre,B9999,unbestimmt (nur Pst),1,25,29
804977,2021-06-30,623,Weiz,Frauen,30 bis 34 Jahre,B9999,unbestimmt (nur Pst),1,30,34
805014,2021-06-30,623,Weiz,Frauen,50 bis 54 Jahre,B9999,unbestimmt (nur Pst),1,50,54
805064,2021-06-30,623,Weiz,Männer,30 bis 34 Jahre,B9999,unbestimmt (nur Pst),2,30,34
805069,2021-06-30,623,Weiz,Männer,35 bis 39 Jahre,B9999,unbestimmt (nur Pst),1,35,39
805074,2021-06-30,623,Weiz,Männer,40 bis 44 Jahre,B9999,unbestimmt (nur Pst),1,40,44
805137,2021-06-30,630,Graz-West und Umgebung,Frauen,bis 19 Jahre,B9999,unbestimmt (nur Pst),2,0,19
805198,2021-06-30,630,Graz-West und Umgebung,Frauen,20 bis 24 Jahre,B9999,unbestimmt (nur Pst),4,20,24
805301,2021-06-30,630,Graz-West und Umgebung,Frauen,30 bis 34 Jahre,B9999,unbestimmt (nur Pst),1,30,34
805542,2021-06-30,630,Graz-West und Umgebung,Männer,bis 19 Jahre,B9999,unbestimmt (nur Pst),6,0,19
805612,2021-06-30,630,Graz-West und Umgebung,Männer,20 bis 24 Jahre,B9999,unbestimmt (nur Pst),3,20,24
805671,2021-06-30,630,Graz-West und Umgebung,Männer,25 bis 29 Jahre,B9999,unbestimmt (nur Pst),1,25,29
805724,2021-06-30,630,Graz-West und Umgebung,Männer,30 bis 34 Jahre,B9999,unbestimmt (nur Pst),1,30,34
805776,2021-06-30,630,Graz-West und Umgebung,Männer,35 bis 39 Jahre,B9999,unbestimmt (nur Pst),1,35,39
805960,2021-06-30,631,Graz-Ost,Frauen,bis 19 Jahre,B9999,unbestimmt (nur Pst),2,0,19
805995,2021-06-30,631,Graz-Ost,Frauen,20 bis 24 Jahre,B9999,unbestimmt (nur Pst),3,20,24
806027,2021-06-30,631,Graz-Ost,Frauen,25 bis 29 Jahre,B9999,unbestimmt (nur Pst),2,25,29
806070,2021-06-30,631,Graz-Ost,Frauen,30 bis 34 Jahre,B9999,unbestimmt (nur Pst),4,30,34
806110,2021-06-30,631,Graz-Ost,Frauen,35 bis 39 Jahre,B9999,unbestimmt (nur Pst),1,35,39
806235,2021-06-30,631,Graz-Ost,Männer,bis 19 Jahre,B9999,unbestimmt (nur Pst),3,0,19
806329,2021-06-30,631,Graz-Ost,Männer,25 bis 29 Jahre,B9999,unbestimmt (nur Pst),1,25,29
806522,2021-06-30,701,Imst,Frauen,bis 19 Jahre,B9999,unbestimmt (nur Pst),1,0,19
806565,2021-06-30,701,Imst,Frauen,35 bis 39 Jahre,B9999,unbestimmt (nur Pst),1,35,39
806609,2021-06-30,701,Imst,Männer,20 bis 24 Jahre,B9999,unbestimmt (nur Pst),1,20,24
806633,2021-06-30,701,Imst,Männer,50 bis 54 Jahre,B9999,unbestimmt (nur Pst),1,50,54
806665,2021-06-30,702,Innsbruck,Frauen,bis 19 Jahre,B9999,unbestimmt (nur Pst),2,0,19
806694,2021-06-30,702,Innsbruck,Frauen,20 bis 24 Jahre,B9999,unbestimmt (nur Pst),1,20,24
806723,2021-06-30,702,Innsbruck,Frauen,25 bis 29 Jahre,B9999,unbestimmt (nur Pst),1,25,29
806794,2021-06-30,702,Innsbruck,Frauen,35 bis 39 Jahre,B9999,unbestimmt (nur Pst),1,35,39
806854,2021-06-30,702,Innsbruck,Frauen,45 bis 49 Jahre,B9999,unbestimmt (nur Pst),4,45,49
806880,2021-06-30,702,Innsbruck,Frauen,50 bis 54 Jahre,B9999,unbestimmt (nur Pst),1,50,54
806928,2021-06-30,702,Innsbruck,Männer,bis 19 Jahre,B9999,unbestimmt (nur Pst),1,0,19
807150,2021-06-30,702,Innsbruck,Männer,45 bis 49 Jahre,B9999,unbestimmt (nur Pst),1,45,49
807172,2021-06-30,702,Innsbruck,Männer,50 bis 54 Jahre,B9999,unbestimmt (nur Pst),1,50,54
807201,2021-06-30,704,Kitzbühel,Frauen,bis 19 Jahre,B9999,unbestimmt (nur Pst),3,0,19
807257,2021-06-30,704,Kitzbühel,Männer,bis 19 Jahre,B9999,unbestimmt (nur Pst),1,0,19
807322,2021-06-30,705,Kufstein,Frauen,bis 19 Jahre,B9999,unbestimmt (nur Pst),6,0,19
807340,2021-06-30,705,Kufstein,Frauen,20 bis 24 Jahre,B9999,unbestimmt (nur Pst),1,20,24
807412,2021-06-30,705,Kufstein,Frauen,45 bis 49 Jahre,B9999,unbestimmt (nur Pst),1,45,49
807451,2021-06-30,705,Kufstein,Männer,bis 19 Jahre,B9999,unbestimmt (nur Pst),5,0,19
807493,2021-06-30,705,Kufstein,Männer,25 bis 29 Jahre,B9999,unbestimmt (nur Pst),1,25,29
807519,2021-06-30,705,Kufstein,Männer,35 bis 39 Jahre,B9999,unbestimmt (nur Pst),1,35,39
807526,2021-06-30,705,Kufstein,Männer,40 bis 44 Jahre,B9999,unbestimmt (nur Pst),1,40,44
807564,2021-06-30,706,Landeck,Frauen,bis 19 Jahre,B9999,unbestimmt (nur Pst),2,0,19
807574,2021-06-30,706,Landeck,Frauen,20 bis 24 Jahre,B9999,unbestimmt (nur Pst),1,20,24
807657,2021-06-30,707,Lienz,Frauen,bis 19 Jahre,B9999,unbestimmt (nur Pst),2,0,19
807709,2021-06-30,707,Lienz,Männer,bis 19 Jahre,B9999,unbestimmt (nur Pst),1,0,19
807720,2021-06-30,707,Lienz,Männer,30 bis 34 Jahre,B9999,unbestimmt (nur Pst),1,30,34
807801,2021-06-30,709,Schwaz,Frauen,bis 19 Jahre,B9999,unbestimmt (nur Pst),1,0,19
807980,2021-06-30,709,Schwaz,Männer,40 bis 44 Jahre,B9999,unbestimmt (nur Pst),1,40,44
807989,2021-06-30,709,Schwaz,Männer,45 bis 49 Jahre,B9999,unbestimmt (nur Pst),1,45,49
808008,2021-06-30,801,Bludenz,Frauen,bis 19 Jahre,B9999,unbestimmt (nur Pst),2,0,19
808029,2021-06-30,801,Bludenz,Frauen,20 bis 24 Jahre,B9999,unbestimmt (nur Pst),2,20,24
808141,2021-06-30,801,Bludenz,Männer,bis 19 Jahre,B9999,unbestimmt (nur Pst),1,0,19
808177,2021-06-30,801,Bludenz,Männer,25 bis 29 Jahre,B9999,unbestimmt (nur Pst),1,25,29
808241,2021-06-30,802,Bregenz,Frauen,bis 19 Jahre,B9999,unbestimmt (nur Pst),2,0,19
808272,2021-06-30,802,Bregenz,Frauen,20 bis 24 Jahre,B9999,unbestimmt (nur Pst),1,20,24
808298,2021-06-30,802,Bregenz,Frauen,25 bis 29 Jahre,B9999,unbestimmt (nur Pst),1,25,29
808325,2021-06-30,802,Bregenz,Frauen,30 bis 34 Jahre,B9999,unbestimmt (nur Pst),2,30,34
808347,2021-06-30,802,Bregenz,Frauen,35 bis 39 Jahre,B9999,unbestimmt (nur Pst),1,35,39
808436,2021-06-30,802,Bregenz,Männer,bis 19 Jahre,B9999,unbestimmt (nur Pst),1,0,19
808499,2021-06-30,802,Bregenz,Männer,25 bis 29 Jahre,B9999,unbestimmt (nur Pst),1,25,29
808600,2021-06-30,804,Dornbirn,Frauen,bis 19 Jahre,B9999,unbestimmt (nur Pst),2,0,19
808633,2021-06-30,804,Dornbirn,Frauen,20 bis 24 Jahre,B9999,unbestimmt (nur Pst),1,20,24
808740,2021-06-30,804,Dornbirn,Frauen,45 bis 49 Jahre,B9999,unbestimmt (nur Pst),1,45,49
808814,2021-06-30,804,Dornbirn,Männer,20 bis 24 Jahre,B9999,unbestimmt (nur Pst),1,20,24
808838,2021-06-30,804,Dornbirn,Männer,25 bis 29 Jahre,B9999,unbestimmt (nur Pst),1,25,29
808892,2021-06-30,804,Dornbirn,Männer,40 bis 44 Jahre,B9999,unbestimmt (nur Pst),1,40,44
808943,2021-06-30,805,Feldkirch,Frauen,bis 19 Jahre,B9999,unbestimmt (nur Pst),4,0,19
808972,2021-06-30,805,Feldkirch,Frauen,20 bis 24 Jahre,B9999,unbestimmt (nur Pst),5,20,24
808992,2021-06-30,805,Feldkirch,Frauen,25 bis 29 Jahre,B9999,unbestimmt (nur Pst),5,25,29
809017,2021-06-30,805,Feldkirch,Frauen,30 bis 34 Jahre,B9999,unbestimmt (nur Pst),1,30,34
809037,2021-06-30,805,Feldkirch,Frauen,35 bis 39 Jahre,B9999,unbestimmt (nur Pst),4,35,39
809059,2021-06-30,805,Feldkirch,Frauen,40 bis 44 Jahre,B9999,unbestimmt (nur Pst),1,40,44
809080,2021-06-30,805,Feldkirch,Frauen,45 bis 49 Jahre,B9999,unbestimmt (nur Pst),1,45,49
809121,2021-06-30,805,Feldkirch,Männer,bis 19 Jahre,B9999,unbestimmt (nur Pst),10,0,19
809158,2021-06-30,805,Feldkirch,Männer,20 bis 24 Jahre,B9999,unbestimmt (nur Pst),1,20,24
809188,2021-06-30,805,Feldkirch,Männer,25 bis 29 Jahre,B9999,unbestimmt (nur Pst),1,25,29
809219,2021-06-30,805,Feldkirch,Männer,35 bis 39 Jahre,B9999,unbestimmt (nur Pst),2,35,39
809242,2021-06-30,805,Feldkirch,Männer,45 bis 49 Jahre,B9999,unbestimmt (nur Pst),1,45,49
809606,2021-06-30,958,Wien Johnstraße,Männer,30 bis 34 Jahre,B9999,unbestimmt (nur Pst),1,30,34
810389,2021-06-30,960,Wien Esteplatz,Frauen,30 bis 34 Jahre,B9999,unbestimmt (nur Pst),1,30,34
810510,2021-06-30,960,Wien Esteplatz,Frauen,45 bis 49 Jahre,B9999,unbestimmt (nur Pst),1,45,49
810702,2021-06-30,960,Wien Esteplatz,Männer,35 bis 39 Jahre,B9999,unbestimmt (nur Pst),1,35,39
811365,2021-06-30,962,Wien Redergasse,Männer,50 bis 54 Jahre,B9999,unbestimmt (nur Pst),1,50,54
811455,2021-06-30,963,Wien Währinger Gürtel,Frauen,25 bis 29 Jahre,B9999,unbestimmt (nur Pst),1,25,29
811642,2021-06-30,963,Wien Währinger Gürtel,Frauen,50 bis 54 Jahre,B9999,unbestimmt (nur Pst),1,50,54
812847,2021-06-30,965,Wien Schönbrunner Straße,Frauen,25 bis 29 Jahre,B9999,unbestimmt (nur Pst),1,25,29
813199,2021-06-30,965,Wien Schönbrunner Straße,Männer,25 bis 29 Jahre,B9999,unbestimmt (nur Pst),1,25,29
813256,2021-06-30,965,Wien Schönbrunner Straße,Männer,30 bis 34 Jahre,B9999,unbestimmt (nur Pst),2,30,34
813309,2021-06-30,965,Wien Schönbrunner Straße,Männer,35 bis 39 Jahre,B9999,unbestimmt (nur Pst),1,35,39
813366,2021-06-30,965,Wien Schönbrunner Straße,Männer,40 bis 44 Jahre,B9999,unbestimmt (nur Pst),1,40,44
813699,2021-06-30,966,Wien Hietzinger Kai,Frauen,40 bis 44 Jahre,B9999,unbestimmt (nur Pst),1,40,44
813729,2021-06-30,966,Wien Hietzinger Kai,Frauen,45 bis 49 Jahre,B9999,unbestimmt (nur Pst),1,45,49
814313,2021-06-30,967,Wien Huttengasse,Frauen,45 bis 49 Jahre,B9999,unbestimmt (nur Pst),1,45,49
814571,2021-06-30,967,Wien Huttengasse,Männer,35 bis 39 Jahre,B9999,unbestimmt (nur Pst),1,35,39
816191,2021-06-30,974,Wien Austria Campus,Frauen,35 bis 39 Jahre,B9999,unbestimmt (nur Pst),2,35,39
816278,2021-06-30,974,Wien Austria Campus,Frauen,50 bis 54 Jahre,B9999,unbestimmt (nur Pst),1,50,54
816333,2021-06-30,974,Wien Austria Campus,Männer,25 bis 29 Jahre,B9999,unbestimmt (nur Pst),1,25,29
816450,2021-06-30,974,Wien Austria Campus,Männer,40 bis 44 Jahre,B9999,unbestimmt (nur Pst),1,40,44
816632,2021-06-30,975,Wien Jäger Straße,Frauen,30 bis 34 Jahre,B9999,unbestimmt (nur Pst),1,30,34
817087,2021-06-30,976,Wien Jugendliche I,Frauen,bis 19 Jahre,B9999,unbestimmt (nur Pst),5,0,19
817190,2021-06-30,976,Wien Jugendliche I,Frauen,20 bis 24 Jahre,B9999,unbestimmt (nur Pst),6,20,24
817281,2021-06-30,976,Wien Jugendliche I,Männer,bis 19 Jahre,B9999,unbestimmt (nur Pst),5,0,19
817429,2021-06-30,976,Wien Jugendliche I,Männer,20 bis 24 Jahre,B9999,unbestimmt (nur Pst),7,20,24
817515,2021-06-30,977,Wien Jugendliche II,Frauen,bis 19 Jahre,B9999,unbestimmt (nur Pst),7,0,19
817627,2021-06-30,977,Wien Jugendliche II,Frauen,20 bis 24 Jahre,B9999,unbestimmt (nur Pst),8,20,24
817711,2021-06-30,977,Wien Jugendliche II,Männer,bis 19 Jahre,B9999,unbestimmt (nur Pst),8,0,19
817845,2021-06-30,977,Wien Jugendliche II,Männer,20 bis 24 Jahre,B9999,unbestimmt (nur Pst),3,20,24
817948,2021-07-31,101,Eisenstadt,Männer,bis 19 Jahre,B9999,unbestimmt (nur Pst),1,0,19
818041,2021-07-31,102,Mattersburg,Frauen,bis 19 Jahre,B9999,unbestimmt (nur Pst),2,0,19
818108,2021-07-31,102,Mattersburg,Männer,25 bis 29 Jahre,B9999,unbestimmt (nur Pst),1,25,29
818121,2021-07-31,102,Mattersburg,Männer,40 bis 44 Jahre,B9999,unbestimmt (nur Pst),1,40,44
818179,2021-07-31,103,Neusiedl am See,Frauen,35 bis 39 Jahre,B9999,unbestimmt (nur Pst),1,35,39
818228,2021-07-31,103,Neusiedl am See,Männer,bis 19 Jahre,B9999,unbestimmt (nur Pst),1,0,19
818268,2021-07-31,103,Neusiedl am See,Männer,40 bis 44 Jahre,B9999,unbestimmt (nur Pst),1,40,44
818428,2021-07-31,105,Oberwart,Frauen,bis 19 Jahre,B9999,unbestimmt (nur Pst),1,0,19
818449,2021-07-31,105,Oberwart,Frauen,20 bis 24 Jahre,B9999,unbestimmt (nur Pst),1,20,24
818461,2021-07-31,105,Oberwart,Frauen,25 bis 29 Jahre,B9999,unbestimmt (nur Pst),1,25,29
818862,2021-07-31,201,Feldkirchen,Frauen,25 bis 29 Jahre,B9999,unbestimmt (nur Pst),1,25,29
818910,2021-07-31,202,Hermagor,Männer,bis 19 Jahre,B9999,unbestimmt (nur Pst),1,0,19
818940,2021-07-31,203,Klagenfurt,Frauen,bis 19 Jahre,B9999,unbestimmt (nur Pst),1,0,19
818967,2021-07-31,203,Klagenfurt,Frauen,20 bis 24 Jahre,B9999,unbestimmt (nur Pst),2,20,24
818986,2021-07-31,203,Klagenfurt,Frauen,25 bis 29 Jahre,B9999,unbestimmt (nur Pst),1,25,29
819010,2021-07-31,203,Klagenfurt,Frauen,30 bis 34 Jahre,B9999,unbestimmt (nur Pst),1,30,34
819057,2021-07-31,203,Klagenfurt,Frauen,40 bis 44 Jahre,B9999,unbestimmt (nur Pst),2,40,44
819086,2021-07-31,203,Klagenfurt,Frauen,45 bis 49 Jahre,B9999,unbestimmt (nur Pst),1,45,49
819102,2021-07-31,203,Klagenfurt,Frauen,50 bis 54 Jahre,B9999,unbestimmt (nur Pst),1,50,54
819117,2021-07-31,203,Klagenfurt,Frauen,55 bis 59 Jahre,B9999,unbestimmt (nur Pst),1,55,59
819137,2021-07-31,203,Klagenfurt,Männer,bis 19 Jahre,B9999,unbestimmt (nur Pst),4,0,19
819164,2021-07-31,203,Klagenfurt,Männer,20 bis 24 Jahre,B9999,unbestimmt (nur Pst),1,20,24
819190,2021-07-31,203,Klagenfurt,Männer,25 bis 29 Jahre,B9999,unbestimmt (nur Pst),2,25,29
819212,2021-07-31,203,Klagenfurt,Männer,30 bis 34 Jahre,B9999,unbestimmt (nur Pst),2,30,34
819238,2021-07-31,203,Klagenfurt,Männer,40 bis 44 Jahre,B9999,unbestimmt (nur Pst),1,40,44
819274,2021-07-31,203,Klagenfurt,Männer,50 bis 54 Jahre,B9999,unbestimmt (nur Pst),1,50,54
819286,2021-07-31,203,Klagenfurt,Männer,55 bis 59 Jahre,B9999,unbestimmt (nur Pst),1,55,59
819382,2021-07-31,204,Spittal/Drau,Männer,bis 19 Jahre,B9999,unbestimmt (nur Pst),2,0,19
819449,2021-07-31,205,St. Veit/Glan,Frauen,bis 19 Jahre,B9999,unbestimmt (nur Pst),1,0,19
819471,2021-07-31,205,St. Veit/Glan,Frauen,25 bis 29 Jahre,B9999,unbestimmt (nur Pst),1,25,29
819863,2021-07-31,206,Villach,Männer,35 bis 39 Jahre,B9999,unbestimmt (nur Pst),1,35,39
819983,2021-07-31,207,Völkermarkt,Männer,bis 19 Jahre,B9999,unbestimmt (nur Pst),1,0,19
820078,2021-07-31,208,Wolfsberg,Frauen,30 bis 34 Jahre,B9999,unbestimmt (nur Pst),1,30,34
820122,2021-07-31,208,Wolfsberg,Männer,bis 19 Jahre,B9999,unbestimmt (nur Pst),2,0,19
820209,2021-07-31,301,Amstetten,Frauen,bis 19 Jahre,B9999,unbestimmt (nur Pst),4,0,19
820233,2021-07-31,301,Amstetten,Frauen,20 bis 24 Jahre,B9999,unbestimmt (nur Pst),4,20,24
820246,2021-07-31,301,Amstetten,Frauen,25 bis 29 Jahre,B9999,unbestimmt (nur Pst),1,25,29
820339,2021-07-31,301,Amstetten,Männer,bis 19 Jahre,B9999,unbestimmt (nur Pst),12,0,19
820374,2021-07-31,301,Amstetten,Männer,25 bis 29 Jahre,B9999,unbestimmt (nur Pst),3,25,29
820464,2021-07-31,301,Amstetten,Männer,55 bis 59 Jahre,B9999,unbestimmt (nur Pst),1,55,59
820492,2021-07-31,304,Baden neu,Frauen,bis 19 Jahre,B9999,unbestimmt (nur Pst),1,0,19
820522,2021-07-31,304,Baden neu,Frauen,20 bis 24 Jahre,B9999,unbestimmt (nur Pst),5,20,24
820538,2021-07-31,304,Baden neu,Frauen,25 bis 29 Jahre,B9999,unbestimmt (nur Pst),1,25,29
820675,2021-07-31,304,Baden neu,Männer,bis 19 Jahre,B9999,unbestimmt (nur Pst),4,0,19
820721,2021-07-31,304,Baden neu,Männer,20 bis 24 Jahre,B9999,unbestimmt (nur Pst),4,20,24
820842,2021-07-31,304,Baden neu,Männer,60 bis 64 Jahre,B9999,unbestimmt (nur Pst),1,60,64
820854,2021-07-31,306,Bruck/Leitha,Frauen,bis 19 Jahre,B9999,unbestimmt (nur Pst),4,0,19
820954,2021-07-31,306,Bruck/Leitha,Männer,bis 19 Jahre,B9999,unbestimmt (nur Pst),3,0,19
820971,2021-07-31,306,Bruck/Leitha,Männer,20 bis 24 Jahre,B9999,unbestimmt (nur Pst),2,20,24
821033,2021-07-31,308,Gänserndorf,Frauen,bis 19 Jahre,B9999,unbestimmt (nur Pst),4,0,19
821081,2021-07-31,308,Gänserndorf,Frauen,25 bis 29 Jahre,B9999,unbestimmt (nur Pst),2,25,29
821193,2021-07-31,308,Gänserndorf,Männer,bis 19 Jahre,B9999,unbestimmt (nur Pst),3,0,19
821232,2021-07-31,308,Gänserndorf,Männer,20 bis 24 Jahre,B9999,unbestimmt (nur Pst),1,20,24
821337,2021-07-31,311,Gmünd,Frauen,bis 19 Jahre,B9999,unbestimmt (nur Pst),1,0,19
821413,2021-07-31,311,Gmünd,Männer,bis 19 Jahre,B9999,unbestimmt (nur Pst),2,0,19
821467,2021-07-31,312,Hollabrunn,Frauen,bis 19 Jahre,B9999,unbestimmt (nur Pst),2,0,19
821497,2021-07-31,312,Hollabrunn,Frauen,25 bis 29 Jahre,B9999,unbestimmt (nur Pst),1,25,29
821555,2021-07-31,312,Hollabrunn,Männer,bis 19 Jahre,B9999,unbestimmt (nur Pst),1,0,19
821613,2021-07-31,313,Horn,Frauen,bis 19 Jahre,B9999,unbestimmt (nur Pst),1,0,19
821624,2021-07-31,313,Horn,Frauen,20 bis 24 Jahre,B9999,unbestimmt (nur Pst),1,20,24
821662,2021-07-31,313,Horn,Männer,bis 19 Jahre,B9999,unbestimmt (nur Pst),1,0,19
821669,2021-07-31,313,Horn,Männer,20 bis 24 Jahre,B9999,unbestimmt (nur Pst),1,20,24
821712,2021-07-31,314,Korneuburg,Frauen,bis 19 Jahre,B9999,unbestimmt (nur Pst),1,0,19
821727,2021-07-31,314,Korneuburg,Frauen,20 bis 24 Jahre,B9999,unbestimmt (nur Pst),3,20,24
821838,2021-07-31,314,Korneuburg,Männer,bis 19 Jahre,B9999,unbestimmt (nur Pst),4,0,19
821863,2021-07-31,314,Korneuburg,Männer,20 bis 24 Jahre,B9999,unbestimmt (nur Pst),2,20,24
821959,2021-07-31,315,Krems,Frauen,bis 19 Jahre,B9999,unbestimmt (nur Pst),3,0,19
822074,2021-07-31,315,Krems,Männer,bis 19 Jahre,B9999,unbestimmt (nur Pst),2,0,19
822147,2021-07-31,315,Krems,Männer,35 bis 39 Jahre,B9999,unbestimmt (nur Pst),1,35,39
822200,2021-07-31,316,Lilienfeld,Frauen,20 bis 24 Jahre,B9999,unbestimmt (nur Pst),1,20,24
822231,2021-07-31,316,Lilienfeld,Frauen,40 bis 44 Jahre,B9999,unbestimmt (nur Pst),1,40,44
822301,2021-07-31,317,Melk,Frauen,bis 19 Jahre,B9999,unbestimmt (nur Pst),1,0,19
822517,2021-07-31,319,Mistelbach,Frauen,bis 19 Jahre,B9999,unbestimmt (nur Pst),5,0,19
822528,2021-07-31,319,Mistelbach,Frauen,20 bis 24 Jahre,B9999,unbestimmt (nur Pst),1,20,24
822602,2021-07-31,319,Mistelbach,Männer,bis 19 Jahre,B9999,unbestimmt (nur Pst),3,0,19
822621,2021-07-31,319,Mistelbach,Männer,20 bis 24 Jahre,B9999,unbestimmt (nur Pst),1,20,24
822699,2021-07-31,321,Mödling,Frauen,bis 19 Jahre,B9999,unbestimmt (nur Pst),5,0,19
822725,2021-07-31,321,Mödling,Frauen,20 bis 24 Jahre,B9999,unbestimmt (nur Pst),1,20,24
822746,2021-07-31,321,Mödling,Frauen,25 bis 29 Jahre,B9999,unbestimmt (nur Pst),1,25,29
822878,2021-07-31,321,Mödling,Männer,bis 19 Jahre,B9999,unbestimmt (nur Pst),3,0,19
822909,2021-07-31,321,Mödling,Männer,20 bis 24 Jahre,B9999,unbestimmt (nur Pst),5,20,24
822938,2021-07-31,321,Mödling,Männer,30 bis 34 Jahre,B9999,unbestimmt (nur Pst),1,30,34
823034,2021-07-31,323,Neunkirchen,Frauen,bis 19 Jahre,B9999,unbestimmt (nur Pst),2,0,19
823316,2021-07-31,326,St. Pölten,Frauen,bis 19 Jahre,B9999,unbestimmt (nur Pst),15,0,19
823347,2021-07-31,326,St. Pölten,Frauen,20 bis 24 Jahre,B9999,unbestimmt (nur Pst),4,20,24
823491,2021-07-31,326,St. Pölten,Frauen,50 bis 54 Jahre,B9999,unbestimmt (nur Pst),1,50,54
823529,2021-07-31,326,St. Pölten,Männer,bis 19 Jahre,B9999,unbestimmt (nur Pst),10,0,19
823569,2021-07-31,326,St. Pölten,Männer,20 bis 24 Jahre,B9999,unbestimmt (nur Pst),3,20,24
823600,2021-07-31,326,St. Pölten,Männer,25 bis 29 Jahre,B9999,unbestimmt (nur Pst),1,25,29
823743,2021-07-31,328,Scheibbs,Frauen,bis 19 Jahre,B9999,unbestimmt (nur Pst),2,0,19
823755,2021-07-31,328,Scheibbs,Frauen,20 bis 24 Jahre,B9999,unbestimmt (nur Pst),1,20,24
823798,2021-07-31,328,Scheibbs,Männer,bis 19 Jahre,B9999,unbestimmt (nur Pst),3,0,19
823808,2021-07-31,328,Scheibbs,Männer,20 bis 24 Jahre,B9999,unbestimmt (nur Pst),1,20,24
823859,2021-07-31,329,Schwechat,Frauen,bis 19 Jahre,B9999,unbestimmt (nur Pst),1,0,19
823979,2021-07-31,329,Schwechat,Männer,bis 19 Jahre,B9999,unbestimmt (nur Pst),1,0,19
824081,2021-07-31,331,Tulln,Frauen,bis 19 Jahre,B9999,unbestimmt (nur Pst),2,0,19
824102,2021-07-31,331,Tulln,Frauen,20 bis 24 Jahre,B9999,unbestimmt (nur Pst),2,20,24
824133,2021-07-31,331,Tulln,Frauen,30 bis 34 Jahre,B9999,unbestimmt (nur Pst),1,30,34
824213,2021-07-31,331,Tulln,Männer,bis 19 Jahre,B9999,unbestimmt (nur Pst),7,0,19
824238,2021-07-31,331,Tulln,Männer,20 bis 24 Jahre,B9999,unbestimmt (nur Pst),1,20,24
824247,2021-07-31,331,Tulln,Männer,25 bis 29 Jahre,B9999,unbestimmt (nur Pst),1,25,29
824267,2021-07-31,331,Tulln,Männer,35 bis 39 Jahre,B9999,unbestimmt (nur Pst),1,35,39
824319,2021-07-31,332,Waidhofen/Thaya,Frauen,bis 19 Jahre,B9999,unbestimmt (nur Pst),2,0,19
824335,2021-07-31,332,Waidhofen/Thaya,Frauen,20 bis 24 Jahre,B9999,unbestimmt (nur Pst),1,20,24
824373,2021-07-31,332,Waidhofen/Thaya,Männer,bis 19 Jahre,B9999,unbestimmt (nur Pst),2,0,19
824385,2021-07-31,332,Waidhofen/Thaya,Männer,20 bis 24 Jahre,B9999,unbestimmt (nur Pst),1,20,24
824411,2021-07-31,333,Waidhofen/Ybbs,Frauen,bis 19 Jahre,B9999,unbestimmt (nur Pst),1,0,19
824448,2021-07-31,333,Waidhofen/Ybbs,Männer,bis 19 Jahre,B9999,unbestimmt (nur Pst),2,0,19
824502,2021-07-31,334,Wr. Neustadt,Frauen,bis 19 Jahre,B9999,unbestimmt (nur Pst),4,0,19
824569,2021-07-31,334,Wr. Neustadt,Frauen,30 bis 34 Jahre,B9999,unbestimmt (nur Pst),1,30,34
824892,2021-07-31,335,Zwettl,Frauen,25 bis 29 Jahre,B9999,unbestimmt (nur Pst),1,25,29
824979,2021-07-31,401,Braunau,Frauen,bis 19 Jahre,B9999,unbestimmt (nur Pst),16,0,19
824999,2021-07-31,401,Braunau,Frauen,20 bis 24 Jahre,B9999,unbestimmt (nur Pst),4,20,24
825018,2021-07-31,401,Braunau,Frauen,25 bis 29 Jahre,B9999,unbestimmt (nur Pst),4,25,29
825053,2021-07-31,401,Braunau,Frauen,35 bis 39 Jahre,B9999,unbestimmt (nur Pst),1,35,39
825088,2021-07-31,401,Braunau,Frauen,45 bis 49 Jahre,B9999,unbestimmt (nur Pst),1,45,49
825099,2021-07-31,401,Braunau,Frauen,50 bis 54 Jahre,B9999,unbestimmt (nur Pst),2,50,54
825124,2021-07-31,401,Braunau,Männer,bis 19 Jahre,B9999,unbestimmt (nur Pst),15,0,19
825155,2021-07-31,401,Braunau,Männer,20 bis 24 Jahre,B9999,unbestimmt (nur Pst),4,20,24
825172,2021-07-31,401,Braunau,Männer,25 bis 29 Jahre,B9999,unbestimmt (nur Pst),2,25,29
825188,2021-07-31,401,Braunau,Männer,30 bis 34 Jahre,B9999,unbestimmt (nur Pst),1,30,34
825226,2021-07-31,401,Braunau,Männer,45 bis 49 Jahre,B9999,unbestimmt (nur Pst),2,45,49
825238,2021-07-31,401,Braunau,Männer,50 bis 54 Jahre,B9999,unbestimmt (nur Pst),1,50,54
825262,2021-07-31,402,Eferding,Frauen,bis 19 Jahre,B9999,unbestimmt (nur Pst),1,0,19
825272,2021-07-31,402,Eferding,Frauen,20 bis 24 Jahre,B9999,unbestimmt (nur Pst),1,20,24
825330,2021-07-31,402,Eferding,Männer,20 bis 24 Jahre,B9999,unbestimmt (nur Pst),1,20,24
825358,2021-07-31,402,Eferding,Männer,45 bis 49 Jahre,B9999,unbestimmt (nur Pst),1,45,49
825414,2021-07-31,403,Freistadt,Frauen,25 bis 29 Jahre,B9999,unbestimmt (nur Pst),1,25,29
825495,2021-07-31,403,Freistadt,Männer,20 bis 24 Jahre,B9999,unbestimmt (nur Pst),1,20,24
825562,2021-07-31,403,Freistadt,Männer,55 bis 59 Jahre,B9999,unbestimmt (nur Pst),1,55,59
825579,2021-07-31,404,Gmunden,Frauen,bis 19 Jahre,B9999,unbestimmt (nur Pst),8,0,19
825738,2021-07-31,404,Gmunden,Männer,bis 19 Jahre,B9999,unbestimmt (nur Pst),4,0,19
826043,2021-07-31,407,Kirchdorf/Krems,Frauen,bis 19 Jahre,B9999,unbestimmt (nur Pst),3,0,19
826073,2021-07-31,407,Kirchdorf/Krems,Frauen,25 bis 29 Jahre,B9999,unbestimmt (nur Pst),1,25,29
826084,2021-07-31,407,Kirchdorf/Krems,Frauen,30 bis 34 Jahre,B9999,unbestimmt (nur Pst),1,30,34
826148,2021-07-31,407,Kirchdorf/Krems,Männer,bis 19 Jahre,B9999,unbestimmt (nur Pst),2,0,19
826166,2021-07-31,407,Kirchdorf/Krems,Männer,20 bis 24 Jahre,B9999,unbestimmt (nur Pst),1,20,24
826249,2021-07-31,409,Linz neu,Frauen,bis 19 Jahre,B9999,unbestimmt (nur Pst),16,0,19
826293,2021-07-31,409,Linz neu,Frauen,20 bis 24 Jahre,B9999,unbestimmt (nur Pst),6,20,24
826340,2021-07-31,409,Linz neu,Frauen,25 bis 29 Jahre,B9999,unbestimmt (nur Pst),6,25,29
826382,2021-07-31,409,Linz neu,Frauen,30 bis 34 Jahre,B9999,unbestimmt (nur Pst),4,30,34
826466,2021-07-31,409,Linz neu,Frauen,40 bis 44 Jahre,B9999,unbestimmt (nur Pst),1,40,44
826577,2021-07-31,409,Linz neu,Männer,bis 19 Jahre,B9999,unbestimmt (nur Pst),19,0,19
826631,2021-07-31,409,Linz neu,Männer,20 bis 24 Jahre,B9999,unbestimmt (nur Pst),14,20,24
826695,2021-07-31,409,Linz neu,Männer,25 bis 29 Jahre,B9999,unbestimmt (nur Pst),3,25,29
826745,2021-07-31,409,Linz neu,Männer,30 bis 34 Jahre,B9999,unbestimmt (nur Pst),2,30,34
826795,2021-07-31,409,Linz neu,Männer,35 bis 39 Jahre,B9999,unbestimmt (nur Pst),1,35,39
826837,2021-07-31,409,Linz neu,Männer,40 bis 44 Jahre,B9999,unbestimmt (nur Pst),1,40,44
826872,2021-07-31,409,Linz neu,Männer,45 bis 49 Jahre,B9999,unbestimmt (nur Pst),1,45,49
826935,2021-07-31,409,Linz neu,Männer,55 bis 59 Jahre,B9999,unbestimmt (nur Pst),1,55,59
826943,2021-07-31,409,Linz neu,Männer,60 bis 64 Jahre,B9999,unbestimmt (nur Pst),1,60,64
826966,2021-07-31,411,Perg,Frauen,20 bis 24 Jahre,B9999,unbestimmt (nur Pst),1,20,24
827092,2021-07-31,411,Perg,Männer,20 bis 24 Jahre,B9999,unbestimmt (nur Pst),2,20,24
827173,2021-07-31,411,Perg,Männer,55 bis 59 Jahre,B9999,unbestimmt (nur Pst),1,55,59
827183,2021-07-31,412,Ried im Innkreis,Frauen,bis 19 Jahre,B9999,unbestimmt (nur Pst),10,0,19
827214,2021-07-31,412,Ried im Innkreis,Frauen,25 bis 29 Jahre,B9999,unbestimmt (nur Pst),3,25,29
827244,2021-07-31,412,Ried im Innkreis,Frauen,35 bis 39 Jahre,B9999,unbestimmt (nur Pst),1,35,39
827259,2021-07-31,412,Ried im Innkreis,Frauen,40 bis 44 Jahre,B9999,unbestimmt (nur Pst),1,40,44
827271,2021-07-31,412,Ried im Innkreis,Frauen,45 bis 49 Jahre,B9999,unbestimmt (nur Pst),1,45,49
827302,2021-07-31,412,Ried im Innkreis,Männer,bis 19 Jahre,B9999,unbestimmt (nur Pst),6,0,19
827408,2021-07-31,413,Rohrbach,Frauen,bis 19 Jahre,B9999,unbestimmt (nur Pst),2,0,19
827416,2021-07-31,413,Rohrbach,Frauen,20 bis 24 Jahre,B9999,unbestimmt (nur Pst),1,20,24
827426,2021-07-31,413,Rohrbach,Frauen,25 bis 29 Jahre,B9999,unbestimmt (nur Pst),1,25,29
827437,2021-07-31,413,Rohrbach,Frauen,30 bis 34 Jahre,B9999,unbestimmt (nur Pst),1,30,34
827483,2021-07-31,413,Rohrbach,Männer,20 bis 24 Jahre,B9999,unbestimmt (nur Pst),1,20,24
827511,2021-07-31,413,Rohrbach,Männer,40 bis 44 Jahre,B9999,unbestimmt (nur Pst),1,40,44
827552,2021-07-31,414,Schärding,Frauen,20 bis 24 Jahre,B9999,unbestimmt (nur Pst),1,20,24
827561,2021-07-31,414,Schärding,Frauen,25 bis 29 Jahre,B9999,unbestimmt (nur Pst),1,25,29
827614,2021-07-31,414,Schärding,Männer,bis 19 Jahre,B9999,unbestimmt (nur Pst),1,0,19
827692,2021-07-31,415,Steyr,Frauen,bis 19 Jahre,B9999,unbestimmt (nur Pst),9,0,19
827716,2021-07-31,415,Steyr,Frauen,20 bis 24 Jahre,B9999,unbestimmt (nur Pst),5,20,24
827766,2021-07-31,415,Steyr,Frauen,30 bis 34 Jahre,B9999,unbestimmt (nur Pst),1,30,34
827784,2021-07-31,415,Steyr,Frauen,35 bis 39 Jahre,B9999,unbestimmt (nur Pst),1,35,39
827797,2021-07-31,415,Steyr,Frauen,40 bis 44 Jahre,B9999,unbestimmt (nur Pst),1,40,44
827851,2021-07-31,415,Steyr,Männer,bis 19 Jahre,B9999,unbestimmt (nur Pst),8,0,19
827882,2021-07-31,415,Steyr,Männer,20 bis 24 Jahre,B9999,unbestimmt (nur Pst),2,20,24
828137,2021-07-31,418,Vöcklabruck,Frauen,45 bis 49 Jahre,B9999,unbestimmt (nur Pst),1,45,49
828193,2021-07-31,418,Vöcklabruck,Männer,bis 19 Jahre,B9999,unbestimmt (nur Pst),7,0,19
828215,2021-07-31,418,Vöcklabruck,Männer,20 bis 24 Jahre,B9999,unbestimmt (nur Pst),2,20,24
828233,2021-07-31,418,Vöcklabruck,Männer,25 bis 29 Jahre,B9999,unbestimmt (nur Pst),1,25,29
828360,2021-07-31,419,Wels,Frauen,bis 19 Jahre,B9999,unbestimmt (nur Pst),1,0,19
828387,2021-07-31,419,Wels,Frauen,20 bis 24 Jahre,B9999,unbestimmt (nur Pst),1,20,24
828437,2021-07-31,419,Wels,Frauen,30 bis 34 Jahre,B9999,unbestimmt (nur Pst),1,30,34
828498,2021-07-31,419,Wels,Frauen,45 bis 49 Jahre,B9999,unbestimmt (nur Pst),2,45,49
828553,2021-07-31,419,Wels,Männer,bis 19 Jahre,B9999,unbestimmt (nur Pst),2,0,19
828723,2021-07-31,421,Traun,Frauen,bis 19 Jahre,B9999,unbestimmt (nur Pst),4,0,19
828751,2021-07-31,421,Traun,Frauen,20 bis 24 Jahre,B9999,unbestimmt (nur Pst),1,20,24
828777,2021-07-31,421,Traun,Frauen,25 bis 29 Jahre,B9999,unbestimmt (nur Pst),2,25,29
828803,2021-07-31,421,Traun,Frauen,30 bis 34 Jahre,B9999,unbestimmt (nur Pst),2,30,34
828827,2021-07-31,421,Traun,Frauen,35 bis 39 Jahre,B9999,unbestimmt (nur Pst),1,35,39
828880,2021-07-31,421,Traun,Frauen,45 bis 49 Jahre,B9999,unbestimmt (nur Pst),1,45,49
828942,2021-07-31,421,Traun,Männer,bis 19 Jahre,B9999,unbestimmt (nur Pst),2,0,19
828967,2021-07-31,421,Traun,Männer,20 bis 24 Jahre,B9999,unbestimmt (nur Pst),2,20,24
829053,2021-07-31,421,Traun,Männer,35 bis 39 Jahre,B9999,unbestimmt (nur Pst),1,35,39
829078,2021-07-31,421,Traun,Männer,40 bis 44 Jahre,B9999,unbestimmt (nur Pst),1,40,44
829115,2021-07-31,421,Traun,Männer,50 bis 54 Jahre,B9999,unbestimmt (nur Pst),1,50,54
829153,2021-07-31,501,Bischofshofen,Frauen,bis 19 Jahre,B9999,unbestimmt (nur Pst),1,0,19
829208,2021-07-31,501,Bischofshofen,Frauen,30 bis 34 Jahre,B9999,unbestimmt (nur Pst),1,30,34
829249,2021-07-31,501,Bischofshofen,Frauen,45 bis 49 Jahre,B9999,unbestimmt (nur Pst),1,45,49
829293,2021-07-31,501,Bischofshofen,Männer,20 bis 24 Jahre,B9999,unbestimmt (nur Pst),1,20,24
829320,2021-07-31,501,Bischofshofen,Männer,35 bis 39 Jahre,B9999,unbestimmt (nur Pst),1,35,39
829439,2021-07-31,503,Hallein,Männer,bis 19 Jahre,B9999,unbestimmt (nur Pst),3,0,19
829676,2021-07-31,504,Salzburg,Frauen,35 bis 39 Jahre,B9999,unbestimmt (nur Pst),1,35,39
829757,2021-07-31,504,Salzburg,Frauen,50 bis 54 Jahre,B9999,unbestimmt (nur Pst),1,50,54
829801,2021-07-31,504,Salzburg,Männer,bis 19 Jahre,B9999,unbestimmt (nur Pst),1,0,19
829888,2021-07-31,504,Salzburg,Männer,25 bis 29 Jahre,B9999,unbestimmt (nur Pst),1,25,29
830043,2021-07-31,504,Salzburg,Männer,50 bis 54 Jahre,B9999,unbestimmt (nur Pst),1,50,54
830124,2021-07-31,506,Zell am See,Frauen,bis 19 Jahre,B9999,unbestimmt (nur Pst),1,0,19
830207,2021-07-31,506,Zell am See,Männer,bis 19 Jahre,B9999,unbestimmt (nur Pst),3,0,19
830222,2021-07-31,506,Zell am See,Männer,20 bis 24 Jahre,B9999,unbestimmt (nur Pst),1,20,24
830239,2021-07-31,506,Zell am See,Männer,30 bis 34 Jahre,B9999,unbestimmt (nur Pst),1,30,34
830287,2021-07-31,601,Bruck/Mur,Frauen,bis 19 Jahre,B9999,unbestimmt (nur Pst),5,0,19
830312,2021-07-31,601,Bruck/Mur,Frauen,20 bis 24 Jahre,B9999,unbestimmt (nur Pst),4,20,24
830419,2021-07-31,601,Bruck/Mur,Männer,bis 19 Jahre,B9999,unbestimmt (nur Pst),5,0,19
830795,2021-07-31,604,Feldbach,Frauen,bis 19 Jahre,B9999,unbestimmt (nur Pst),3,0,19
830881,2021-07-31,604,Feldbach,Frauen,40 bis 44 Jahre,B9999,unbestimmt (nur Pst),1,40,44
831060,2021-07-31,606,Gleisdorf,Frauen,bis 19 Jahre,B9999,unbestimmt (nur Pst),1,0,19
831075,2021-07-31,606,Gleisdorf,Frauen,20 bis 24 Jahre,B9999,unbestimmt (nur Pst),2,20,24
831147,2021-07-31,606,Gleisdorf,Männer,bis 19 Jahre,B9999,unbestimmt (nur Pst),1,0,19
831159,2021-07-31,606,Gleisdorf,Männer,20 bis 24 Jahre,B9999,unbestimmt (nur Pst),1,20,24
831228,2021-07-31,609,Hartberg,Frauen,bis 19 Jahre,B9999,unbestimmt (nur Pst),1,0,19
831356,2021-07-31,609,Hartberg,Frauen,45 bis 49 Jahre,B9999,unbestimmt (nur Pst),1,45,49
831404,2021-07-31,609,Hartberg,Männer,bis 19 Jahre,B9999,unbestimmt (nur Pst),3,0,19
831427,2021-07-31,609,Hartberg,Männer,20 bis 24 Jahre,B9999,unbestimmt (nur Pst),1,20,24
831565,2021-07-31,610,Judenburg,Frauen,bis 19 Jahre,B9999,unbestimmt (nur Pst),2,0,19
831693,2021-07-31,610,Judenburg,Männer,bis 19 Jahre,B9999,unbestimmt (nur Pst),2,0,19
831707,2021-07-31,610,Judenburg,Männer,20 bis 24 Jahre,B9999,unbestimmt (nur Pst),1,20,24
831796,2021-07-31,611,Murau,Frauen,bis 19 Jahre,B9999,unbestimmt (nur Pst),1,0,19
831885,2021-07-31,614,Leibnitz,Frauen,bis 19 Jahre,B9999,unbestimmt (nur Pst),2,0,19
831909,2021-07-31,614,Leibnitz,Frauen,20 bis 24 Jahre,B9999,unbestimmt (nur Pst),2,20,24
831933,2021-07-31,614,Leibnitz,Frauen,25 bis 29 Jahre,B9999,unbestimmt (nur Pst),1,25,29
832057,2021-07-31,614,Leibnitz,Männer,bis 19 Jahre,B9999,unbestimmt (nur Pst),1,0,19
832086,2021-07-31,614,Leibnitz,Männer,20 bis 24 Jahre,B9999,unbestimmt (nur Pst),1,20,24
832120,2021-07-31,614,Leibnitz,Männer,30 bis 34 Jahre,B9999,unbestimmt (nur Pst),1,30,34
832206,2021-07-31,616,Leoben,Frauen,20 bis 24 Jahre,B9999,unbestimmt (nur Pst),2,20,24
832221,2021-07-31,616,Leoben,Frauen,25 bis 29 Jahre,B9999,unbestimmt (nur Pst),1,25,29
832338,2021-07-31,616,Leoben,Männer,20 bis 24 Jahre,B9999,unbestimmt (nur Pst),2,20,24
832671,2021-07-31,621,Mürzzuschlag,Frauen,20 bis 24 Jahre,B9999,unbestimmt (nur Pst),2,20,24
832744,2021-07-31,621,Mürzzuschlag,Männer,bis 19 Jahre,B9999,unbestimmt (nur Pst),2,0,19
832760,2021-07-31,621,Mürzzuschlag,Männer,20 bis 24 Jahre,B9999,unbestimmt (nur Pst),3,20,24
832774,2021-07-31,621,Mürzzuschlag,Männer,25 bis 29 Jahre,B9999,unbestimmt (nur Pst),1,25,29
832843,2021-07-31,622,Voitsberg,Frauen,bis 19 Jahre,B9999,unbestimmt (nur Pst),3,0,19
832867,2021-07-31,622,Voitsberg,Frauen,20 bis 24 Jahre,B9999,unbestimmt (nur Pst),1,20,24
832960,2021-07-31,622,Voitsberg,Männer,bis 19 Jahre,B9999,unbestimmt (nur Pst),1,0,19
833044,2021-07-31,623,Weiz,Frauen,bis 19 Jahre,B9999,unbestimmt (nur Pst),4,0,19
833062,2021-07-31,623,Weiz,Frauen,25 bis 29 Jahre,B9999,unbestimmt (nur Pst),1,25,29
833074,2021-07-31,623,Weiz,Frauen,30 bis 34 Jahre,B9999,unbestimmt (nur Pst),1,30,34
833090,2021-07-31,623,Weiz,Frauen,40 bis 44 Jahre,B9999,unbestimmt (nur Pst),1,40,44
833102,2021-07-31,623,Weiz,Frauen,50 bis 54 Jahre,B9999,unbestimmt (nur Pst),2,50,54
833148,2021-07-31,623,Weiz,Männer,30 bis 34 Jahre,B9999,unbestimmt (nur Pst),2,30,34
833153,2021-07-31,623,Weiz,Männer,35 bis 39 Jahre,B9999,unbestimmt (nur Pst),1,35,39
833215,2021-07-31,630,Graz-West und Umgebung,Frauen,bis 19 Jahre,B9999,unbestimmt (nur Pst),3,0,19
833272,2021-07-31,630,Graz-West und Umgebung,Frauen,20 bis 24 Jahre,B9999,unbestimmt (nur Pst),4,20,24
833367,2021-07-31,630,Graz-West und Umgebung,Frauen,30 bis 34 Jahre,B9999,unbestimmt (nur Pst),1,30,34
833593,2021-07-31,630,Graz-West und Umgebung,Männer,bis 19 Jahre,B9999,unbestimmt (nur Pst),6,0,19
833654,2021-07-31,630,Graz-West und Umgebung,Männer,20 bis 24 Jahre,B9999,unbestimmt (nur Pst),4,20,24
833711,2021-07-31,630,Graz-West und Umgebung,Männer,25 bis 29 Jahre,B9999,unbestimmt (nur Pst),1,25,29
833760,2021-07-31,630,Graz-West und Umgebung,Männer,30 bis 34 Jahre,B9999,unbestimmt (nur Pst),1,30,34
833808,2021-07-31,630,Graz-West und Umgebung,Männer,35 bis 39 Jahre,B9999,unbestimmt (nur Pst),1,35,39
833958,2021-07-31,631,Graz-Ost,Frauen,bis 19 Jahre,B9999,unbestimmt (nur Pst),1,0,19
833989,2021-07-31,631,Graz-Ost,Frauen,20 bis 24 Jahre,B9999,unbestimmt (nur Pst),2,20,24
834058,2021-07-31,631,Graz-Ost,Frauen,30 bis 34 Jahre,B9999,unbestimmt (nur Pst),3,30,34
834217,2021-07-31,631,Graz-Ost,Männer,bis 19 Jahre,B9999,unbestimmt (nur Pst),3,0,19
834302,2021-07-31,631,Graz-Ost,Männer,25 bis 29 Jahre,B9999,unbestimmt (nur Pst),1,25,29
834470,2021-07-31,701,Imst,Frauen,bis 19 Jahre,B9999,unbestimmt (nur Pst),1,0,19
834497,2021-07-31,701,Imst,Frauen,35 bis 39 Jahre,B9999,unbestimmt (nur Pst),1,35,39
834529,2021-07-31,701,Imst,Männer,20 bis 24 Jahre,B9999,unbestimmt (nur Pst),1,20,24
834535,2021-07-31,701,Imst,Männer,25 bis 29 Jahre,B9999,unbestimmt (nur Pst),1,25,29
834551,2021-07-31,701,Imst,Männer,50 bis 54 Jahre,B9999,unbestimmt (nur Pst),1,50,54
834575,2021-07-31,702,Innsbruck,Frauen,bis 19 Jahre,B9999,unbestimmt (nur Pst),1,0,19
834606,2021-07-31,702,Innsbruck,Frauen,20 bis 24 Jahre,B9999,unbestimmt (nur Pst),1,20,24
834633,2021-07-31,702,Innsbruck,Frauen,25 bis 29 Jahre,B9999,unbestimmt (nur Pst),1,25,29
834693,2021-07-31,702,Innsbruck,Frauen,35 bis 39 Jahre,B9999,unbestimmt (nur Pst),1,35,39
834750,2021-07-31,702,Innsbruck,Frauen,45 bis 49 Jahre,B9999,unbestimmt (nur Pst),1,45,49
834774,2021-07-31,702,Innsbruck,Frauen,50 bis 54 Jahre,B9999,unbestimmt (nur Pst),2,50,54
834809,2021-07-31,702,Innsbruck,Männer,bis 19 Jahre,B9999,unbestimmt (nur Pst),1,0,19
835017,2021-07-31,702,Innsbruck,Männer,45 bis 49 Jahre,B9999,unbestimmt (nur Pst),2,45,49
835043,2021-07-31,702,Innsbruck,Männer,50 bis 54 Jahre,B9999,unbestimmt (nur Pst),1,50,54
835066,2021-07-31,704,Kitzbühel,Frauen,bis 19 Jahre,B9999,unbestimmt (nur Pst),2,0,19
835165,2021-07-31,705,Kufstein,Frauen,bis 19 Jahre,B9999,unbestimmt (nur Pst),5,0,19
835185,2021-07-31,705,Kufstein,Frauen,20 bis 24 Jahre,B9999,unbestimmt (nur Pst),1,20,24
835208,2021-07-31,705,Kufstein,Frauen,30 bis 34 Jahre,B9999,unbestimmt (nur Pst),1,30,34
835247,2021-07-31,705,Kufstein,Frauen,45 bis 49 Jahre,B9999,unbestimmt (nur Pst),1,45,49
835280,2021-07-31,705,Kufstein,Männer,bis 19 Jahre,B9999,unbestimmt (nur Pst),5,0,19
835319,2021-07-31,705,Kufstein,Männer,25 bis 29 Jahre,B9999,unbestimmt (nur Pst),1,25,29
835345,2021-07-31,705,Kufstein,Männer,35 bis 39 Jahre,B9999,unbestimmt (nur Pst),1,35,39
835394,2021-07-31,706,Landeck,Frauen,20 bis 24 Jahre,B9999,unbestimmt (nur Pst),1,20,24
835462,2021-07-31,707,Lienz,Frauen,bis 19 Jahre,B9999,unbestimmt (nur Pst),1,0,19
835506,2021-07-31,707,Lienz,Männer,30 bis 34 Jahre,B9999,unbestimmt (nur Pst),1,30,34
835577,2021-07-31,709,Schwaz,Frauen,bis 19 Jahre,B9999,unbestimmt (nur Pst),1,0,19
835733,2021-07-31,709,Schwaz,Männer,35 bis 39 Jahre,B9999,unbestimmt (nur Pst),1,35,39
835744,2021-07-31,709,Schwaz,Männer,40 bis 44 Jahre,B9999,unbestimmt (nur Pst),1,40,44
835751,2021-07-31,709,Schwaz,Männer,45 bis 49 Jahre,B9999,unbestimmt (nur Pst),1,45,49
835766,2021-07-31,801,Bludenz,Frauen,bis 19 Jahre,B9999,unbestimmt (nur Pst),2,0,19
835786,2021-07-31,801,Bludenz,Frauen,20 bis 24 Jahre,B9999,unbestimmt (nur Pst),1,20,24
835884,2021-07-31,801,Bludenz,Männer,bis 19 Jahre,B9999,unbestimmt (nur Pst),2,0,19
835917,2021-07-31,801,Bludenz,Männer,25 bis 29 Jahre,B9999,unbestimmt (nur Pst),1,25,29
835979,2021-07-31,802,Bregenz,Frauen,bis 19 Jahre,B9999,unbestimmt (nur Pst),2,0,19
836006,2021-07-31,802,Bregenz,Frauen,20 bis 24 Jahre,B9999,unbestimmt (nur Pst),1,20,24
836028,2021-07-31,802,Bregenz,Frauen,25 bis 29 Jahre,B9999,unbestimmt (nur Pst),1,25,29
836052,2021-07-31,802,Bregenz,Frauen,30 bis 34 Jahre,B9999,unbestimmt (nur Pst),1,30,34
836072,2021-07-31,802,Bregenz,Frauen,35 bis 39 Jahre,B9999,unbestimmt (nur Pst),1,35,39
836147,2021-07-31,802,Bregenz,Männer,bis 19 Jahre,B9999,unbestimmt (nur Pst),1,0,19
836288,2021-07-31,804,Dornbirn,Frauen,bis 19 Jahre,B9999,unbestimmt (nur Pst),2,0,19
836321,2021-07-31,804,Dornbirn,Frauen,20 bis 24 Jahre,B9999,unbestimmt (nur Pst),1,20,24
836402,2021-07-31,804,Dornbirn,Frauen,45 bis 49 Jahre,B9999,unbestimmt (nur Pst),1,45,49
836447,2021-07-31,804,Dornbirn,Männer,bis 19 Jahre,B9999,unbestimmt (nur Pst),2,0,19
836472,2021-07-31,804,Dornbirn,Männer,20 bis 24 Jahre,B9999,unbestimmt (nur Pst),1,20,24
836495,2021-07-31,804,Dornbirn,Männer,25 bis 29 Jahre,B9999,unbestimmt (nur Pst),1,25,29
836539,2021-07-31,804,Dornbirn,Männer,40 bis 44 Jahre,B9999,unbestimmt (nur Pst),1,40,44
836586,2021-07-31,805,Feldkirch,Frauen,bis 19 Jahre,B9999,unbestimmt (nur Pst),2,0,19
836610,2021-07-31,805,Feldkirch,Frauen,20 bis 24 Jahre,B9999,unbestimmt (nur Pst),3,20,24
836627,2021-07-31,805,Feldkirch,Frauen,25 bis 29 Jahre,B9999,unbestimmt (nur Pst),4,25,29
836644,2021-07-31,805,Feldkirch,Frauen,30 bis 34 Jahre,B9999,unbestimmt (nur Pst),1,30,34
836664,2021-07-31,805,Feldkirch,Frauen,35 bis 39 Jahre,B9999,unbestimmt (nur Pst),2,35,39
836682,2021-07-31,805,Feldkirch,Frauen,40 bis 44 Jahre,B9999,unbestimmt (nur Pst),1,40,44
836699,2021-07-31,805,Feldkirch,Frauen,45 bis 49 Jahre,B9999,unbestimmt (nur Pst),1,45,49
836741,2021-07-31,805,Feldkirch,Männer,bis 19 Jahre,B9999,unbestimmt (nur Pst),9,0,19
836777,2021-07-31,805,Feldkirch,Männer,20 bis 24 Jahre,B9999,unbestimmt (nur Pst),2,20,24
836803,2021-07-31,805,Feldkirch,Männer,25 bis 29 Jahre,B9999,unbestimmt (nur Pst),1,25,29
836830,2021-07-31,805,Feldkirch,Männer,35 bis 39 Jahre,B9999,unbestimmt (nur Pst),1,35,39
836840,2021-07-31,805,Feldkirch,Männer,40 bis 44 Jahre,B9999,unbestimmt (nur Pst),1,40,44
836849,2021-07-31,805,Feldkirch,Männer,45 bis 49 Jahre,B9999,unbestimmt (nur Pst),1,45,49
837879,2021-07-31,960,Wien Esteplatz,Frauen,30 bis 34 Jahre,B9999,unbestimmt (nur Pst),1,30,34
837923,2021-07-31,960,Wien Esteplatz,Frauen,35 bis 39 Jahre,B9999,unbestimmt (nur Pst),1,35,39
837991,2021-07-31,960,Wien Esteplatz,Frauen,45 bis 49 Jahre,B9999,unbestimmt (nur Pst),1,45,49
840136,2021-07-31,965,Wien Schönbrunner Straße,Frauen,25 bis 29 Jahre,B9999,unbestimmt (nur Pst),1,25,29
840453,2021-07-31,965,Wien Schönbrunner Straße,Männer,25 bis 29 Jahre,B9999,unbestimmt (nur Pst),1,25,29
840510,2021-07-31,965,Wien Schönbrunner Straße,Männer,30 bis 34 Jahre,B9999,unbestimmt (nur Pst),1,30,34
840614,2021-07-31,965,Wien Schönbrunner Straße,Männer,40 bis 44 Jahre,B9999,unbestimmt (nur Pst),1,40,44
840923,2021-07-31,966,Wien Hietzinger Kai,Frauen,40 bis 44 Jahre,B9999,unbestimmt (nur Pst),1,40,44
840951,2021-07-31,966,Wien Hietzinger Kai,Frauen,45 bis 49 Jahre,B9999,unbestimmt (nur Pst),1,45,49
841508,2021-07-31,967,Wien Huttengasse,Frauen,45 bis 49 Jahre,B9999,unbestimmt (nur Pst),1,45,49
841633,2021-07-31,967,Wien Huttengasse,Männer,25 bis 29 Jahre,B9999,unbestimmt (nur Pst),1,25,29
841759,2021-07-31,967,Wien Huttengasse,Männer,35 bis 39 Jahre,B9999,unbestimmt (nur Pst),1,35,39
842604,2021-07-31,969,Wien-Wagramer Straße,Frauen,30 bis 34 Jahre,B9999,unbestimmt (nur Pst),1,30,34
843232,2021-07-31,974,Wien Austria Campus,Frauen,35 bis 39 Jahre,B9999,unbestimmt (nur Pst),2,35,39
843453,2021-07-31,974,Wien Austria Campus,Männer,40 bis 44 Jahre,B9999,unbestimmt (nur Pst),1,40,44
843623,2021-07-31,975,Wien Jäger Straße,Frauen,30 bis 34 Jahre,B9999,unbestimmt (nur Pst),1,30,34
844033,2021-07-31,976,Wien Jugendliche I,Frauen,bis 19 Jahre,B9999,unbestimmt (nur Pst),3,0,19
844119,2021-07-31,976,Wien Jugendliche I,Frauen,20 bis 24 Jahre,B9999,unbestimmt (nur Pst),8,20,24
844201,2021-07-31,976,Wien Jugendliche I,Männer,bis 19 Jahre,B9999,unbestimmt (nur Pst),5,0,19
844331,2021-07-31,976,Wien Jugendliche I,Männer,20 bis 24 Jahre,B9999,unbestimmt (nur Pst),8,20,24
844406,2021-07-31,977,Wien Jugendliche II,Frauen,bis 19 Jahre,B9999,unbestimmt (nur Pst),6,0,19
844511,2021-07-31,977,Wien Jugendliche II,Frauen,20 bis 24 Jahre,B9999,unbestimmt (nur Pst),5,20,24
844606,2021-07-31,977,Wien Jugendliche II,Männer,bis 19 Jahre,B9999,unbestimmt (nur Pst),7,0,19
844725,2021-07-31,977,Wien Jugendliche II,Männer,20 bis 24 Jahre,B9999,unbestimmt (nur Pst),1,20,24
844855,2021-08-31,101,Eisenstadt,Männer,bis 19 Jahre,B9999,unbestimmt (nur Pst),2,0,19
844948,2021-08-31,102,Mattersburg,Frauen,bis 19 Jahre,B9999,unbestimmt (nur Pst),2,0,19
845004,2021-08-31,102,Mattersburg,Männer,bis 19 Jahre,B9999,unbestimmt (nur Pst),2,0,19
845020,2021-08-31,102,Mattersburg,Männer,25 bis 29 Jahre,B9999,unbestimmt (nur Pst),1,25,29
845088,2021-08-31,103,Neusiedl am See,Frauen,35 bis 39 Jahre,B9999,unbestimmt (nur Pst),1,35,39
845139,2021-08-31,103,Neusiedl am See,Männer,bis 19 Jahre,B9999,unbestimmt (nur Pst),1,0,19
845174,2021-08-31,103,Neusiedl am See,Männer,40 bis 44 Jahre,B9999,unbestimmt (nur Pst),1,40,44
845368,2021-08-31,105,Oberwart,Frauen,bis 19 Jahre,B9999,unbestimmt (nur Pst),1,0,19
845388,2021-08-31,105,Oberwart,Frauen,20 bis 24 Jahre,B9999,unbestimmt (nur Pst),1,20,24
845399,2021-08-31,105,Oberwart,Frauen,25 bis 29 Jahre,B9999,unbestimmt (nur Pst),1,25,29
845854,2021-08-31,201,Feldkirchen,Frauen,25 bis 29 Jahre,B9999,unbestimmt (nur Pst),1,25,29
845879,2021-08-31,201,Feldkirchen,Männer,bis 19 Jahre,B9999,unbestimmt (nur Pst),1,0,19
845911,2021-08-31,202,Hermagor,Männer,bis 19 Jahre,B9999,unbestimmt (nur Pst),1,0,19
845939,2021-08-31,203,Klagenfurt,Frauen,bis 19 Jahre,B9999,unbestimmt (nur Pst),4,0,19
845970,2021-08-31,203,Klagenfurt,Frauen,20 bis 24 Jahre,B9999,unbestimmt (nur Pst),1,20,24
845988,2021-08-31,203,Klagenfurt,Frauen,25 bis 29 Jahre,B9999,unbestimmt (nur Pst),1,25,29
846009,2021-08-31,203,Klagenfurt,Frauen,30 bis 34 Jahre,B9999,unbestimmt (nur Pst),1,30,34
846056,2021-08-31,203,Klagenfurt,Frauen,40 bis 44 Jahre,B9999,unbestimmt (nur Pst),3,40,44
846087,2021-08-31,203,Klagenfurt,Frauen,45 bis 49 Jahre,B9999,unbestimmt (nur Pst),1,45,49
846102,2021-08-31,203,Klagenfurt,Frauen,50 bis 54 Jahre,B9999,unbestimmt (nur Pst),1,50,54
846116,2021-08-31,203,Klagenfurt,Frauen,55 bis 59 Jahre,B9999,unbestimmt (nur Pst),1,55,59
846137,2021-08-31,203,Klagenfurt,Männer,bis 19 Jahre,B9999,unbestimmt (nur Pst),2,0,19
846166,2021-08-31,203,Klagenfurt,Männer,20 bis 24 Jahre,B9999,unbestimmt (nur Pst),1,20,24
846194,2021-08-31,203,Klagenfurt,Männer,25 bis 29 Jahre,B9999,unbestimmt (nur Pst),2,25,29
846218,2021-08-31,203,Klagenfurt,Männer,30 bis 34 Jahre,B9999,unbestimmt (nur Pst),3,30,34
846245,2021-08-31,203,Klagenfurt,Männer,40 bis 44 Jahre,B9999,unbestimmt (nur Pst),1,40,44
846277,2021-08-31,203,Klagenfurt,Männer,50 bis 54 Jahre,B9999,unbestimmt (nur Pst),1,50,54
846291,2021-08-31,203,Klagenfurt,Männer,55 bis 59 Jahre,B9999,unbestimmt (nur Pst),1,55,59
846382,2021-08-31,204,Spittal/Drau,Männer,bis 19 Jahre,B9999,unbestimmt (nur Pst),3,0,19
846446,2021-08-31,205,St. Veit/Glan,Frauen,bis 19 Jahre,B9999,unbestimmt (nur Pst),1,0,19
846468,2021-08-31,205,St. Veit/Glan,Frauen,25 bis 29 Jahre,B9999,unbestimmt (nur Pst),1,25,29
846712,2021-08-31,206,Villach,Frauen,40 bis 44 Jahre,B9999,unbestimmt (nur Pst),1,40,44
846969,2021-08-31,207,Völkermarkt,Männer,bis 19 Jahre,B9999,unbestimmt (nur Pst),1,0,19
847099,2021-08-31,208,Wolfsberg,Männer,bis 19 Jahre,B9999,unbestimmt (nur Pst),2,0,19
847179,2021-08-31,301,Amstetten,Frauen,bis 19 Jahre,B9999,unbestimmt (nur Pst),5,0,19
847202,2021-08-31,301,Amstetten,Frauen,20 bis 24 Jahre,B9999,unbestimmt (nur Pst),3,20,24
847216,2021-08-31,301,Amstetten,Frauen,25 bis 29 Jahre,B9999,unbestimmt (nur Pst),1,25,29
847308,2021-08-31,301,Amstetten,Männer,bis 19 Jahre,B9999,unbestimmt (nur Pst),11,0,19
847339,2021-08-31,301,Amstetten,Männer,25 bis 29 Jahre,B9999,unbestimmt (nur Pst),3,25,29
847427,2021-08-31,301,Amstetten,Männer,55 bis 59 Jahre,B9999,unbestimmt (nur Pst),1,55,59
847455,2021-08-31,304,Baden neu,Frauen,bis 19 Jahre,B9999,unbestimmt (nur Pst),1,0,19
847483,2021-08-31,304,Baden neu,Frauen,20 bis 24 Jahre,B9999,unbestimmt (nur Pst),3,20,24
847503,2021-08-31,304,Baden neu,Frauen,25 bis 29 Jahre,B9999,unbestimmt (nur Pst),1,25,29
847636,2021-08-31,304,Baden neu,Männer,bis 19 Jahre,B9999,unbestimmt (nur Pst),2,0,19
847674,2021-08-31,304,Baden neu,Männer,20 bis 24 Jahre,B9999,unbestimmt (nur Pst),5,20,24
847794,2021-08-31,304,Baden neu,Männer,60 bis 64 Jahre,B9999,unbestimmt (nur Pst),1,60,64
847806,2021-08-31,306,Bruck/Leitha,Frauen,bis 19 Jahre,B9999,unbestimmt (nur Pst),4,0,19
847899,2021-08-31,306,Bruck/Leitha,Männer,bis 19 Jahre,B9999,unbestimmt (nur Pst),3,0,19
847912,2021-08-31,306,Bruck/Leitha,Männer,20 bis 24 Jahre,B9999,unbestimmt (nur Pst),2,20,24
847955,2021-08-31,306,Bruck/Leitha,Männer,50 bis 54 Jahre,B9999,unbestimmt (nur Pst),1,50,54
847978,2021-08-31,308,Gänserndorf,Frauen,bis 19 Jahre,B9999,unbestimmt (nur Pst),5,0,19
848027,2021-08-31,308,Gänserndorf,Frauen,25 bis 29 Jahre,B9999,unbestimmt (nur Pst),3,25,29
848147,2021-08-31,308,Gänserndorf,Männer,bis 19 Jahre,B9999,unbestimmt (nur Pst),4,0,19
848182,2021-08-31,308,Gänserndorf,Männer,20 bis 24 Jahre,B9999,unbestimmt (nur Pst),1,20,24
848295,2021-08-31,311,Gmünd,Frauen,bis 19 Jahre,B9999,unbestimmt (nur Pst),1,0,19
848347,2021-08-31,311,Gmünd,Frauen,55 bis 59 Jahre,B9999,unbestimmt (nur Pst),1,55,59
848363,2021-08-31,311,Gmünd,Männer,bis 19 Jahre,B9999,unbestimmt (nur Pst),4,0,19
848425,2021-08-31,312,Hollabrunn,Frauen,bis 19 Jahre,B9999,unbestimmt (nur Pst),2,0,19
848453,2021-08-31,312,Hollabrunn,Frauen,25 bis 29 Jahre,B9999,unbestimmt (nur Pst),1,25,29
848515,2021-08-31,312,Hollabrunn,Männer,bis 19 Jahre,B9999,unbestimmt (nur Pst),2,0,19
848573,2021-08-31,313,Horn,Frauen,bis 19 Jahre,B9999,unbestimmt (nur Pst),1,0,19
848586,2021-08-31,313,Horn,Frauen,20 bis 24 Jahre,B9999,unbestimmt (nur Pst),1,20,24
848627,2021-08-31,313,Horn,Männer,bis 19 Jahre,B9999,unbestimmt (nur Pst),1,0,19
848634,2021-08-31,313,Horn,Männer,20 bis 24 Jahre,B9999,unbestimmt (nur Pst),2,20,24
848643,2021-08-31,313,Horn,Männer,25 bis 29 Jahre,B9999,unbestimmt (nur Pst),1,25,29
848679,2021-08-31,314,Korneuburg,Frauen,bis 19 Jahre,B9999,unbestimmt (nur Pst),2,0,19
848695,2021-08-31,314,Korneuburg,Frauen,20 bis 24 Jahre,B9999,unbestimmt (nur Pst),3,20,24
848811,2021-08-31,314,Korneuburg,Männer,bis 19 Jahre,B9999,unbestimmt (nur Pst),2,0,19
848837,2021-08-31,314,Korneuburg,Männer,20 bis 24 Jahre,B9999,unbestimmt (nur Pst),2,20,24
848878,2021-08-31,314,Korneuburg,Männer,35 bis 39 Jahre,B9999,unbestimmt (nur Pst),1,35,39
848923,2021-08-31,315,Krems,Frauen,bis 19 Jahre,B9999,unbestimmt (nur Pst),3,0,19
849045,2021-08-31,315,Krems,Männer,bis 19 Jahre,B9999,unbestimmt (nur Pst),2,0,19
849120,2021-08-31,315,Krems,Männer,35 bis 39 Jahre,B9999,unbestimmt (nur Pst),1,35,39
849141,2021-08-31,315,Krems,Männer,45 bis 49 Jahre,B9999,unbestimmt (nur Pst),1,45,49
849204,2021-08-31,316,Lilienfeld,Frauen,40 bis 44 Jahre,B9999,unbestimmt (nur Pst),1,40,44
849211,2021-08-31,316,Lilienfeld,Frauen,45 bis 49 Jahre,B9999,unbestimmt (nur Pst),1,45,49
849227,2021-08-31,316,Lilienfeld,Männer,bis 19 Jahre,B9999,unbestimmt (nur Pst),1,0,19
849272,2021-08-31,317,Melk,Frauen,bis 19 Jahre,B9999,unbestimmt (nur Pst),1,0,19
849491,2021-08-31,319,Mistelbach,Frauen,bis 19 Jahre,B9999,unbestimmt (nur Pst),6,0,19
849503,2021-08-31,319,Mistelbach,Frauen,20 bis 24 Jahre,B9999,unbestimmt (nur Pst),1,20,24
849580,2021-08-31,319,Mistelbach,Männer,bis 19 Jahre,B9999,unbestimmt (nur Pst),2,0,19
849597,2021-08-31,319,Mistelbach,Männer,20 bis 24 Jahre,B9999,unbestimmt (nur Pst),1,20,24
849680,2021-08-31,321,Mödling,Frauen,bis 19 Jahre,B9999,unbestimmt (nur Pst),6,0,19
849707,2021-08-31,321,Mödling,Frauen,20 bis 24 Jahre,B9999,unbestimmt (nur Pst),1,20,24
849728,2021-08-31,321,Mödling,Frauen,25 bis 29 Jahre,B9999,unbestimmt (nur Pst),1,25,29
849748,2021-08-31,321,Mödling,Frauen,30 bis 34 Jahre,B9999,unbestimmt (nur Pst),1,30,34
849856,2021-08-31,321,Mödling,Männer,bis 19 Jahre,B9999,unbestimmt (nur Pst),4,0,19
849888,2021-08-31,321,Mödling,Männer,20 bis 24 Jahre,B9999,unbestimmt (nur Pst),3,20,24
849922,2021-08-31,321,Mödling,Männer,30 bis 34 Jahre,B9999,unbestimmt (nur Pst),1,30,34
850032,2021-08-31,323,Neunkirchen,Frauen,bis 19 Jahre,B9999,unbestimmt (nur Pst),2,0,19
850285,2021-08-31,323,Neunkirchen,Männer,55 bis 59 Jahre,B9999,unbestimmt (nur Pst),1,55,59
850306,2021-08-31,326,St. Pölten,Frauen,bis 19 Jahre,B9999,unbestimmt (nur Pst),15,0,19
850337,2021-08-31,326,St. Pölten,Frauen,20 bis 24 Jahre,B9999,unbestimmt (nur Pst),3,20,24
850387,2021-08-31,326,St. Pölten,Frauen,30 bis 34 Jahre,B9999,unbestimmt (nur Pst),1,30,34
850481,2021-08-31,326,St. Pölten,Frauen,50 bis 54 Jahre,B9999,unbestimmt (nur Pst),1,50,54
850518,2021-08-31,326,St. Pölten,Männer,bis 19 Jahre,B9999,unbestimmt (nur Pst),10,0,19
850555,2021-08-31,326,St. Pölten,Männer,20 bis 24 Jahre,B9999,unbestimmt (nur Pst),3,20,24
850588,2021-08-31,326,St. Pölten,Männer,25 bis 29 Jahre,B9999,unbestimmt (nur Pst),1,25,29
850635,2021-08-31,326,St. Pölten,Männer,35 bis 39 Jahre,B9999,unbestimmt (nur Pst),1,35,39
850692,2021-08-31,326,St. Pölten,Männer,50 bis 54 Jahre,B9999,unbestimmt (nur Pst),1,50,54
850719,2021-08-31,328,Scheibbs,Frauen,bis 19 Jahre,B9999,unbestimmt (nur Pst),3,0,19
850728,2021-08-31,328,Scheibbs,Frauen,20 bis 24 Jahre,B9999,unbestimmt (nur Pst),1,20,24
850777,2021-08-31,328,Scheibbs,Männer,bis 19 Jahre,B9999,unbestimmt (nur Pst),3,0,19
850784,2021-08-31,328,Scheibbs,Männer,20 bis 24 Jahre,B9999,unbestimmt (nur Pst),1,20,24
850836,2021-08-31,329,Schwechat,Frauen,bis 19 Jahre,B9999,unbestimmt (nur Pst),1,0,19
850893,2021-08-31,329,Schwechat,Frauen,35 bis 39 Jahre,B9999,unbestimmt (nur Pst),1,35,39
850957,2021-08-31,329,Schwechat,Männer,bis 19 Jahre,B9999,unbestimmt (nur Pst),2,0,19
851066,2021-08-31,331,Tulln,Frauen,bis 19 Jahre,B9999,unbestimmt (nur Pst),3,0,19
851085,2021-08-31,331,Tulln,Frauen,20 bis 24 Jahre,B9999,unbestimmt (nur Pst),1,20,24
851119,2021-08-31,331,Tulln,Frauen,30 bis 34 Jahre,B9999,unbestimmt (nur Pst),2,30,34
851209,2021-08-31,331,Tulln,Männer,bis 19 Jahre,B9999,unbestimmt (nur Pst),9,0,19
851233,2021-08-31,331,Tulln,Männer,20 bis 24 Jahre,B9999,unbestimmt (nur Pst),1,20,24
851242,2021-08-31,331,Tulln,Männer,25 bis 29 Jahre,B9999,unbestimmt (nur Pst),1,25,29
851264,2021-08-31,331,Tulln,Männer,35 bis 39 Jahre,B9999,unbestimmt (nur Pst),1,35,39
851319,2021-08-31,332,Waidhofen/Thaya,Frauen,bis 19 Jahre,B9999,unbestimmt (nur Pst),2,0,19
851382,2021-08-31,332,Waidhofen/Thaya,Männer,bis 19 Jahre,B9999,unbestimmt (nur Pst),2,0,19
851393,2021-08-31,332,Waidhofen/Thaya,Männer,20 bis 24 Jahre,B9999,unbestimmt (nur Pst),1,20,24
851422,2021-08-31,333,Waidhofen/Ybbs,Frauen,bis 19 Jahre,B9999,unbestimmt (nur Pst),1,0,19
851462,2021-08-31,333,Waidhofen/Ybbs,Männer,bis 19 Jahre,B9999,unbestimmt (nur Pst),3,0,19
851506,2021-08-31,334,Wr. Neustadt,Frauen,bis 19 Jahre,B9999,unbestimmt (nur Pst),1,0,19
851584,2021-08-31,334,Wr. Neustadt,Frauen,30 bis 34 Jahre,B9999,unbestimmt (nur Pst),1,30,34
851915,2021-08-31,335,Zwettl,Frauen,25 bis 29 Jahre,B9999,unbestimmt (nur Pst),1,25,29
851946,2021-08-31,335,Zwettl,Männer,bis 19 Jahre,B9999,unbestimmt (nur Pst),1,0,19
852001,2021-08-31,401,Braunau,Frauen,bis 19 Jahre,B9999,unbestimmt (nur Pst),14,0,19
852019,2021-08-31,401,Braunau,Frauen,20 bis 24 Jahre,B9999,unbestimmt (nur Pst),5,20,24
852040,2021-08-31,401,Braunau,Frauen,25 bis 29 Jahre,B9999,unbestimmt (nur Pst),4,25,29
852105,2021-08-31,401,Braunau,Frauen,45 bis 49 Jahre,B9999,unbestimmt (nur Pst),1,45,49
852118,2021-08-31,401,Braunau,Frauen,50 bis 54 Jahre,B9999,unbestimmt (nur Pst),2,50,54
852145,2021-08-31,401,Braunau,Männer,bis 19 Jahre,B9999,unbestimmt (nur Pst),16,0,19
852177,2021-08-31,401,Braunau,Männer,20 bis 24 Jahre,B9999,unbestimmt (nur Pst),5,20,24
852196,2021-08-31,401,Braunau,Männer,25 bis 29 Jahre,B9999,unbestimmt (nur Pst),1,25,29
852213,2021-08-31,401,Braunau,Männer,30 bis 34 Jahre,B9999,unbestimmt (nur Pst),1,30,34
852250,2021-08-31,401,Braunau,Männer,45 bis 49 Jahre,B9999,unbestimmt (nur Pst),1,45,49
852262,2021-08-31,401,Braunau,Männer,50 bis 54 Jahre,B9999,unbestimmt (nur Pst),1,50,54
852289,2021-08-31,402,Eferding,Frauen,bis 19 Jahre,B9999,unbestimmt (nur Pst),1,0,19
852296,2021-08-31,402,Eferding,Frauen,20 bis 24 Jahre,B9999,unbestimmt (nur Pst),1,20,24
852302,2021-08-31,402,Eferding,Frauen,25 bis 29 Jahre,B9999,unbestimmt (nur Pst),1,25,29
852321,2021-08-31,402,Eferding,Frauen,40 bis 44 Jahre,B9999,unbestimmt (nur Pst),1,40,44
852351,2021-08-31,402,Eferding,Männer,20 bis 24 Jahre,B9999,unbestimmt (nur Pst),1,20,24
852377,2021-08-31,402,Eferding,Männer,45 bis 49 Jahre,B9999,unbestimmt (nur Pst),1,45,49
852431,2021-08-31,403,Freistadt,Frauen,25 bis 29 Jahre,B9999,unbestimmt (nur Pst),1,25,29
852515,2021-08-31,403,Freistadt,Männer,20 bis 24 Jahre,B9999,unbestimmt (nur Pst),1,20,24
852585,2021-08-31,403,Freistadt,Männer,55 bis 59 Jahre,B9999,unbestimmt (nur Pst),1,55,59
852601,2021-08-31,404,Gmunden,Frauen,bis 19 Jahre,B9999,unbestimmt (nur Pst),7,0,19
852759,2021-08-31,404,Gmunden,Männer,bis 19 Jahre,B9999,unbestimmt (nur Pst),6,0,19
852980,2021-08-31,406,Grieskirchen,Männer,bis 19 Jahre,B9999,unbestimmt (nur Pst),1,0,19
853049,2021-08-31,407,Kirchdorf/Krems,Frauen,bis 19 Jahre,B9999,unbestimmt (nur Pst),2,0,19
853080,2021-08-31,407,Kirchdorf/Krems,Frauen,25 bis 29 Jahre,B9999,unbestimmt (nur Pst),1,25,29
853155,2021-08-31,407,Kirchdorf/Krems,Männer,bis 19 Jahre,B9999,unbestimmt (nur Pst),2,0,19
853173,2021-08-31,407,Kirchdorf/Krems,Männer,20 bis 24 Jahre,B9999,unbestimmt (nur Pst),1,20,24
853258,2021-08-31,409,Linz neu,Frauen,bis 19 Jahre,B9999,unbestimmt (nur Pst),18,0,19
853301,2021-08-31,409,Linz neu,Frauen,20 bis 24 Jahre,B9999,unbestimmt (nur Pst),7,20,24
853344,2021-08-31,409,Linz neu,Frauen,25 bis 29 Jahre,B9999,unbestimmt (nur Pst),5,25,29
853384,2021-08-31,409,Linz neu,Frauen,30 bis 34 Jahre,B9999,unbestimmt (nur Pst),4,30,34
853466,2021-08-31,409,Linz neu,Frauen,40 bis 44 Jahre,B9999,unbestimmt (nur Pst),1,40,44
853579,2021-08-31,409,Linz neu,Männer,bis 19 Jahre,B9999,unbestimmt (nur Pst),27,0,19
853636,2021-08-31,409,Linz neu,Männer,20 bis 24 Jahre,B9999,unbestimmt (nur Pst),15,20,24
853694,2021-08-31,409,Linz neu,Männer,25 bis 29 Jahre,B9999,unbestimmt (nur Pst),5,25,29
853745,2021-08-31,409,Linz neu,Männer,30 bis 34 Jahre,B9999,unbestimmt (nur Pst),1,30,34
853801,2021-08-31,409,Linz neu,Männer,35 bis 39 Jahre,B9999,unbestimmt (nur Pst),1,35,39
853844,2021-08-31,409,Linz neu,Männer,40 bis 44 Jahre,B9999,unbestimmt (nur Pst),1,40,44
853882,2021-08-31,409,Linz neu,Männer,45 bis 49 Jahre,B9999,unbestimmt (nur Pst),1,45,49
853939,2021-08-31,409,Linz neu,Männer,55 bis 59 Jahre,B9999,unbestimmt (nur Pst),1,55,59
853972,2021-08-31,411,Perg,Frauen,20 bis 24 Jahre,B9999,unbestimmt (nur Pst),1,20,24
854093,2021-08-31,411,Perg,Männer,20 bis 24 Jahre,B9999,unbestimmt (nur Pst),2,20,24
854172,2021-08-31,411,Perg,Männer,55 bis 59 Jahre,B9999,unbestimmt (nur Pst),1,55,59
854185,2021-08-31,412,Ried im Innkreis,Frauen,bis 19 Jahre,B9999,unbestimmt (nur Pst),10,0,19
854219,2021-08-31,412,Ried im Innkreis,Frauen,25 bis 29 Jahre,B9999,unbestimmt (nur Pst),2,25,29
854248,2021-08-31,412,Ried im Innkreis,Frauen,35 bis 39 Jahre,B9999,unbestimmt (nur Pst),1,35,39
854263,2021-08-31,412,Ried im Innkreis,Frauen,40 bis 44 Jahre,B9999,unbestimmt (nur Pst),1,40,44
854301,2021-08-31,412,Ried im Innkreis,Männer,bis 19 Jahre,B9999,unbestimmt (nur Pst),4,0,19
854412,2021-08-31,413,Rohrbach,Frauen,bis 19 Jahre,B9999,unbestimmt (nur Pst),2,0,19
854430,2021-08-31,413,Rohrbach,Frauen,25 bis 29 Jahre,B9999,unbestimmt (nur Pst),1,25,29
854482,2021-08-31,413,Rohrbach,Männer,20 bis 24 Jahre,B9999,unbestimmt (nur Pst),1,20,24
854509,2021-08-31,413,Rohrbach,Männer,40 bis 44 Jahre,B9999,unbestimmt (nur Pst),1,40,44
854551,2021-08-31,414,Schärding,Frauen,20 bis 24 Jahre,B9999,unbestimmt (nur Pst),1,20,24
854568,2021-08-31,414,Schärding,Frauen,30 bis 34 Jahre,B9999,unbestimmt (nur Pst),1,30,34
854615,2021-08-31,414,Schärding,Männer,bis 19 Jahre,B9999,unbestimmt (nur Pst),1,0,19
854697,2021-08-31,415,Steyr,Frauen,bis 19 Jahre,B9999,unbestimmt (nur Pst),9,0,19
854722,2021-08-31,415,Steyr,Frauen,20 bis 24 Jahre,B9999,unbestimmt (nur Pst),4,20,24
854750,2021-08-31,415,Steyr,Frauen,25 bis 29 Jahre,B9999,unbestimmt (nur Pst),1,25,29
854775,2021-08-31,415,Steyr,Frauen,30 bis 34 Jahre,B9999,unbestimmt (nur Pst),1,30,34
854790,2021-08-31,415,Steyr,Frauen,35 bis 39 Jahre,B9999,unbestimmt (nur Pst),1,35,39
854802,2021-08-31,415,Steyr,Frauen,40 bis 44 Jahre,B9999,unbestimmt (nur Pst),1,40,44
854858,2021-08-31,415,Steyr,Männer,bis 19 Jahre,B9999,unbestimmt (nur Pst),12,0,19
854889,2021-08-31,415,Steyr,Männer,20 bis 24 Jahre,B9999,unbestimmt (nur Pst),2,20,24
855135,2021-08-31,418,Vöcklabruck,Frauen,45 bis 49 Jahre,B9999,unbestimmt (nur Pst),1,45,49
855190,2021-08-31,418,Vöcklabruck,Männer,bis 19 Jahre,B9999,unbestimmt (nur Pst),9,0,19
855212,2021-08-31,418,Vöcklabruck,Männer,20 bis 24 Jahre,B9999,unbestimmt (nur Pst),2,20,24
855230,2021-08-31,418,Vöcklabruck,Männer,25 bis 29 Jahre,B9999,unbestimmt (nur Pst),1,25,29
855362,2021-08-31,419,Wels,Frauen,bis 19 Jahre,B9999,unbestimmt (nur Pst),1,0,19
855390,2021-08-31,419,Wels,Frauen,20 bis 24 Jahre,B9999,unbestimmt (nur Pst),1,20,24
855437,2021-08-31,419,Wels,Frauen,30 bis 34 Jahre,B9999,unbestimmt (nur Pst),1,30,34
855496,2021-08-31,419,Wels,Frauen,45 bis 49 Jahre,B9999,unbestimmt (nur Pst),2,45,49
855545,2021-08-31,419,Wels,Männer,bis 19 Jahre,B9999,unbestimmt (nur Pst),2,0,19
855717,2021-08-31,421,Traun,Frauen,bis 19 Jahre,B9999,unbestimmt (nur Pst),3,0,19
855745,2021-08-31,421,Traun,Frauen,20 bis 24 Jahre,B9999,unbestimmt (nur Pst),1,20,24
855773,2021-08-31,421,Traun,Frauen,25 bis 29 Jahre,B9999,unbestimmt (nur Pst),2,25,29
855797,2021-08-31,421,Traun,Frauen,30 bis 34 Jahre,B9999,unbestimmt (nur Pst),2,30,34
855822,2021-08-31,421,Traun,Frauen,35 bis 39 Jahre,B9999,unbestimmt (nur Pst),1,35,39
855935,2021-08-31,421,Traun,Männer,bis 19 Jahre,B9999,unbestimmt (nur Pst),3,0,19
856134,2021-08-31,501,Bischofshofen,Frauen,bis 19 Jahre,B9999,unbestimmt (nur Pst),1,0,19
856385,2021-08-31,503,Hallein,Männer,bis 19 Jahre,B9999,unbestimmt (nur Pst),4,0,19
856466,2021-08-31,504,Salzburg,Frauen,bis 19 Jahre,B9999,unbestimmt (nur Pst),1,0,19
856611,2021-08-31,504,Salzburg,Frauen,35 bis 39 Jahre,B9999,unbestimmt (nur Pst),1,35,39
856686,2021-08-31,504,Salzburg,Frauen,50 bis 54 Jahre,B9999,unbestimmt (nur Pst),1,50,54
856816,2021-08-31,504,Salzburg,Männer,25 bis 29 Jahre,B9999,unbestimmt (nur Pst),1,25,29
856856,2021-08-31,504,Salzburg,Männer,30 bis 34 Jahre,B9999,unbestimmt (nur Pst),1,30,34
856976,2021-08-31,504,Salzburg,Männer,50 bis 54 Jahre,B9999,unbestimmt (nur Pst),1,50,54
857045,2021-08-31,506,Zell am See,Frauen,bis 19 Jahre,B9999,unbestimmt (nur Pst),1,0,19
857127,2021-08-31,506,Zell am See,Männer,bis 19 Jahre,B9999,unbestimmt (nur Pst),4,0,19
857140,2021-08-31,506,Zell am See,Männer,20 bis 24 Jahre,B9999,unbestimmt (nur Pst),1,20,24
857155,2021-08-31,506,Zell am See,Männer,30 bis 34 Jahre,B9999,unbestimmt (nur Pst),1,30,34
857205,2021-08-31,601,Bruck/Mur,Frauen,bis 19 Jahre,B9999,unbestimmt (nur Pst),5,0,19
857229,2021-08-31,601,Bruck/Mur,Frauen,20 bis 24 Jahre,B9999,unbestimmt (nur Pst),5,20,24
857341,2021-08-31,601,Bruck/Mur,Männer,bis 19 Jahre,B9999,unbestimmt (nur Pst),7,0,19
857729,2021-08-31,604,Feldbach,Frauen,bis 19 Jahre,B9999,unbestimmt (nur Pst),3,0,19
857816,2021-08-31,604,Feldbach,Frauen,40 bis 44 Jahre,B9999,unbestimmt (nur Pst),1,40,44
858011,2021-08-31,606,Gleisdorf,Frauen,20 bis 24 Jahre,B9999,unbestimmt (nur Pst),2,20,24
858084,2021-08-31,606,Gleisdorf,Männer,bis 19 Jahre,B9999,unbestimmt (nur Pst),2,0,19
858100,2021-08-31,606,Gleisdorf,Männer,20 bis 24 Jahre,B9999,unbestimmt (nur Pst),1,20,24
858165,2021-08-31,609,Hartberg,Frauen,bis 19 Jahre,B9999,unbestimmt (nur Pst),1,0,19
858290,2021-08-31,609,Hartberg,Frauen,45 bis 49 Jahre,B9999,unbestimmt (nur Pst),1,45,49
858339,2021-08-31,609,Hartberg,Männer,bis 19 Jahre,B9999,unbestimmt (nur Pst),4,0,19
858370,2021-08-31,609,Hartberg,Männer,20 bis 24 Jahre,B9999,unbestimmt (nur Pst),1,20,24
858506,2021-08-31,610,Judenburg,Frauen,bis 19 Jahre,B9999,unbestimmt (nur Pst),3,0,19
858647,2021-08-31,610,Judenburg,Männer,bis 19 Jahre,B9999,unbestimmt (nur Pst),1,0,19
858662,2021-08-31,610,Judenburg,Männer,20 bis 24 Jahre,B9999,unbestimmt (nur Pst),1,20,24
858749,2021-08-31,611,Murau,Frauen,bis 19 Jahre,B9999,unbestimmt (nur Pst),2,0,19
858834,2021-08-31,614,Leibnitz,Frauen,bis 19 Jahre,B9999,unbestimmt (nur Pst),1,0,19
858861,2021-08-31,614,Leibnitz,Frauen,20 bis 24 Jahre,B9999,unbestimmt (nur Pst),2,20,24
858885,2021-08-31,614,Leibnitz,Frauen,25 bis 29 Jahre,B9999,unbestimmt (nur Pst),1,25,29
859012,2021-08-31,614,Leibnitz,Männer,bis 19 Jahre,B9999,unbestimmt (nur Pst),1,0,19
859039,2021-08-31,614,Leibnitz,Männer,20 bis 24 Jahre,B9999,unbestimmt (nur Pst),1,20,24
859165,2021-08-31,616,Leoben,Frauen,20 bis 24 Jahre,B9999,unbestimmt (nur Pst),3,20,24
859181,2021-08-31,616,Leoben,Frauen,25 bis 29 Jahre,B9999,unbestimmt (nur Pst),1,25,29
859307,2021-08-31,616,Leoben,Männer,20 bis 24 Jahre,B9999,unbestimmt (nur Pst),1,20,24
859542,2021-08-31,618,Liezen,Männer,bis 19 Jahre,B9999,unbestimmt (nur Pst),1,0,19
859653,2021-08-31,621,Mürzzuschlag,Frauen,20 bis 24 Jahre,B9999,unbestimmt (nur Pst),2,20,24
859723,2021-08-31,621,Mürzzuschlag,Männer,bis 19 Jahre,B9999,unbestimmt (nur Pst),3,0,19
859737,2021-08-31,621,Mürzzuschlag,Männer,20 bis 24 Jahre,B9999,unbestimmt (nur Pst),3,20,24
859752,2021-08-31,621,Mürzzuschlag,Männer,25 bis 29 Jahre,B9999,unbestimmt (nur Pst),1,25,29
859820,2021-08-31,622,Voitsberg,Frauen,bis 19 Jahre,B9999,unbestimmt (nur Pst),2,0,19
859844,2021-08-31,622,Voitsberg,Frauen,20 bis 24 Jahre,B9999,unbestimmt (nur Pst),1,20,24
859928,2021-08-31,622,Voitsberg,Männer,bis 19 Jahre,B9999,unbestimmt (nur Pst),1,0,19
860015,2021-08-31,623,Weiz,Frauen,bis 19 Jahre,B9999,unbestimmt (nur Pst),4,0,19
860035,2021-08-31,623,Weiz,Frauen,25 bis 29 Jahre,B9999,unbestimmt (nur Pst),1,25,29
860046,2021-08-31,623,Weiz,Frauen,30 bis 34 Jahre,B9999,unbestimmt (nur Pst),1,30,34
860074,2021-08-31,623,Weiz,Frauen,50 bis 54 Jahre,B9999,unbestimmt (nur Pst),1,50,54
860078,2021-08-31,623,Weiz,Frauen,55 bis 59 Jahre,B9999,unbestimmt (nur Pst),1,55,59
860125,2021-08-31,623,Weiz,Männer,30 bis 34 Jahre,B9999,unbestimmt (nur Pst),2,30,34
860191,2021-08-31,630,Graz-West und Umgebung,Frauen,bis 19 Jahre,B9999,unbestimmt (nur Pst),5,0,19
860245,2021-08-31,630,Graz-West und Umgebung,Frauen,20 bis 24 Jahre,B9999,unbestimmt (nur Pst),4,20,24
860348,2021-08-31,630,Graz-West und Umgebung,Frauen,30 bis 34 Jahre,B9999,unbestimmt (nur Pst),2,30,34
860581,2021-08-31,630,Graz-West und Umgebung,Männer,bis 19 Jahre,B9999,unbestimmt (nur Pst),5,0,19
860643,2021-08-31,630,Graz-West und Umgebung,Männer,20 bis 24 Jahre,B9999,unbestimmt (nur Pst),1,20,24
860699,2021-08-31,630,Graz-West und Umgebung,Männer,25 bis 29 Jahre,B9999,unbestimmt (nur Pst),1,25,29
860746,2021-08-31,630,Graz-West und Umgebung,Männer,30 bis 34 Jahre,B9999,unbestimmt (nur Pst),1,30,34
860952,2021-08-31,631,Graz-Ost,Frauen,bis 19 Jahre,B9999,unbestimmt (nur Pst),2,0,19
860985,2021-08-31,631,Graz-Ost,Frauen,20 bis 24 Jahre,B9999,unbestimmt (nur Pst),2,20,24
861047,2021-08-31,631,Graz-Ost,Frauen,30 bis 34 Jahre,B9999,unbestimmt (nur Pst),3,30,34
861206,2021-08-31,631,Graz-Ost,Männer,bis 19 Jahre,B9999,unbestimmt (nur Pst),2,0,19
861297,2021-08-31,631,Graz-Ost,Männer,25 bis 29 Jahre,B9999,unbestimmt (nur Pst),1,25,29
861473,2021-08-31,701,Imst,Frauen,bis 19 Jahre,B9999,unbestimmt (nur Pst),1,0,19
861490,2021-08-31,701,Imst,Frauen,25 bis 29 Jahre,B9999,unbestimmt (nur Pst),1,25,29
861500,2021-08-31,701,Imst,Frauen,35 bis 39 Jahre,B9999,unbestimmt (nur Pst),1,35,39
861538,2021-08-31,701,Imst,Männer,25 bis 29 Jahre,B9999,unbestimmt (nur Pst),1,25,29
861575,2021-08-31,702,Innsbruck,Frauen,bis 19 Jahre,B9999,unbestimmt (nur Pst),1,0,19
861602,2021-08-31,702,Innsbruck,Frauen,20 bis 24 Jahre,B9999,unbestimmt (nur Pst),1,20,24
861629,2021-08-31,702,Innsbruck,Frauen,25 bis 29 Jahre,B9999,unbestimmt (nur Pst),1,25,29
861688,2021-08-31,702,Innsbruck,Frauen,35 bis 39 Jahre,B9999,unbestimmt (nur Pst),1,35,39
861746,2021-08-31,702,Innsbruck,Frauen,45 bis 49 Jahre,B9999,unbestimmt (nur Pst),1,45,49
861774,2021-08-31,702,Innsbruck,Frauen,50 bis 54 Jahre,B9999,unbestimmt (nur Pst),2,50,54
861807,2021-08-31,702,Innsbruck,Männer,bis 19 Jahre,B9999,unbestimmt (nur Pst),1,0,19
861852,2021-08-31,702,Innsbruck,Männer,20 bis 24 Jahre,B9999,unbestimmt (nur Pst),1,20,24
862018,2021-08-31,702,Innsbruck,Männer,45 bis 49 Jahre,B9999,unbestimmt (nur Pst),2,45,49
862068,2021-08-31,704,Kitzbühel,Frauen,bis 19 Jahre,B9999,unbestimmt (nur Pst),2,0,19
862158,2021-08-31,705,Kufstein,Frauen,bis 19 Jahre,B9999,unbestimmt (nur Pst),5,0,19
862176,2021-08-31,705,Kufstein,Frauen,20 bis 24 Jahre,B9999,unbestimmt (nur Pst),1,20,24
862239,2021-08-31,705,Kufstein,Frauen,45 bis 49 Jahre,B9999,unbestimmt (nur Pst),1,45,49
862272,2021-08-31,705,Kufstein,Männer,bis 19 Jahre,B9999,unbestimmt (nur Pst),5,0,19
862311,2021-08-31,705,Kufstein,Männer,25 bis 29 Jahre,B9999,unbestimmt (nur Pst),1,25,29
862339,2021-08-31,705,Kufstein,Männer,35 bis 39 Jahre,B9999,unbestimmt (nur Pst),1,35,39
862390,2021-08-31,706,Landeck,Frauen,20 bis 24 Jahre,B9999,unbestimmt (nur Pst),1,20,24
862450,2021-08-31,707,Lienz,Frauen,bis 19 Jahre,B9999,unbestimmt (nur Pst),2,0,19
862493,2021-08-31,707,Lienz,Männer,30 bis 34 Jahre,B9999,unbestimmt (nur Pst),1,30,34
862564,2021-08-31,709,Schwaz,Frauen,bis 19 Jahre,B9999,unbestimmt (nur Pst),1,0,19
862660,2021-08-31,709,Schwaz,Männer,bis 19 Jahre,B9999,unbestimmt (nur Pst),2,0,19
862709,2021-08-31,709,Schwaz,Männer,35 bis 39 Jahre,B9999,unbestimmt (nur Pst),1,35,39
862718,2021-08-31,709,Schwaz,Männer,40 bis 44 Jahre,B9999,unbestimmt (nur Pst),1,40,44
862727,2021-08-31,709,Schwaz,Männer,45 bis 49 Jahre,B9999,unbestimmt (nur Pst),1,45,49
862744,2021-08-31,801,Bludenz,Frauen,bis 19 Jahre,B9999,unbestimmt (nur Pst),2,0,19
862764,2021-08-31,801,Bludenz,Frauen,20 bis 24 Jahre,B9999,unbestimmt (nur Pst),1,20,24
862852,2021-08-31,801,Bludenz,Männer,bis 19 Jahre,B9999,unbestimmt (nur Pst),1,0,19
862882,2021-08-31,801,Bludenz,Männer,25 bis 29 Jahre,B9999,unbestimmt (nur Pst),1,25,29
862938,2021-08-31,802,Bregenz,Frauen,bis 19 Jahre,B9999,unbestimmt (nur Pst),1,0,19
862964,2021-08-31,802,Bregenz,Frauen,20 bis 24 Jahre,B9999,unbestimmt (nur Pst),1,20,24
862986,2021-08-31,802,Bregenz,Frauen,25 bis 29 Jahre,B9999,unbestimmt (nur Pst),1,25,29
863008,2021-08-31,802,Bregenz,Frauen,30 bis 34 Jahre,B9999,unbestimmt (nur Pst),1,30,34
863023,2021-08-31,802,Bregenz,Frauen,35 bis 39 Jahre,B9999,unbestimmt (nur Pst),1,35,39
863061,2021-08-31,802,Bregenz,Frauen,50 bis 54 Jahre,B9999,unbestimmt (nur Pst),1,50,54
863096,2021-08-31,802,Bregenz,Männer,bis 19 Jahre,B9999,unbestimmt (nur Pst),1,0,19
863219,2021-08-31,804,Dornbirn,Frauen,bis 19 Jahre,B9999,unbestimmt (nur Pst),2,0,19
863251,2021-08-31,804,Dornbirn,Frauen,20 bis 24 Jahre,B9999,unbestimmt (nur Pst),1,20,24
863322,2021-08-31,804,Dornbirn,Frauen,45 bis 49 Jahre,B9999,unbestimmt (nur Pst),1,45,49
863363,2021-08-31,804,Dornbirn,Männer,bis 19 Jahre,B9999,unbestimmt (nur Pst),1,0,19
863388,2021-08-31,804,Dornbirn,Männer,20 bis 24 Jahre,B9999,unbestimmt (nur Pst),1,20,24
863409,2021-08-31,804,Dornbirn,Männer,25 bis 29 Jahre,B9999,unbestimmt (nur Pst),2,25,29
863447,2021-08-31,804,Dornbirn,Männer,40 bis 44 Jahre,B9999,unbestimmt (nur Pst),1,40,44
863496,2021-08-31,805,Feldkirch,Frauen,bis 19 Jahre,B9999,unbestimmt (nur Pst),1,0,19
863525,2021-08-31,805,Feldkirch,Frauen,20 bis 24 Jahre,B9999,unbestimmt (nur Pst),6,20,24
863544,2021-08-31,805,Feldkirch,Frauen,25 bis 29 Jahre,B9999,unbestimmt (nur Pst),4,25,29
863560,2021-08-31,805,Feldkirch,Frauen,30 bis 34 Jahre,B9999,unbestimmt (nur Pst),1,30,34
863578,2021-08-31,805,Feldkirch,Frauen,35 bis 39 Jahre,B9999,unbestimmt (nur Pst),1,35,39
863594,2021-08-31,805,Feldkirch,Frauen,40 bis 44 Jahre,B9999,unbestimmt (nur Pst),1,40,44
863651,2021-08-31,805,Feldkirch,Männer,bis 19 Jahre,B9999,unbestimmt (nur Pst),10,0,19
863682,2021-08-31,805,Feldkirch,Männer,20 bis 24 Jahre,B9999,unbestimmt (nur Pst),3,20,24
863709,2021-08-31,805,Feldkirch,Männer,25 bis 29 Jahre,B9999,unbestimmt (nur Pst),1,25,29
863738,2021-08-31,805,Feldkirch,Männer,35 bis 39 Jahre,B9999,unbestimmt (nur Pst),1,35,39
863748,2021-08-31,805,Feldkirch,Männer,40 bis 44 Jahre,B9999,unbestimmt (nur Pst),1,40,44
863755,2021-08-31,805,Feldkirch,Männer,45 bis 49 Jahre,B9999,unbestimmt (nur Pst),1,45,49
864804,2021-08-31,960,Wien Esteplatz,Frauen,30 bis 34 Jahre,B9999,unbestimmt (nur Pst),1,30,34
864846,2021-08-31,960,Wien Esteplatz,Frauen,35 bis 39 Jahre,B9999,unbestimmt (nur Pst),1,35,39
864912,2021-08-31,960,Wien Esteplatz,Frauen,45 bis 49 Jahre,B9999,unbestimmt (nur Pst),1,45,49
865886,2021-08-31,963,Wien Währinger Gürtel,Frauen,40 bis 44 Jahre,B9999,unbestimmt (nur Pst),1,40,44
867021,2021-08-31,965,Wien Schönbrunner Straße,Frauen,25 bis 29 Jahre,B9999,unbestimmt (nur Pst),1,25,29
867338,2021-08-31,965,Wien Schönbrunner Straße,Männer,25 bis 29 Jahre,B9999,unbestimmt (nur Pst),1,25,29
867392,2021-08-31,965,Wien Schönbrunner Straße,Männer,30 bis 34 Jahre,B9999,unbestimmt (nur Pst),1,30,34
867495,2021-08-31,965,Wien Schönbrunner Straße,Männer,40 bis 44 Jahre,B9999,unbestimmt (nur Pst),1,40,44
867793,2021-08-31,966,Wien Hietzinger Kai,Frauen,40 bis 44 Jahre,B9999,unbestimmt (nur Pst),2,40,44
868395,2021-08-31,967,Wien Huttengasse,Frauen,45 bis 49 Jahre,B9999,unbestimmt (nur Pst),1,45,49
868640,2021-08-31,967,Wien Huttengasse,Männer,35 bis 39 Jahre,B9999,unbestimmt (nur Pst),1,35,39
869442,2021-08-31,969,Wien-Wagramer Straße,Frauen,25 bis 29 Jahre,B9999,unbestimmt (nur Pst),1,25,29
869490,2021-08-31,969,Wien-Wagramer Straße,Frauen,30 bis 34 Jahre,B9999,unbestimmt (nur Pst),1,30,34
870132,2021-08-31,974,Wien Austria Campus,Frauen,35 bis 39 Jahre,B9999,unbestimmt (nur Pst),1,35,39
870165,2021-08-31,974,Wien Austria Campus,Frauen,40 bis 44 Jahre,B9999,unbestimmt (nur Pst),1,40,44
870210,2021-08-31,974,Wien Austria Campus,Frauen,50 bis 54 Jahre,B9999,unbestimmt (nur Pst),1,50,54
870492,2021-08-31,975,Wien Jäger Straße,Frauen,25 bis 29 Jahre,B9999,unbestimmt (nur Pst),1,25,29
870534,2021-08-31,975,Wien Jäger Straße,Frauen,30 bis 34 Jahre,B9999,unbestimmt (nur Pst),1,30,34
870976,2021-08-31,976,Wien Jugendliche I,Frauen,bis 19 Jahre,B9999,unbestimmt (nur Pst),5,0,19
871068,2021-08-31,976,Wien Jugendliche I,Frauen,20 bis 24 Jahre,B9999,unbestimmt (nur Pst),7,20,24
871149,2021-08-31,976,Wien Jugendliche I,Männer,bis 19 Jahre,B9999,unbestimmt (nur Pst),8,0,19
871280,2021-08-31,976,Wien Jugendliche I,Männer,20 bis 24 Jahre,B9999,unbestimmt (nur Pst),8,20,24
871352,2021-08-31,977,Wien Jugendliche II,Frauen,bis 19 Jahre,B9999,unbestimmt (nur Pst),9,0,19
871452,2021-08-31,977,Wien Jugendliche II,Frauen,20 bis 24 Jahre,B9999,unbestimmt (nur Pst),4,20,24
871559,2021-08-31,977,Wien Jugendliche II,Männer,bis 19 Jahre,B9999,unbestimmt (nur Pst),7,0,19
871831,2021-09-30,101,Eisenstadt,Männer,bis 19 Jahre,B9999,unbestimmt (nur Pst),2,0,19
871933,2021-09-30,102,Mattersburg,Frauen,bis 19 Jahre,B9999,unbestimmt (nur Pst),4,0,19
871981,2021-09-30,102,Mattersburg,Frauen,45 bis 49 Jahre,B9999,unbestimmt (nur Pst),1,45,49
872004,2021-09-30,102,Mattersburg,Männer,bis 19 Jahre,B9999,unbestimmt (nur Pst),3,0,19
872024,2021-09-30,102,Mattersburg,Männer,25 bis 29 Jahre,B9999,unbestimmt (nur Pst),1,25,29
872183,2021-09-30,103,Neusiedl am See,Männer,40 bis 44 Jahre,B9999,unbestimmt (nur Pst),1,40,44
872381,2021-09-30,105,Oberwart,Frauen,bis 19 Jahre,B9999,unbestimmt (nur Pst),1,0,19
872404,2021-09-30,105,Oberwart,Frauen,20 bis 24 Jahre,B9999,unbestimmt (nur Pst),1,20,24
872424,2021-09-30,105,Oberwart,Frauen,30 bis 34 Jahre,B9999,unbestimmt (nur Pst),1,30,34
872526,2021-09-30,105,Oberwart,Männer,bis 19 Jahre,B9999,unbestimmt (nur Pst),1,0,19
872653,2021-09-30,106,Stegersbach,Frauen,25 bis 29 Jahre,B9999,unbestimmt (nur Pst),1,25,29
872764,2021-09-30,107,Jennersdorf,Frauen,bis 19 Jahre,B9999,unbestimmt (nur Pst),1,0,19
872873,2021-09-30,201,Feldkirchen,Frauen,25 bis 29 Jahre,B9999,unbestimmt (nur Pst),1,25,29
872899,2021-09-30,201,Feldkirchen,Männer,bis 19 Jahre,B9999,unbestimmt (nur Pst),1,0,19
872939,2021-09-30,202,Hermagor,Männer,bis 19 Jahre,B9999,unbestimmt (nur Pst),1,0,19
872970,2021-09-30,203,Klagenfurt,Frauen,bis 19 Jahre,B9999,unbestimmt (nur Pst),3,0,19
873024,2021-09-30,203,Klagenfurt,Frauen,25 bis 29 Jahre,B9999,unbestimmt (nur Pst),2,25,29
873050,2021-09-30,203,Klagenfurt,Frauen,30 bis 34 Jahre,B9999,unbestimmt (nur Pst),1,30,34
873079,2021-09-30,203,Klagenfurt,Frauen,35 bis 39 Jahre,B9999,unbestimmt (nur Pst),1,35,39
873104,2021-09-30,203,Klagenfurt,Frauen,40 bis 44 Jahre,B9999,unbestimmt (nur Pst),3,40,44
873139,2021-09-30,203,Klagenfurt,Frauen,45 bis 49 Jahre,B9999,unbestimmt (nur Pst),1,45,49
873168,2021-09-30,203,Klagenfurt,Frauen,55 bis 59 Jahre,B9999,unbestimmt (nur Pst),1,55,59
873190,2021-09-30,203,Klagenfurt,Männer,bis 19 Jahre,B9999,unbestimmt (nur Pst),5,0,19
873222,2021-09-30,203,Klagenfurt,Männer,20 bis 24 Jahre,B9999,unbestimmt (nur Pst),1,20,24
873246,2021-09-30,203,Klagenfurt,Männer,25 bis 29 Jahre,B9999,unbestimmt (nur Pst),3,25,29
873268,2021-09-30,203,Klagenfurt,Männer,30 bis 34 Jahre,B9999,unbestimmt (nur Pst),3,30,34
873299,2021-09-30,203,Klagenfurt,Männer,40 bis 44 Jahre,B9999,unbestimmt (nur Pst),2,40,44
873316,2021-09-30,203,Klagenfurt,Männer,45 bis 49 Jahre,B9999,unbestimmt (nur Pst),1,45,49
873334,2021-09-30,203,Klagenfurt,Männer,50 bis 54 Jahre,B9999,unbestimmt (nur Pst),1,50,54
873349,2021-09-30,203,Klagenfurt,Männer,55 bis 59 Jahre,B9999,unbestimmt (nur Pst),1,55,59
873460,2021-09-30,204,Spittal/Drau,Männer,bis 19 Jahre,B9999,unbestimmt (nur Pst),3,0,19
873524,2021-09-30,205,St. Veit/Glan,Frauen,bis 19 Jahre,B9999,unbestimmt (nur Pst),1,0,19
873552,2021-09-30,205,St. Veit/Glan,Frauen,25 bis 29 Jahre,B9999,unbestimmt (nur Pst),1,25,29
873880,2021-09-30,206,Villach,Frauen,45 bis 49 Jahre,B9999,unbestimmt (nur Pst),1,45,49
874017,2021-09-30,206,Villach,Männer,35 bis 39 Jahre,B9999,unbestimmt (nur Pst),1,35,39
874168,2021-09-30,207,Völkermarkt,Frauen,55 bis 59 Jahre,B9999,unbestimmt (nur Pst),1,55,59
874184,2021-09-30,207,Völkermarkt,Männer,bis 19 Jahre,B9999,unbestimmt (nur Pst),1,0,19
874253,2021-09-30,208,Wolfsberg,Frauen,bis 19 Jahre,B9999,unbestimmt (nur Pst),1,0,19
874354,2021-09-30,208,Wolfsberg,Männer,bis 19 Jahre,B9999,unbestimmt (nur Pst),1,0,19
874376,2021-09-30,208,Wolfsberg,Männer,20 bis 24 Jahre,B9999,unbestimmt (nur Pst),1,20,24
874446,2021-09-30,301,Amstetten,Frauen,bis 19 Jahre,B9999,unbestimmt (nur Pst),6,0,19
874470,2021-09-30,301,Amstetten,Frauen,20 bis 24 Jahre,B9999,unbestimmt (nur Pst),3,20,24
874484,2021-09-30,301,Amstetten,Frauen,25 bis 29 Jahre,B9999,unbestimmt (nur Pst),1,25,29
874581,2021-09-30,301,Amstetten,Männer,bis 19 Jahre,B9999,unbestimmt (nur Pst),8,0,19
874612,2021-09-30,301,Amstetten,Männer,25 bis 29 Jahre,B9999,unbestimmt (nur Pst),3,25,29
874698,2021-09-30,301,Amstetten,Männer,55 bis 59 Jahre,B9999,unbestimmt (nur Pst),1,55,59
874729,2021-09-30,304,Baden neu,Frauen,bis 19 Jahre,B9999,unbestimmt (nur Pst),1,0,19
874762,2021-09-30,304,Baden neu,Frauen,20 bis 24 Jahre,B9999,unbestimmt (nur Pst),5,20,24
874786,2021-09-30,304,Baden neu,Frauen,25 bis 29 Jahre,B9999,unbestimmt (nur Pst),1,25,29
874930,2021-09-30,304,Baden neu,Männer,bis 19 Jahre,B9999,unbestimmt (nur Pst),2,0,19
874967,2021-09-30,304,Baden neu,Männer,20 bis 24 Jahre,B9999,unbestimmt (nur Pst),5,20,24
875098,2021-09-30,304,Baden neu,Männer,60 bis 64 Jahre,B9999,unbestimmt (nur Pst),1,60,64
875109,2021-09-30,306,Bruck/Leitha,Frauen,bis 19 Jahre,B9999,unbestimmt (nur Pst),5,0,19
875218,2021-09-30,306,Bruck/Leitha,Männer,bis 19 Jahre,B9999,unbestimmt (nur Pst),3,0,19
875233,2021-09-30,306,Bruck/Leitha,Männer,20 bis 24 Jahre,B9999,unbestimmt (nur Pst),2,20,24
875270,2021-09-30,306,Bruck/Leitha,Männer,50 bis 54 Jahre,B9999,unbestimmt (nur Pst),1,50,54
875295,2021-09-30,308,Gänserndorf,Frauen,bis 19 Jahre,B9999,unbestimmt (nur Pst),3,0,19
875323,2021-09-30,308,Gänserndorf,Frauen,20 bis 24 Jahre,B9999,unbestimmt (nur Pst),1,20,24
875349,2021-09-30,308,Gänserndorf,Frauen,25 bis 29 Jahre,B9999,unbestimmt (nur Pst),2,25,29
875482,2021-09-30,308,Gänserndorf,Männer,bis 19 Jahre,B9999,unbestimmt (nur Pst),5,0,19
875625,2021-09-30,311,Gmünd,Frauen,bis 19 Jahre,B9999,unbestimmt (nur Pst),1,0,19
875686,2021-09-30,311,Gmünd,Frauen,55 bis 59 Jahre,B9999,unbestimmt (nur Pst),1,55,59
875702,2021-09-30,311,Gmünd,Männer,bis 19 Jahre,B9999,unbestimmt (nur Pst),4,0,19
875762,2021-09-30,312,Hollabrunn,Frauen,bis 19 Jahre,B9999,unbestimmt (nur Pst),3,0,19
875801,2021-09-30,312,Hollabrunn,Frauen,25 bis 29 Jahre,B9999,unbestimmt (nur Pst),2,25,29
875871,2021-09-30,312,Hollabrunn,Männer,bis 19 Jahre,B9999,unbestimmt (nur Pst),4,0,19
875935,2021-09-30,313,Horn,Frauen,bis 19 Jahre,B9999,unbestimmt (nur Pst),2,0,19
875946,2021-09-30,313,Horn,Frauen,20 bis 24 Jahre,B9999,unbestimmt (nur Pst),2,20,24
875983,2021-09-30,313,Horn,Männer,bis 19 Jahre,B9999,unbestimmt (nur Pst),1,0,19
875990,2021-09-30,313,Horn,Männer,20 bis 24 Jahre,B9999,unbestimmt (nur Pst),2,20,24
875998,2021-09-30,313,Horn,Männer,25 bis 29 Jahre,B9999,unbestimmt (nur Pst),1,25,29
876041,2021-09-30,314,Korneuburg,Frauen,bis 19 Jahre,B9999,unbestimmt (nur Pst),2,0,19
876061,2021-09-30,314,Korneuburg,Frauen,20 bis 24 Jahre,B9999,unbestimmt (nur Pst),2,20,24
876095,2021-09-30,314,Korneuburg,Frauen,30 bis 34 Jahre,B9999,unbestimmt (nur Pst),1,30,34
876150,2021-09-30,314,Korneuburg,Frauen,45 bis 49 Jahre,B9999,unbestimmt (nur Pst),1,45,49
876191,2021-09-30,314,Korneuburg,Männer,bis 19 Jahre,B9999,unbestimmt (nur Pst),3,0,19
876216,2021-09-30,314,Korneuburg,Männer,20 bis 24 Jahre,B9999,unbestimmt (nur Pst),1,20,24
876253,2021-09-30,314,Korneuburg,Männer,35 bis 39 Jahre,B9999,unbestimmt (nur Pst),1,35,39
876306,2021-09-30,315,Krems,Frauen,bis 19 Jahre,B9999,unbestimmt (nur Pst),3,0,19
876440,2021-09-30,315,Krems,Männer,bis 19 Jahre,B9999,unbestimmt (nur Pst),3,0,19
876509,2021-09-30,315,Krems,Männer,35 bis 39 Jahre,B9999,unbestimmt (nur Pst),1,35,39
876528,2021-09-30,315,Krems,Männer,45 bis 49 Jahre,B9999,unbestimmt (nur Pst),1,45,49
876593,2021-09-30,316,Lilienfeld,Frauen,35 bis 39 Jahre,B9999,unbestimmt (nur Pst),1,35,39
876604,2021-09-30,316,Lilienfeld,Frauen,40 bis 44 Jahre,B9999,unbestimmt (nur Pst),1,40,44
876614,2021-09-30,316,Lilienfeld,Frauen,45 bis 49 Jahre,B9999,unbestimmt (nur Pst),1,45,49
876631,2021-09-30,316,Lilienfeld,Männer,bis 19 Jahre,B9999,unbestimmt (nur Pst),2,0,19
876637,2021-09-30,316,Lilienfeld,Männer,20 bis 24 Jahre,B9999,unbestimmt (nur Pst),1,20,24
876684,2021-09-30,317,Melk,Frauen,bis 19 Jahre,B9999,unbestimmt (nur Pst),1,0,19
876917,2021-09-30,319,Mistelbach,Frauen,bis 19 Jahre,B9999,unbestimmt (nur Pst),6,0,19
876934,2021-09-30,319,Mistelbach,Frauen,20 bis 24 Jahre,B9999,unbestimmt (nur Pst),1,20,24
877033,2021-09-30,319,Mistelbach,Männer,bis 19 Jahre,B9999,unbestimmt (nur Pst),2,0,19
877048,2021-09-30,319,Mistelbach,Männer,20 bis 24 Jahre,B9999,unbestimmt (nur Pst),1,20,24
877138,2021-09-30,321,Mödling,Frauen,bis 19 Jahre,B9999,unbestimmt (nur Pst),4,0,19
877165,2021-09-30,321,Mödling,Frauen,20 bis 24 Jahre,B9999,unbestimmt (nur Pst),1,20,24
877187,2021-09-30,321,Mödling,Frauen,25 bis 29 Jahre,B9999,unbestimmt (nur Pst),1,25,29
877329,2021-09-30,321,Mödling,Männer,bis 19 Jahre,B9999,unbestimmt (nur Pst),6,0,19
877362,2021-09-30,321,Mödling,Männer,20 bis 24 Jahre,B9999,unbestimmt (nur Pst),2,20,24
877399,2021-09-30,321,Mödling,Männer,30 bis 34 Jahre,B9999,unbestimmt (nur Pst),1,30,34
877526,2021-09-30,323,Neunkirchen,Frauen,bis 19 Jahre,B9999,unbestimmt (nur Pst),1,0,19
877789,2021-09-30,323,Neunkirchen,Männer,55 bis 59 Jahre,B9999,unbestimmt (nur Pst),1,55,59
877811,2021-09-30,326,St. Pölten,Frauen,bis 19 Jahre,B9999,unbestimmt (nur Pst),14,0,19
877840,2021-09-30,326,St. Pölten,Frauen,20 bis 24 Jahre,B9999,unbestimmt (nur Pst),3,20,24
877869,2021-09-30,326,St. Pölten,Frauen,25 bis 29 Jahre,B9999,unbestimmt (nur Pst),1,25,29
878011,2021-09-30,326,St. Pölten,Frauen,50 bis 54 Jahre,B9999,unbestimmt (nur Pst),1,50,54
878046,2021-09-30,326,St. Pölten,Männer,bis 19 Jahre,B9999,unbestimmt (nur Pst),15,0,19
878079,2021-09-30,326,St. Pölten,Männer,20 bis 24 Jahre,B9999,unbestimmt (nur Pst),3,20,24
878110,2021-09-30,326,St. Pölten,Männer,25 bis 29 Jahre,B9999,unbestimmt (nur Pst),1,25,29
878158,2021-09-30,326,St. Pölten,Männer,35 bis 39 Jahre,B9999,unbestimmt (nur Pst),1,35,39
878222,2021-09-30,326,St. Pölten,Männer,50 bis 54 Jahre,B9999,unbestimmt (nur Pst),1,50,54
878254,2021-09-30,328,Scheibbs,Frauen,bis 19 Jahre,B9999,unbestimmt (nur Pst),4,0,19
878323,2021-09-30,328,Scheibbs,Männer,bis 19 Jahre,B9999,unbestimmt (nur Pst),4,0,19
878400,2021-09-30,329,Schwechat,Frauen,20 bis 24 Jahre,B9999,unbestimmt (nur Pst),1,20,24
878451,2021-09-30,329,Schwechat,Frauen,35 bis 39 Jahre,B9999,unbestimmt (nur Pst),1,35,39
878515,2021-09-30,329,Schwechat,Männer,bis 19 Jahre,B9999,unbestimmt (nur Pst),2,0,19
878638,2021-09-30,331,Tulln,Frauen,bis 19 Jahre,B9999,unbestimmt (nur Pst),6,0,19
878659,2021-09-30,331,Tulln,Frauen,20 bis 24 Jahre,B9999,unbestimmt (nur Pst),1,20,24
878695,2021-09-30,331,Tulln,Frauen,30 bis 34 Jahre,B9999,unbestimmt (nur Pst),2,30,34
878789,2021-09-30,331,Tulln,Männer,bis 19 Jahre,B9999,unbestimmt (nur Pst),12,0,19
878814,2021-09-30,331,Tulln,Männer,20 bis 24 Jahre,B9999,unbestimmt (nur Pst),1,20,24
878851,2021-09-30,331,Tulln,Männer,35 bis 39 Jahre,B9999,unbestimmt (nur Pst),1,35,39
878914,2021-09-30,332,Waidhofen/Thaya,Frauen,bis 19 Jahre,B9999,unbestimmt (nur Pst),2,0,19
878930,2021-09-30,332,Waidhofen/Thaya,Frauen,20 bis 24 Jahre,B9999,unbestimmt (nur Pst),1,20,24
878979,2021-09-30,332,Waidhofen/Thaya,Männer,bis 19 Jahre,B9999,unbestimmt (nur Pst),1,0,19
878992,2021-09-30,332,Waidhofen/Thaya,Männer,20 bis 24 Jahre,B9999,unbestimmt (nur Pst),1,20,24
879026,2021-09-30,333,Waidhofen/Ybbs,Frauen,bis 19 Jahre,B9999,unbestimmt (nur Pst),1,0,19
879073,2021-09-30,333,Waidhofen/Ybbs,Männer,bis 19 Jahre,B9999,unbestimmt (nur Pst),3,0,19
879082,2021-09-30,333,Waidhofen/Ybbs,Männer,20 bis 24 Jahre,B9999,unbestimmt (nur Pst),1,20,24
879114,2021-09-30,334,Wr. Neustadt,Frauen,bis 19 Jahre,B9999,unbestimmt (nur Pst),1,0,19
879327,2021-09-30,334,Wr. Neustadt,Männer,bis 19 Jahre,B9999,unbestimmt (nur Pst),1,0,19
879566,2021-09-30,335,Zwettl,Frauen,25 bis 29 Jahre,B9999,unbestimmt (nur Pst),1,25,29
879610,2021-09-30,335,Zwettl,Männer,bis 19 Jahre,B9999,unbestimmt (nur Pst),1,0,19
879631,2021-09-30,335,Zwettl,Männer,30 bis 34 Jahre,B9999,unbestimmt (nur Pst),1,30,34
879674,2021-09-30,401,Braunau,Frauen,bis 19 Jahre,B9999,unbestimmt (nur Pst),16,0,19
879692,2021-09-30,401,Braunau,Frauen,20 bis 24 Jahre,B9999,unbestimmt (nur Pst),7,20,24
879713,2021-09-30,401,Braunau,Frauen,25 bis 29 Jahre,B9999,unbestimmt (nur Pst),5,25,29
879730,2021-09-30,401,Braunau,Frauen,30 bis 34 Jahre,B9999,unbestimmt (nur Pst),1,30,34
879782,2021-09-30,401,Braunau,Frauen,45 bis 49 Jahre,B9999,unbestimmt (nur Pst),1,45,49
879796,2021-09-30,401,Braunau,Frauen,50 bis 54 Jahre,B9999,unbestimmt (nur Pst),2,50,54
879822,2021-09-30,401,Braunau,Männer,bis 19 Jahre,B9999,unbestimmt (nur Pst),20,0,19
879855,2021-09-30,401,Braunau,Männer,20 bis 24 Jahre,B9999,unbestimmt (nur Pst),5,20,24
879874,2021-09-30,401,Braunau,Männer,25 bis 29 Jahre,B9999,unbestimmt (nur Pst),2,25,29
879890,2021-09-30,401,Braunau,Männer,30 bis 34 Jahre,B9999,unbestimmt (nur Pst),1,30,34
879933,2021-09-30,401,Braunau,Männer,45 bis 49 Jahre,B9999,unbestimmt (nur Pst),1,45,49
879976,2021-09-30,402,Eferding,Frauen,bis 19 Jahre,B9999,unbestimmt (nur Pst),1,0,19
879987,2021-09-30,402,Eferding,Frauen,20 bis 24 Jahre,B9999,unbestimmt (nur Pst),1,20,24
879993,2021-09-30,402,Eferding,Frauen,25 bis 29 Jahre,B9999,unbestimmt (nur Pst),1,25,29
880013,2021-09-30,402,Eferding,Frauen,40 bis 44 Jahre,B9999,unbestimmt (nur Pst),1,40,44
880048,2021-09-30,402,Eferding,Männer,20 bis 24 Jahre,B9999,unbestimmt (nur Pst),1,20,24
880075,2021-09-30,402,Eferding,Männer,45 bis 49 Jahre,B9999,unbestimmt (nur Pst),1,45,49
880081,2021-09-30,402,Eferding,Männer,55 bis 59 Jahre,B9999,unbestimmt (nur Pst),1,55,59
880097,2021-09-30,403,Freistadt,Frauen,bis 19 Jahre,B9999,unbestimmt (nur Pst),1,0,19
880132,2021-09-30,403,Freistadt,Frauen,25 bis 29 Jahre,B9999,unbestimmt (nur Pst),1,25,29
880223,2021-09-30,403,Freistadt,Männer,20 bis 24 Jahre,B9999,unbestimmt (nur Pst),1,20,24
880292,2021-09-30,403,Freistadt,Männer,55 bis 59 Jahre,B9999,unbestimmt (nur Pst),1,55,59
880310,2021-09-30,404,Gmunden,Frauen,bis 19 Jahre,B9999,unbestimmt (nur Pst),8,0,19
880484,2021-09-30,404,Gmunden,Männer,bis 19 Jahre,B9999,unbestimmt (nur Pst),10,0,19
880731,2021-09-30,406,Grieskirchen,Männer,bis 19 Jahre,B9999,unbestimmt (nur Pst),1,0,19
880798,2021-09-30,407,Kirchdorf/Krems,Frauen,bis 19 Jahre,B9999,unbestimmt (nur Pst),4,0,19
880833,2021-09-30,407,Kirchdorf/Krems,Frauen,25 bis 29 Jahre,B9999,unbestimmt (nur Pst),1,25,29
880848,2021-09-30,407,Kirchdorf/Krems,Frauen,30 bis 34 Jahre,B9999,unbestimmt (nur Pst),1,30,34
880923,2021-09-30,407,Kirchdorf/Krems,Männer,bis 19 Jahre,B9999,unbestimmt (nur Pst),3,0,19
880944,2021-09-30,407,Kirchdorf/Krems,Männer,20 bis 24 Jahre,B9999,unbestimmt (nur Pst),1,20,24
881050,2021-09-30,409,Linz neu,Frauen,bis 19 Jahre,B9999,unbestimmt (nur Pst),23,0,19
881094,2021-09-30,409,Linz neu,Frauen,20 bis 24 Jahre,B9999,unbestimmt (nur Pst),8,20,24
881139,2021-09-30,409,Linz neu,Frauen,25 bis 29 Jahre,B9999,unbestimmt (nur Pst),3,25,29
881182,2021-09-30,409,Linz neu,Frauen,30 bis 34 Jahre,B9999,unbestimmt (nur Pst),8,30,34
881230,2021-09-30,409,Linz neu,Frauen,35 bis 39 Jahre,B9999,unbestimmt (nur Pst),2,35,39
881275,2021-09-30,409,Linz neu,Frauen,40 bis 44 Jahre,B9999,unbestimmt (nur Pst),2,40,44
881308,2021-09-30,409,Linz neu,Frauen,45 bis 49 Jahre,B9999,unbestimmt (nur Pst),1,45,49
881400,2021-09-30,409,Linz neu,Männer,bis 19 Jahre,B9999,unbestimmt (nur Pst),34,0,19
881455,2021-09-30,409,Linz neu,Männer,20 bis 24 Jahre,B9999,unbestimmt (nur Pst),15,20,24
881513,2021-09-30,409,Linz neu,Männer,25 bis 29 Jahre,B9999,unbestimmt (nur Pst),7,25,29
881571,2021-09-30,409,Linz neu,Männer,30 bis 34 Jahre,B9999,unbestimmt (nur Pst),4,30,34
881629,2021-09-30,409,Linz neu,Männer,35 bis 39 Jahre,B9999,unbestimmt (nur Pst),2,35,39
881670,2021-09-30,409,Linz neu,Männer,40 bis 44 Jahre,B9999,unbestimmt (nur Pst),1,40,44
881764,2021-09-30,409,Linz neu,Männer,55 bis 59 Jahre,B9999,unbestimmt (nur Pst),1,55,59
881803,2021-09-30,411,Perg,Frauen,20 bis 24 Jahre,B9999,unbestimmt (nur Pst),1,20,24
881950,2021-09-30,411,Perg,Männer,20 bis 24 Jahre,B9999,unbestimmt (nur Pst),2,20,24
882025,2021-09-30,411,Perg,Männer,55 bis 59 Jahre,B9999,unbestimmt (nur Pst),1,55,59
882041,2021-09-30,412,Ried im Innkreis,Frauen,bis 19 Jahre,B9999,unbestimmt (nur Pst),10,0,19
882081,2021-09-30,412,Ried im Innkreis,Frauen,25 bis 29 Jahre,B9999,unbestimmt (nur Pst),1,25,29
882111,2021-09-30,412,Ried im Innkreis,Frauen,35 bis 39 Jahre,B9999,unbestimmt (nur Pst),1,35,39
882129,2021-09-30,412,Ried im Innkreis,Frauen,40 bis 44 Jahre,B9999,unbestimmt (nur Pst),1,40,44
882176,2021-09-30,412,Ried im Innkreis,Männer,bis 19 Jahre,B9999,unbestimmt (nur Pst),6,0,19
882280,2021-09-30,413,Rohrbach,Frauen,bis 19 Jahre,B9999,unbestimmt (nur Pst),3,0,19
882291,2021-09-30,413,Rohrbach,Frauen,20 bis 24 Jahre,B9999,unbestimmt (nur Pst),2,20,24
882304,2021-09-30,413,Rohrbach,Frauen,25 bis 29 Jahre,B9999,unbestimmt (nur Pst),1,25,29
882350,2021-09-30,413,Rohrbach,Männer,bis 19 Jahre,B9999,unbestimmt (nur Pst),2,0,19
882364,2021-09-30,413,Rohrbach,Männer,20 bis 24 Jahre,B9999,unbestimmt (nur Pst),3,20,24
882380,2021-09-30,413,Rohrbach,Männer,30 bis 34 Jahre,B9999,unbestimmt (nur Pst),1,30,34
882396,2021-09-30,413,Rohrbach,Männer,40 bis 44 Jahre,B9999,unbestimmt (nur Pst),2,40,44
882422,2021-09-30,414,Schärding,Frauen,bis 19 Jahre,B9999,unbestimmt (nur Pst),1,0,19
882434,2021-09-30,414,Schärding,Frauen,20 bis 24 Jahre,B9999,unbestimmt (nur Pst),1,20,24
882500,2021-09-30,414,Schärding,Männer,bis 19 Jahre,B9999,unbestimmt (nur Pst),1,0,19
882518,2021-09-30,414,Schärding,Männer,20 bis 24 Jahre,B9999,unbestimmt (nur Pst),1,20,24
882587,2021-09-30,415,Steyr,Frauen,bis 19 Jahre,B9999,unbestimmt (nur Pst),11,0,19
882612,2021-09-30,415,Steyr,Frauen,20 bis 24 Jahre,B9999,unbestimmt (nur Pst),4,20,24
882675,2021-09-30,415,Steyr,Frauen,30 bis 34 Jahre,B9999,unbestimmt (nur Pst),1,30,34
882692,2021-09-30,415,Steyr,Frauen,35 bis 39 Jahre,B9999,unbestimmt (nur Pst),1,35,39
882707,2021-09-30,415,Steyr,Frauen,40 bis 44 Jahre,B9999,unbestimmt (nur Pst),1,40,44
882774,2021-09-30,415,Steyr,Männer,bis 19 Jahre,B9999,unbestimmt (nur Pst),13,0,19
882808,2021-09-30,415,Steyr,Männer,20 bis 24 Jahre,B9999,unbestimmt (nur Pst),2,20,24
882960,2021-09-30,418,Vöcklabruck,Frauen,bis 19 Jahre,B9999,unbestimmt (nur Pst),2,0,19
882981,2021-09-30,418,Vöcklabruck,Frauen,20 bis 24 Jahre,B9999,unbestimmt (nur Pst),1,20,24
883088,2021-09-30,418,Vöcklabruck,Frauen,45 bis 49 Jahre,B9999,unbestimmt (nur Pst),1,45,49
883107,2021-09-30,418,Vöcklabruck,Frauen,50 bis 54 Jahre,B9999,unbestimmt (nur Pst),1,50,54
883148,2021-09-30,418,Vöcklabruck,Männer,bis 19 Jahre,B9999,unbestimmt (nur Pst),8,0,19
883171,2021-09-30,418,Vöcklabruck,Männer,20 bis 24 Jahre,B9999,unbestimmt (nur Pst),2,20,24
883358,2021-09-30,419,Wels,Frauen,20 bis 24 Jahre,B9999,unbestimmt (nur Pst),1,20,24
883405,2021-09-30,419,Wels,Frauen,30 bis 34 Jahre,B9999,unbestimmt (nur Pst),1,30,34
883472,2021-09-30,419,Wels,Frauen,45 bis 49 Jahre,B9999,unbestimmt (nur Pst),2,45,49
883528,2021-09-30,419,Wels,Männer,bis 19 Jahre,B9999,unbestimmt (nur Pst),2,0,19
883707,2021-09-30,421,Traun,Frauen,bis 19 Jahre,B9999,unbestimmt (nur Pst),2,0,19
883736,2021-09-30,421,Traun,Frauen,20 bis 24 Jahre,B9999,unbestimmt (nur Pst),1,20,24
883766,2021-09-30,421,Traun,Frauen,25 bis 29 Jahre,B9999,unbestimmt (nur Pst),2,25,29
883795,2021-09-30,421,Traun,Frauen,30 bis 34 Jahre,B9999,unbestimmt (nur Pst),1,30,34
883822,2021-09-30,421,Traun,Frauen,35 bis 39 Jahre,B9999,unbestimmt (nur Pst),2,35,39
883954,2021-09-30,421,Traun,Männer,bis 19 Jahre,B9999,unbestimmt (nur Pst),1,0,19
884161,2021-09-30,501,Bischofshofen,Frauen,bis 19 Jahre,B9999,unbestimmt (nur Pst),1,0,19
884185,2021-09-30,501,Bischofshofen,Frauen,20 bis 24 Jahre,B9999,unbestimmt (nur Pst),1,20,24
884270,2021-09-30,501,Bischofshofen,Frauen,45 bis 49 Jahre,B9999,unbestimmt (nur Pst),1,45,49
884482,2021-09-30,503,Hallein,Männer,bis 19 Jahre,B9999,unbestimmt (nur Pst),5,0,19
884730,2021-09-30,504,Salzburg,Frauen,35 bis 39 Jahre,B9999,unbestimmt (nur Pst),1,35,39
884817,2021-09-30,504,Salzburg,Frauen,50 bis 54 Jahre,B9999,unbestimmt (nur Pst),1,50,54
884917,2021-09-30,504,Salzburg,Männer,20 bis 24 Jahre,B9999,unbestimmt (nur Pst),1,20,24
885044,2021-09-30,504,Salzburg,Männer,35 bis 39 Jahre,B9999,unbestimmt (nur Pst),1,35,39
885131,2021-09-30,504,Salzburg,Männer,50 bis 54 Jahre,B9999,unbestimmt (nur Pst),1,50,54
885201,2021-09-30,505,Tamsweg,Männer,25 bis 29 Jahre,B9999,unbestimmt (nur Pst),1,25,29
885219,2021-09-30,506,Zell am See,Frauen,bis 19 Jahre,B9999,unbestimmt (nur Pst),1,0,19
885268,2021-09-30,506,Zell am See,Frauen,35 bis 39 Jahre,B9999,unbestimmt (nur Pst),1,35,39
885314,2021-09-30,506,Zell am See,Männer,bis 19 Jahre,B9999,unbestimmt (nur Pst),4,0,19
885342,2021-09-30,506,Zell am See,Männer,30 bis 34 Jahre,B9999,unbestimmt (nur Pst),1,30,34
885371,2021-09-30,506,Zell am See,Männer,55 bis 59 Jahre,B9999,unbestimmt (nur Pst),1,55,59
885393,2021-09-30,601,Bruck/Mur,Frauen,bis 19 Jahre,B9999,unbestimmt (nur Pst),6,0,19
885423,2021-09-30,601,Bruck/Mur,Frauen,20 bis 24 Jahre,B9999,unbestimmt (nur Pst),2,20,24
885543,2021-09-30,601,Bruck/Mur,Männer,bis 19 Jahre,B9999,unbestimmt (nur Pst),5,0,19
885569,2021-09-30,601,Bruck/Mur,Männer,20 bis 24 Jahre,B9999,unbestimmt (nur Pst),1,20,24
885678,2021-09-30,601,Bruck/Mur,Männer,50 bis 54 Jahre,B9999,unbestimmt (nur Pst),1,50,54
885935,2021-09-30,604,Feldbach,Frauen,bis 19 Jahre,B9999,unbestimmt (nur Pst),2,0,19
885958,2021-09-30,604,Feldbach,Frauen,20 bis 24 Jahre,B9999,unbestimmt (nur Pst),1,20,24
886026,2021-09-30,604,Feldbach,Frauen,40 bis 44 Jahre,B9999,unbestimmt (nur Pst),1,40,44
886222,2021-09-30,606,Gleisdorf,Frauen,bis 19 Jahre,B9999,unbestimmt (nur Pst),1,0,19
886237,2021-09-30,606,Gleisdorf,Frauen,20 bis 24 Jahre,B9999,unbestimmt (nur Pst),2,20,24
886314,2021-09-30,606,Gleisdorf,Männer,bis 19 Jahre,B9999,unbestimmt (nur Pst),2,0,19
886331,2021-09-30,606,Gleisdorf,Männer,20 bis 24 Jahre,B9999,unbestimmt (nur Pst),1,20,24
886534,2021-09-30,609,Hartberg,Frauen,45 bis 49 Jahre,B9999,unbestimmt (nur Pst),1,45,49
886586,2021-09-30,609,Hartberg,Männer,bis 19 Jahre,B9999,unbestimmt (nur Pst),2,0,19
886612,2021-09-30,609,Hartberg,Männer,20 bis 24 Jahre,B9999,unbestimmt (nur Pst),2,20,24
886758,2021-09-30,610,Judenburg,Frauen,bis 19 Jahre,B9999,unbestimmt (nur Pst),3,0,19
886899,2021-09-30,610,Judenburg,Männer,bis 19 Jahre,B9999,unbestimmt (nur Pst),2,0,19
886917,2021-09-30,610,Judenburg,Männer,20 bis 24 Jahre,B9999,unbestimmt (nur Pst),2,20,24
887016,2021-09-30,611,Murau,Frauen,bis 19 Jahre,B9999,unbestimmt (nur Pst),1,0,19
887098,2021-09-30,614,Leibnitz,Frauen,bis 19 Jahre,B9999,unbestimmt (nur Pst),1,0,19
887121,2021-09-30,614,Leibnitz,Frauen,20 bis 24 Jahre,B9999,unbestimmt (nur Pst),1,20,24
887141,2021-09-30,614,Leibnitz,Frauen,25 bis 29 Jahre,B9999,unbestimmt (nur Pst),1,25,29
887283,2021-09-30,614,Leibnitz,Männer,20 bis 24 Jahre,B9999,unbestimmt (nur Pst),2,20,24
887417,2021-09-30,616,Leoben,Frauen,20 bis 24 Jahre,B9999,unbestimmt (nur Pst),3,20,24
887530,2021-09-30,616,Leoben,Männer,bis 19 Jahre,B9999,unbestimmt (nur Pst),2,0,19
887557,2021-09-30,616,Leoben,Männer,20 bis 24 Jahre,B9999,unbestimmt (nur Pst),1,20,24
887583,2021-09-30,616,Leoben,Männer,25 bis 29 Jahre,B9999,unbestimmt (nur Pst),1,25,29
887793,2021-09-30,618,Liezen,Männer,bis 19 Jahre,B9999,unbestimmt (nur Pst),1,0,19
887910,2021-09-30,621,Mürzzuschlag,Frauen,20 bis 24 Jahre,B9999,unbestimmt (nur Pst),2,20,24
887982,2021-09-30,621,Mürzzuschlag,Männer,bis 19 Jahre,B9999,unbestimmt (nur Pst),3,0,19
887994,2021-09-30,621,Mürzzuschlag,Männer,20 bis 24 Jahre,B9999,unbestimmt (nur Pst),3,20,24
888012,2021-09-30,621,Mürzzuschlag,Männer,25 bis 29 Jahre,B9999,unbestimmt (nur Pst),1,25,29
888086,2021-09-30,622,Voitsberg,Frauen,bis 19 Jahre,B9999,unbestimmt (nur Pst),1,0,19
888111,2021-09-30,622,Voitsberg,Frauen,20 bis 24 Jahre,B9999,unbestimmt (nur Pst),1,20,24
888206,2021-09-30,622,Voitsberg,Männer,bis 19 Jahre,B9999,unbestimmt (nur Pst),3,0,19
888304,2021-09-30,623,Weiz,Frauen,bis 19 Jahre,B9999,unbestimmt (nur Pst),3,0,19
888315,2021-09-30,623,Weiz,Frauen,20 bis 24 Jahre,B9999,unbestimmt (nur Pst),1,20,24
888325,2021-09-30,623,Weiz,Frauen,25 bis 29 Jahre,B9999,unbestimmt (nur Pst),1,25,29
888338,2021-09-30,623,Weiz,Frauen,30 bis 34 Jahre,B9999,unbestimmt (nur Pst),1,30,34
888356,2021-09-30,623,Weiz,Frauen,40 bis 44 Jahre,B9999,unbestimmt (nur Pst),1,40,44
888366,2021-09-30,623,Weiz,Frauen,50 bis 54 Jahre,B9999,unbestimmt (nur Pst),1,50,54
888370,2021-09-30,623,Weiz,Frauen,55 bis 59 Jahre,B9999,unbestimmt (nur Pst),1,55,59
888420,2021-09-30,623,Weiz,Männer,30 bis 34 Jahre,B9999,unbestimmt (nur Pst),2,30,34
888431,2021-09-30,623,Weiz,Männer,40 bis 44 Jahre,B9999,unbestimmt (nur Pst),1,40,44
888444,2021-09-30,623,Weiz,Männer,50 bis 54 Jahre,B9999,unbestimmt (nur Pst),1,50,54
888498,2021-09-30,630,Graz-West und Umgebung,Frauen,bis 19 Jahre,B9999,unbestimmt (nur Pst),5,0,19
888558,2021-09-30,630,Graz-West und Umgebung,Frauen,20 bis 24 Jahre,B9999,unbestimmt (nur Pst),4,20,24
888660,2021-09-30,630,Graz-West und Umgebung,Frauen,30 bis 34 Jahre,B9999,unbestimmt (nur Pst),1,30,34
888713,2021-09-30,630,Graz-West und Umgebung,Frauen,35 bis 39 Jahre,B9999,unbestimmt (nur Pst),1,35,39
888899,2021-09-30,630,Graz-West und Umgebung,Männer,bis 19 Jahre,B9999,unbestimmt (nur Pst),11,0,19
888964,2021-09-30,630,Graz-West und Umgebung,Männer,20 bis 24 Jahre,B9999,unbestimmt (nur Pst),1,20,24
889023,2021-09-30,630,Graz-West und Umgebung,Männer,25 bis 29 Jahre,B9999,unbestimmt (nur Pst),1,25,29
889073,2021-09-30,630,Graz-West und Umgebung,Männer,30 bis 34 Jahre,B9999,unbestimmt (nur Pst),1,30,34
889281,2021-09-30,631,Graz-Ost,Frauen,bis 19 Jahre,B9999,unbestimmt (nur Pst),1,0,19
889314,2021-09-30,631,Graz-Ost,Frauen,20 bis 24 Jahre,B9999,unbestimmt (nur Pst),3,20,24
889387,2021-09-30,631,Graz-Ost,Frauen,30 bis 34 Jahre,B9999,unbestimmt (nur Pst),3,30,34
889562,2021-09-30,631,Graz-Ost,Männer,bis 19 Jahre,B9999,unbestimmt (nur Pst),6,0,19
889649,2021-09-30,631,Graz-Ost,Männer,25 bis 29 Jahre,B9999,unbestimmt (nur Pst),1,25,29
889824,2021-09-30,701,Imst,Frauen,bis 19 Jahre,B9999,unbestimmt (nur Pst),1,0,19
889849,2021-09-30,701,Imst,Frauen,30 bis 34 Jahre,B9999,unbestimmt (nur Pst),1,30,34
889857,2021-09-30,701,Imst,Frauen,35 bis 39 Jahre,B9999,unbestimmt (nur Pst),1,35,39
889902,2021-09-30,701,Imst,Männer,25 bis 29 Jahre,B9999,unbestimmt (nur Pst),1,25,29
889909,2021-09-30,701,Imst,Männer,35 bis 39 Jahre,B9999,unbestimmt (nur Pst),1,35,39
889941,2021-09-30,702,Innsbruck,Frauen,bis 19 Jahre,B9999,unbestimmt (nur Pst),1,0,19
889973,2021-09-30,702,Innsbruck,Frauen,20 bis 24 Jahre,B9999,unbestimmt (nur Pst),1,20,24
890001,2021-09-30,702,Innsbruck,Frauen,25 bis 29 Jahre,B9999,unbestimmt (nur Pst),1,25,29
890063,2021-09-30,702,Innsbruck,Frauen,35 bis 39 Jahre,B9999,unbestimmt (nur Pst),3,35,39
890126,2021-09-30,702,Innsbruck,Frauen,45 bis 49 Jahre,B9999,unbestimmt (nur Pst),1,45,49
890153,2021-09-30,702,Innsbruck,Frauen,50 bis 54 Jahre,B9999,unbestimmt (nur Pst),2,50,54
890191,2021-09-30,702,Innsbruck,Männer,bis 19 Jahre,B9999,unbestimmt (nur Pst),4,0,19
890238,2021-09-30,702,Innsbruck,Männer,20 bis 24 Jahre,B9999,unbestimmt (nur Pst),1,20,24
890402,2021-09-30,702,Innsbruck,Männer,45 bis 49 Jahre,B9999,unbestimmt (nur Pst),2,45,49
890460,2021-09-30,704,Kitzbühel,Frauen,bis 19 Jahre,B9999,unbestimmt (nur Pst),3,0,19
890571,2021-09-30,705,Kufstein,Frauen,bis 19 Jahre,B9999,unbestimmt (nur Pst),5,0,19
890587,2021-09-30,705,Kufstein,Frauen,20 bis 24 Jahre,B9999,unbestimmt (nur Pst),1,20,24
890655,2021-09-30,705,Kufstein,Frauen,45 bis 49 Jahre,B9999,unbestimmt (nur Pst),1,45,49
890698,2021-09-30,705,Kufstein,Männer,bis 19 Jahre,B9999,unbestimmt (nur Pst),7,0,19
890733,2021-09-30,705,Kufstein,Männer,25 bis 29 Jahre,B9999,unbestimmt (nur Pst),1,25,29
890760,2021-09-30,705,Kufstein,Männer,35 bis 39 Jahre,B9999,unbestimmt (nur Pst),1,35,39
890813,2021-09-30,706,Landeck,Frauen,bis 19 Jahre,B9999,unbestimmt (nur Pst),1,0,19
890825,2021-09-30,706,Landeck,Frauen,20 bis 24 Jahre,B9999,unbestimmt (nur Pst),2,20,24
890884,2021-09-30,706,Landeck,Männer,bis 19 Jahre,B9999,unbestimmt (nur Pst),1,0,19
890912,2021-09-30,707,Lienz,Frauen,bis 19 Jahre,B9999,unbestimmt (nur Pst),2,0,19
890954,2021-09-30,707,Lienz,Männer,bis 19 Jahre,B9999,unbestimmt (nur Pst),1,0,19
890966,2021-09-30,707,Lienz,Männer,30 bis 34 Jahre,B9999,unbestimmt (nur Pst),1,30,34
891051,2021-09-30,709,Schwaz,Frauen,bis 19 Jahre,B9999,unbestimmt (nur Pst),1,0,19
891166,2021-09-30,709,Schwaz,Männer,bis 19 Jahre,B9999,unbestimmt (nur Pst),3,0,19
891218,2021-09-30,709,Schwaz,Männer,35 bis 39 Jahre,B9999,unbestimmt (nur Pst),1,35,39
891226,2021-09-30,709,Schwaz,Männer,40 bis 44 Jahre,B9999,unbestimmt (nur Pst),1,40,44
891236,2021-09-30,709,Schwaz,Männer,45 bis 49 Jahre,B9999,unbestimmt (nur Pst),1,45,49
891261,2021-09-30,801,Bludenz,Frauen,bis 19 Jahre,B9999,unbestimmt (nur Pst),2,0,19
891286,2021-09-30,801,Bludenz,Frauen,20 bis 24 Jahre,B9999,unbestimmt (nur Pst),2,20,24
891305,2021-09-30,801,Bludenz,Frauen,25 bis 29 Jahre,B9999,unbestimmt (nur Pst),1,25,29
891367,2021-09-30,801,Bludenz,Frauen,50 bis 54 Jahre,B9999,unbestimmt (nur Pst),1,50,54
891391,2021-09-30,801,Bludenz,Männer,bis 19 Jahre,B9999,unbestimmt (nur Pst),1,0,19
891424,2021-09-30,801,Bludenz,Männer,25 bis 29 Jahre,B9999,unbestimmt (nur Pst),1,25,29
891489,2021-09-30,802,Bregenz,Frauen,bis 19 Jahre,B9999,unbestimmt (nur Pst),2,0,19
891518,2021-09-30,802,Bregenz,Frauen,20 bis 24 Jahre,B9999,unbestimmt (nur Pst),1,20,24
891547,2021-09-30,802,Bregenz,Frauen,25 bis 29 Jahre,B9999,unbestimmt (nur Pst),1,25,29
891572,2021-09-30,802,Bregenz,Frauen,30 bis 34 Jahre,B9999,unbestimmt (nur Pst),2,30,34
891593,2021-09-30,802,Bregenz,Frauen,35 bis 39 Jahre,B9999,unbestimmt (nur Pst),1,35,39
891637,2021-09-30,802,Bregenz,Frauen,50 bis 54 Jahre,B9999,unbestimmt (nur Pst),1,50,54
891682,2021-09-30,802,Bregenz,Männer,bis 19 Jahre,B9999,unbestimmt (nur Pst),2,0,19
891771,2021-09-30,802,Bregenz,Männer,35 bis 39 Jahre,B9999,unbestimmt (nur Pst),1,35,39
891831,2021-09-30,804,Dornbirn,Frauen,bis 19 Jahre,B9999,unbestimmt (nur Pst),2,0,19
891869,2021-09-30,804,Dornbirn,Frauen,20 bis 24 Jahre,B9999,unbestimmt (nur Pst),2,20,24
892024,2021-09-30,804,Dornbirn,Männer,bis 19 Jahre,B9999,unbestimmt (nur Pst),3,0,19
892060,2021-09-30,804,Dornbirn,Männer,20 bis 24 Jahre,B9999,unbestimmt (nur Pst),1,20,24
892084,2021-09-30,804,Dornbirn,Männer,25 bis 29 Jahre,B9999,unbestimmt (nur Pst),2,25,29
892101,2021-09-30,804,Dornbirn,Männer,30 bis 34 Jahre,B9999,unbestimmt (nur Pst),1,30,34
892182,2021-09-30,805,Feldkirch,Frauen,bis 19 Jahre,B9999,unbestimmt (nur Pst),3,0,19
892212,2021-09-30,805,Feldkirch,Frauen,20 bis 24 Jahre,B9999,unbestimmt (nur Pst),7,20,24
892235,2021-09-30,805,Feldkirch,Frauen,25 bis 29 Jahre,B9999,unbestimmt (nur Pst),6,25,29
892257,2021-09-30,805,Feldkirch,Frauen,30 bis 34 Jahre,B9999,unbestimmt (nur Pst),1,30,34
892279,2021-09-30,805,Feldkirch,Frauen,35 bis 39 Jahre,B9999,unbestimmt (nur Pst),1,35,39
892295,2021-09-30,805,Feldkirch,Frauen,40 bis 44 Jahre,B9999,unbestimmt (nur Pst),2,40,44
892356,2021-09-30,805,Feldkirch,Männer,bis 19 Jahre,B9999,unbestimmt (nur Pst),9,0,19
892396,2021-09-30,805,Feldkirch,Männer,20 bis 24 Jahre,B9999,unbestimmt (nur Pst),3,20,24
892426,2021-09-30,805,Feldkirch,Männer,25 bis 29 Jahre,B9999,unbestimmt (nur Pst),1,25,29
892443,2021-09-30,805,Feldkirch,Männer,30 bis 34 Jahre,B9999,unbestimmt (nur Pst),2,30,34
892461,2021-09-30,805,Feldkirch,Männer,35 bis 39 Jahre,B9999,unbestimmt (nur Pst),1,35,39
892472,2021-09-30,805,Feldkirch,Männer,40 bis 44 Jahre,B9999,unbestimmt (nur Pst),1,40,44
892482,2021-09-30,805,Feldkirch,Männer,45 bis 49 Jahre,B9999,unbestimmt (nur Pst),1,45,49
893021,2021-09-30,959,Wien Hauffgasse,Frauen,25 bis 29 Jahre,B9999,unbestimmt (nur Pst),1,25,29
893642,2021-09-30,960,Wien Esteplatz,Frauen,35 bis 39 Jahre,B9999,unbestimmt (nur Pst),1,35,39
894060,2021-09-30,962,Wien Redergasse,Frauen,25 bis 29 Jahre,B9999,unbestimmt (nur Pst),1,25,29
894329,2021-09-30,962,Wien Redergasse,Männer,25 bis 29 Jahre,B9999,unbestimmt (nur Pst),2,25,29
894376,2021-09-30,962,Wien Redergasse,Männer,30 bis 34 Jahre,B9999,unbestimmt (nur Pst),1,30,34
894717,2021-09-30,963,Wien Währinger Gürtel,Frauen,40 bis 44 Jahre,B9999,unbestimmt (nur Pst),2,40,44
894754,2021-09-30,963,Wien Währinger Gürtel,Frauen,45 bis 49 Jahre,B9999,unbestimmt (nur Pst),1,45,49
895106,2021-09-30,964,Wien Favoritenstraße,Frauen,25 bis 29 Jahre,B9999,unbestimmt (nur Pst),1,25,29
895155,2021-09-30,964,Wien Favoritenstraße,Frauen,30 bis 34 Jahre,B9999,unbestimmt (nur Pst),1,30,34
895603,2021-09-30,964,Wien Favoritenstraße,Männer,35 bis 39 Jahre,B9999,unbestimmt (nur Pst),2,35,39
895887,2021-09-30,965,Wien Schönbrunner Straße,Frauen,25 bis 29 Jahre,B9999,unbestimmt (nur Pst),1,25,29
895941,2021-09-30,965,Wien Schönbrunner Straße,Frauen,30 bis 34 Jahre,B9999,unbestimmt (nur Pst),1,30,34
896002,2021-09-30,965,Wien Schönbrunner Straße,Frauen,35 bis 39 Jahre,B9999,unbestimmt (nur Pst),1,35,39
896242,2021-09-30,965,Wien Schönbrunner Straße,Männer,25 bis 29 Jahre,B9999,unbestimmt (nur Pst),1,25,29
896308,2021-09-30,965,Wien Schönbrunner Straße,Männer,30 bis 34 Jahre,B9999,unbestimmt (nur Pst),2,30,34
896413,2021-09-30,965,Wien Schönbrunner Straße,Männer,40 bis 44 Jahre,B9999,unbestimmt (nur Pst),1,40,44
896742,2021-09-30,966,Wien Hietzinger Kai,Frauen,40 bis 44 Jahre,B9999,unbestimmt (nur Pst),2,40,44
897295,2021-09-30,967,Wien Huttengasse,Frauen,35 bis 39 Jahre,B9999,unbestimmt (nur Pst),1,35,39
897381,2021-09-30,967,Wien Huttengasse,Frauen,45 bis 49 Jahre,B9999,unbestimmt (nur Pst),1,45,49
897504,2021-09-30,967,Wien Huttengasse,Männer,25 bis 29 Jahre,B9999,unbestimmt (nur Pst),1,25,29
899186,2021-09-30,974,Wien Austria Campus,Frauen,35 bis 39 Jahre,B9999,unbestimmt (nur Pst),1,35,39
899224,2021-09-30,974,Wien Austria Campus,Frauen,40 bis 44 Jahre,B9999,unbestimmt (nur Pst),1,40,44
899276,2021-09-30,974,Wien Austria Campus,Frauen,50 bis 54 Jahre,B9999,unbestimmt (nur Pst),1,50,54
899628,2021-09-30,975,Wien Jäger Straße,Frauen,30 bis 34 Jahre,B9999,unbestimmt (nur Pst),1,30,34
899873,2021-09-30,975,Wien Jäger Straße,Männer,30 bis 34 Jahre,B9999,unbestimmt (nur Pst),1,30,34
900115,2021-09-30,976,Wien Jugendliche I,Frauen,bis 19 Jahre,B9999,unbestimmt (nur Pst),9,0,19
900213,2021-09-30,976,Wien Jugendliche I,Frauen,20 bis 24 Jahre,B9999,unbestimmt (nur Pst),6,20,24
900305,2021-09-30,976,Wien Jugendliche I,Männer,bis 19 Jahre,B9999,unbestimmt (nur Pst),12,0,19
900434,2021-09-30,976,Wien Jugendliche I,Männer,20 bis 24 Jahre,B9999,unbestimmt (nur Pst),10,20,24
900508,2021-09-30,977,Wien Jugendliche II,Frauen,bis 19 Jahre,B9999,unbestimmt (nur Pst),12,0,19
900608,2021-09-30,977,Wien Jugendliche II,Frauen,20 bis 24 Jahre,B9999,unbestimmt (nur Pst),5,20,24
900724,2021-09-30,977,Wien Jugendliche II,Männer,bis 19 Jahre,B9999,unbestimmt (nur Pst),13,0,19
900841,2021-09-30,977,Wien Jugendliche II,Männer,20 bis 24 Jahre,B9999,unbestimmt (nur Pst),1,20,24
901008,2021-10-31,101,Eisenstadt,Männer,bis 19 Jahre,B9999,unbestimmt (nur Pst),2,0,19
901109,2021-10-31,102,Mattersburg,Frauen,bis 19 Jahre,B9999,unbestimmt (nur Pst),4,0,19
901157,2021-10-31,102,Mattersburg,Frauen,45 bis 49 Jahre,B9999,unbestimmt (nur Pst),1,45,49
901181,2021-10-31,102,Mattersburg,Männer,bis 19 Jahre,B9999,unbestimmt (nur Pst),4,0,19
901197,2021-10-31,102,Mattersburg,Männer,25 bis 29 Jahre,B9999,unbestimmt (nur Pst),1,25,29
901265,2021-10-31,103,Neusiedl am See,Frauen,35 bis 39 Jahre,B9999,unbestimmt (nur Pst),1,35,39
901316,2021-10-31,103,Neusiedl am See,Männer,bis 19 Jahre,B9999,unbestimmt (nur Pst),1,0,19
901354,2021-10-31,103,Neusiedl am See,Männer,40 bis 44 Jahre,B9999,unbestimmt (nur Pst),1,40,44
901553,2021-10-31,105,Oberwart,Frauen,bis 19 Jahre,B9999,unbestimmt (nur Pst),1,0,19
901575,2021-10-31,105,Oberwart,Frauen,20 bis 24 Jahre,B9999,unbestimmt (nur Pst),1,20,24
901603,2021-10-31,105,Oberwart,Frauen,30 bis 34 Jahre,B9999,unbestimmt (nur Pst),1,30,34
901699,2021-10-31,105,Oberwart,Männer,bis 19 Jahre,B9999,unbestimmt (nur Pst),1,0,19
901825,2021-10-31,106,Stegersbach,Frauen,25 bis 29 Jahre,B9999,unbestimmt (nur Pst),1,25,29
901945,2021-10-31,107,Jennersdorf,Frauen,bis 19 Jahre,B9999,unbestimmt (nur Pst),1,0,19
902062,2021-10-31,201,Feldkirchen,Frauen,25 bis 29 Jahre,B9999,unbestimmt (nur Pst),1,25,29
902090,2021-10-31,201,Feldkirchen,Männer,bis 19 Jahre,B9999,unbestimmt (nur Pst),1,0,19
902135,2021-10-31,202,Hermagor,Männer,bis 19 Jahre,B9999,unbestimmt (nur Pst),1,0,19
902169,2021-10-31,203,Klagenfurt,Frauen,bis 19 Jahre,B9999,unbestimmt (nur Pst),3,0,19
902224,2021-10-31,203,Klagenfurt,Frauen,25 bis 29 Jahre,B9999,unbestimmt (nur Pst),2,25,29
902250,2021-10-31,203,Klagenfurt,Frauen,30 bis 34 Jahre,B9999,unbestimmt (nur Pst),1,30,34
902280,2021-10-31,203,Klagenfurt,Frauen,35 bis 39 Jahre,B9999,unbestimmt (nur Pst),1,35,39
902311,2021-10-31,203,Klagenfurt,Frauen,40 bis 44 Jahre,B9999,unbestimmt (nur Pst),3,40,44
902349,2021-10-31,203,Klagenfurt,Frauen,45 bis 49 Jahre,B9999,unbestimmt (nur Pst),1,45,49
902371,2021-10-31,203,Klagenfurt,Frauen,50 bis 54 Jahre,B9999,unbestimmt (nur Pst),1,50,54
902383,2021-10-31,203,Klagenfurt,Frauen,55 bis 59 Jahre,B9999,unbestimmt (nur Pst),1,55,59
902411,2021-10-31,203,Klagenfurt,Männer,bis 19 Jahre,B9999,unbestimmt (nur Pst),7,0,19
902471,2021-10-31,203,Klagenfurt,Männer,25 bis 29 Jahre,B9999,unbestimmt (nur Pst),2,25,29
902497,2021-10-31,203,Klagenfurt,Männer,30 bis 34 Jahre,B9999,unbestimmt (nur Pst),3,30,34
902531,2021-10-31,203,Klagenfurt,Männer,40 bis 44 Jahre,B9999,unbestimmt (nur Pst),2,40,44
902551,2021-10-31,203,Klagenfurt,Männer,45 bis 49 Jahre,B9999,unbestimmt (nur Pst),1,45,49
902571,2021-10-31,203,Klagenfurt,Männer,50 bis 54 Jahre,B9999,unbestimmt (nur Pst),1,50,54
902587,2021-10-31,203,Klagenfurt,Männer,55 bis 59 Jahre,B9999,unbestimmt (nur Pst),1,55,59
902710,2021-10-31,204,Spittal/Drau,Männer,bis 19 Jahre,B9999,unbestimmt (nur Pst),3,0,19
902789,2021-10-31,205,St. Veit/Glan,Frauen,bis 19 Jahre,B9999,unbestimmt (nur Pst),1,0,19
902817,2021-10-31,205,St. Veit/Glan,Frauen,25 bis 29 Jahre,B9999,unbestimmt (nur Pst),1,25,29
903167,2021-10-31,206,Villach,Frauen,45 bis 49 Jahre,B9999,unbestimmt (nur Pst),1,45,49
903310,2021-10-31,206,Villach,Männer,35 bis 39 Jahre,B9999,unbestimmt (nur Pst),2,35,39
903474,2021-10-31,207,Völkermarkt,Frauen,55 bis 59 Jahre,B9999,unbestimmt (nur Pst),1,55,59
903490,2021-10-31,207,Völkermarkt,Männer,bis 19 Jahre,B9999,unbestimmt (nur Pst),1,0,19
903566,2021-10-31,208,Wolfsberg,Frauen,bis 19 Jahre,B9999,unbestimmt (nur Pst),2,0,19
903688,2021-10-31,208,Wolfsberg,Männer,20 bis 24 Jahre,B9999,unbestimmt (nur Pst),1,20,24
903759,2021-10-31,301,Amstetten,Frauen,bis 19 Jahre,B9999,unbestimmt (nur Pst),5,0,19
903784,2021-10-31,301,Amstetten,Frauen,20 bis 24 Jahre,B9999,unbestimmt (nur Pst),3,20,24
903803,2021-10-31,301,Amstetten,Frauen,25 bis 29 Jahre,B9999,unbestimmt (nur Pst),1,25,29
903915,2021-10-31,301,Amstetten,Männer,bis 19 Jahre,B9999,unbestimmt (nur Pst),7,0,19
903949,2021-10-31,301,Amstetten,Männer,25 bis 29 Jahre,B9999,unbestimmt (nur Pst),2,25,29
904084,2021-10-31,304,Baden neu,Frauen,20 bis 24 Jahre,B9999,unbestimmt (nur Pst),4,20,24
904106,2021-10-31,304,Baden neu,Frauen,25 bis 29 Jahre,B9999,unbestimmt (nur Pst),1,25,29
904249,2021-10-31,304,Baden neu,Männer,bis 19 Jahre,B9999,unbestimmt (nur Pst),3,0,19
904288,2021-10-31,304,Baden neu,Männer,20 bis 24 Jahre,B9999,unbestimmt (nur Pst),5,20,24
904415,2021-10-31,304,Baden neu,Männer,60 bis 64 Jahre,B9999,unbestimmt (nur Pst),1,60,64
904427,2021-10-31,306,Bruck/Leitha,Frauen,bis 19 Jahre,B9999,unbestimmt (nur Pst),5,0,19
904542,2021-10-31,306,Bruck/Leitha,Männer,bis 19 Jahre,B9999,unbestimmt (nur Pst),2,0,19
904560,2021-10-31,306,Bruck/Leitha,Männer,20 bis 24 Jahre,B9999,unbestimmt (nur Pst),2,20,24
904597,2021-10-31,306,Bruck/Leitha,Männer,50 bis 54 Jahre,B9999,unbestimmt (nur Pst),1,50,54
904625,2021-10-31,308,Gänserndorf,Frauen,bis 19 Jahre,B9999,unbestimmt (nur Pst),4,0,19
904654,2021-10-31,308,Gänserndorf,Frauen,20 bis 24 Jahre,B9999,unbestimmt (nur Pst),1,20,24
904678,2021-10-31,308,Gänserndorf,Frauen,25 bis 29 Jahre,B9999,unbestimmt (nur Pst),2,25,29
904820,2021-10-31,308,Gänserndorf,Männer,bis 19 Jahre,B9999,unbestimmt (nur Pst),5,0,19
904955,2021-10-31,311,Gmünd,Frauen,bis 19 Jahre,B9999,unbestimmt (nur Pst),1,0,19
905010,2021-10-31,311,Gmünd,Frauen,55 bis 59 Jahre,B9999,unbestimmt (nur Pst),1,55,59
905026,2021-10-31,311,Gmünd,Männer,bis 19 Jahre,B9999,unbestimmt (nur Pst),4,0,19
905080,2021-10-31,312,Hollabrunn,Frauen,bis 19 Jahre,B9999,unbestimmt (nur Pst),2,0,19
905116,2021-10-31,312,Hollabrunn,Frauen,25 bis 29 Jahre,B9999,unbestimmt (nur Pst),2,25,29
905181,2021-10-31,312,Hollabrunn,Männer,bis 19 Jahre,B9999,unbestimmt (nur Pst),4,0,19
905244,2021-10-31,313,Horn,Frauen,bis 19 Jahre,B9999,unbestimmt (nur Pst),2,0,19
905255,2021-10-31,313,Horn,Frauen,20 bis 24 Jahre,B9999,unbestimmt (nur Pst),2,20,24
905290,2021-10-31,313,Horn,Männer,bis 19 Jahre,B9999,unbestimmt (nur Pst),1,0,19
905295,2021-10-31,313,Horn,Männer,20 bis 24 Jahre,B9999,unbestimmt (nur Pst),3,20,24
905304,2021-10-31,313,Horn,Männer,25 bis 29 Jahre,B9999,unbestimmt (nur Pst),1,25,29
905341,2021-10-31,314,Korneuburg,Frauen,bis 19 Jahre,B9999,unbestimmt (nur Pst),2,0,19
905364,2021-10-31,314,Korneuburg,Frauen,20 bis 24 Jahre,B9999,unbestimmt (nur Pst),2,20,24
905399,2021-10-31,314,Korneuburg,Frauen,30 bis 34 Jahre,B9999,unbestimmt (nur Pst),1,30,34
905449,2021-10-31,314,Korneuburg,Frauen,45 bis 49 Jahre,B9999,unbestimmt (nur Pst),1,45,49
905490,2021-10-31,314,Korneuburg,Männer,bis 19 Jahre,B9999,unbestimmt (nur Pst),5,0,19
905517,2021-10-31,314,Korneuburg,Männer,20 bis 24 Jahre,B9999,unbestimmt (nur Pst),1,20,24
905554,2021-10-31,314,Korneuburg,Männer,35 bis 39 Jahre,B9999,unbestimmt (nur Pst),1,35,39
905611,2021-10-31,315,Krems,Frauen,bis 19 Jahre,B9999,unbestimmt (nur Pst),2,0,19
905646,2021-10-31,315,Krems,Frauen,25 bis 29 Jahre,B9999,unbestimmt (nur Pst),1,25,29
905753,2021-10-31,315,Krems,Männer,bis 19 Jahre,B9999,unbestimmt (nur Pst),5,0,19
905818,2021-10-31,315,Krems,Männer,35 bis 39 Jahre,B9999,unbestimmt (nur Pst),1,35,39
905838,2021-10-31,315,Krems,Männer,45 bis 49 Jahre,B9999,unbestimmt (nur Pst),1,45,49
905861,2021-10-31,316,Lilienfeld,Frauen,bis 19 Jahre,B9999,unbestimmt (nur Pst),1,0,19
905872,2021-10-31,316,Lilienfeld,Frauen,20 bis 24 Jahre,B9999,unbestimmt (nur Pst),1,20,24
905882,2021-10-31,316,Lilienfeld,Frauen,25 bis 29 Jahre,B9999,unbestimmt (nur Pst),1,25,29
905901,2021-10-31,316,Lilienfeld,Frauen,35 bis 39 Jahre,B9999,unbestimmt (nur Pst),1,35,39
905919,2021-10-31,316,Lilienfeld,Frauen,45 bis 49 Jahre,B9999,unbestimmt (nur Pst),1,45,49
905938,2021-10-31,316,Lilienfeld,Männer,bis 19 Jahre,B9999,unbestimmt (nur Pst),3,0,19
905944,2021-10-31,316,Lilienfeld,Männer,20 bis 24 Jahre,B9999,unbestimmt (nur Pst),1,20,24
905995,2021-10-31,317,Melk,Frauen,bis 19 Jahre,B9999,unbestimmt (nur Pst),1,0,19
906214,2021-10-31,319,Mistelbach,Frauen,bis 19 Jahre,B9999,unbestimmt (nur Pst),6,0,19
906232,2021-10-31,319,Mistelbach,Frauen,20 bis 24 Jahre,B9999,unbestimmt (nur Pst),1,20,24
906331,2021-10-31,319,Mistelbach,Männer,bis 19 Jahre,B9999,unbestimmt (nur Pst),2,0,19
906349,2021-10-31,319,Mistelbach,Männer,20 bis 24 Jahre,B9999,unbestimmt (nur Pst),1,20,24
906442,2021-10-31,321,Mödling,Frauen,bis 19 Jahre,B9999,unbestimmt (nur Pst),5,0,19
906468,2021-10-31,321,Mödling,Frauen,20 bis 24 Jahre,B9999,unbestimmt (nur Pst),1,20,24
906490,2021-10-31,321,Mödling,Frauen,25 bis 29 Jahre,B9999,unbestimmt (nur Pst),1,25,29
906639,2021-10-31,321,Mödling,Männer,bis 19 Jahre,B9999,unbestimmt (nur Pst),6,0,19
906668,2021-10-31,321,Mödling,Männer,20 bis 24 Jahre,B9999,unbestimmt (nur Pst),1,20,24
906701,2021-10-31,321,Mödling,Männer,30 bis 34 Jahre,B9999,unbestimmt (nur Pst),1,30,34
906821,2021-10-31,323,Neunkirchen,Frauen,bis 19 Jahre,B9999,unbestimmt (nur Pst),1,0,19
906845,2021-10-31,323,Neunkirchen,Frauen,20 bis 24 Jahre,B9999,unbestimmt (nur Pst),1,20,24
906891,2021-10-31,323,Neunkirchen,Frauen,35 bis 39 Jahre,B9999,unbestimmt (nur Pst),1,35,39
906949,2021-10-31,323,Neunkirchen,Frauen,50 bis 54 Jahre,B9999,unbestimmt (nur Pst),1,50,54
907095,2021-10-31,323,Neunkirchen,Männer,55 bis 59 Jahre,B9999,unbestimmt (nur Pst),1,55,59
907119,2021-10-31,326,St. Pölten,Frauen,bis 19 Jahre,B9999,unbestimmt (nur Pst),14,0,19
907147,2021-10-31,326,St. Pölten,Frauen,20 bis 24 Jahre,B9999,unbestimmt (nur Pst),4,20,24
907231,2021-10-31,326,St. Pölten,Frauen,35 bis 39 Jahre,B9999,unbestimmt (nur Pst),1,35,39
907350,2021-10-31,326,St. Pölten,Männer,bis 19 Jahre,B9999,unbestimmt (nur Pst),20,0,19
907386,2021-10-31,326,St. Pölten,Männer,20 bis 24 Jahre,B9999,unbestimmt (nur Pst),2,20,24
907415,2021-10-31,326,St. Pölten,Männer,25 bis 29 Jahre,B9999,unbestimmt (nur Pst),1,25,29
907473,2021-10-31,326,St. Pölten,Männer,35 bis 39 Jahre,B9999,unbestimmt (nur Pst),1,35,39
907534,2021-10-31,326,St. Pölten,Männer,50 bis 54 Jahre,B9999,unbestimmt (nur Pst),1,50,54
907564,2021-10-31,328,Scheibbs,Frauen,bis 19 Jahre,B9999,unbestimmt (nur Pst),3,0,19
907628,2021-10-31,328,Scheibbs,Männer,bis 19 Jahre,B9999,unbestimmt (nur Pst),3,0,19
907714,2021-10-31,329,Schwechat,Frauen,20 bis 24 Jahre,B9999,unbestimmt (nur Pst),1,20,24
907762,2021-10-31,329,Schwechat,Frauen,35 bis 39 Jahre,B9999,unbestimmt (nur Pst),1,35,39
907831,2021-10-31,329,Schwechat,Männer,bis 19 Jahre,B9999,unbestimmt (nur Pst),1,0,19
907950,2021-10-31,331,Tulln,Frauen,bis 19 Jahre,B9999,unbestimmt (nur Pst),6,0,19
907970,2021-10-31,331,Tulln,Frauen,20 bis 24 Jahre,B9999,unbestimmt (nur Pst),2,20,24
908004,2021-10-31,331,Tulln,Frauen,30 bis 34 Jahre,B9999,unbestimmt (nur Pst),2,30,34
908088,2021-10-31,331,Tulln,Männer,bis 19 Jahre,B9999,unbestimmt (nur Pst),12,0,19
908112,2021-10-31,331,Tulln,Männer,20 bis 24 Jahre,B9999,unbestimmt (nur Pst),3,20,24
908214,2021-10-31,332,Waidhofen/Thaya,Frauen,bis 19 Jahre,B9999,unbestimmt (nur Pst),1,0,19
908228,2021-10-31,332,Waidhofen/Thaya,Frauen,20 bis 24 Jahre,B9999,unbestimmt (nur Pst),1,20,24
908271,2021-10-31,332,Waidhofen/Thaya,Männer,bis 19 Jahre,B9999,unbestimmt (nur Pst),2,0,19
908283,2021-10-31,332,Waidhofen/Thaya,Männer,20 bis 24 Jahre,B9999,unbestimmt (nur Pst),1,20,24
908360,2021-10-31,333,Waidhofen/Ybbs,Männer,bis 19 Jahre,B9999,unbestimmt (nur Pst),4,0,19
908367,2021-10-31,333,Waidhofen/Ybbs,Männer,20 bis 24 Jahre,B9999,unbestimmt (nur Pst),1,20,24
908410,2021-10-31,334,Wr. Neustadt,Frauen,bis 19 Jahre,B9999,unbestimmt (nur Pst),1,0,19
908615,2021-10-31,334,Wr. Neustadt,Männer,bis 19 Jahre,B9999,unbestimmt (nur Pst),1,0,19
908841,2021-10-31,335,Zwettl,Frauen,25 bis 29 Jahre,B9999,unbestimmt (nur Pst),1,25,29
908889,2021-10-31,335,Zwettl,Männer,bis 19 Jahre,B9999,unbestimmt (nur Pst),1,0,19
908912,2021-10-31,335,Zwettl,Männer,30 bis 34 Jahre,B9999,unbestimmt (nur Pst),1,30,34
908951,2021-10-31,401,Braunau,Frauen,bis 19 Jahre,B9999,unbestimmt (nur Pst),13,0,19
908973,2021-10-31,401,Braunau,Frauen,20 bis 24 Jahre,B9999,unbestimmt (nur Pst),7,20,24
908994,2021-10-31,401,Braunau,Frauen,25 bis 29 Jahre,B9999,unbestimmt (nur Pst),4,25,29
909014,2021-10-31,401,Braunau,Frauen,30 bis 34 Jahre,B9999,unbestimmt (nur Pst),1,30,34
909076,2021-10-31,401,Braunau,Frauen,45 bis 49 Jahre,B9999,unbestimmt (nur Pst),2,45,49
909092,2021-10-31,401,Braunau,Frauen,50 bis 54 Jahre,B9999,unbestimmt (nur Pst),2,50,54
909117,2021-10-31,401,Braunau,Männer,bis 19 Jahre,B9999,unbestimmt (nur Pst),19,0,19
909149,2021-10-31,401,Braunau,Männer,20 bis 24 Jahre,B9999,unbestimmt (nur Pst),6,20,24
909171,2021-10-31,401,Braunau,Männer,25 bis 29 Jahre,B9999,unbestimmt (nur Pst),3,25,29
909187,2021-10-31,401,Braunau,Männer,30 bis 34 Jahre,B9999,unbestimmt (nur Pst),1,30,34
909202,2021-10-31,401,Braunau,Männer,35 bis 39 Jahre,B9999,unbestimmt (nur Pst),1,35,39
909233,2021-10-31,401,Braunau,Männer,45 bis 49 Jahre,B9999,unbestimmt (nur Pst),1,45,49
909280,2021-10-31,402,Eferding,Frauen,20 bis 24 Jahre,B9999,unbestimmt (nur Pst),1,20,24
909310,2021-10-31,402,Eferding,Frauen,40 bis 44 Jahre,B9999,unbestimmt (nur Pst),1,40,44
909341,2021-10-31,402,Eferding,Männer,20 bis 24 Jahre,B9999,unbestimmt (nur Pst),1,20,24
909369,2021-10-31,402,Eferding,Männer,45 bis 49 Jahre,B9999,unbestimmt (nur Pst),1,45,49
909376,2021-10-31,402,Eferding,Männer,55 bis 59 Jahre,B9999,unbestimmt (nur Pst),1,55,59
909390,2021-10-31,403,Freistadt,Frauen,bis 19 Jahre,B9999,unbestimmt (nur Pst),1,0,19
909422,2021-10-31,403,Freistadt,Frauen,25 bis 29 Jahre,B9999,unbestimmt (nur Pst),1,25,29
909513,2021-10-31,403,Freistadt,Männer,20 bis 24 Jahre,B9999,unbestimmt (nur Pst),1,20,24
909578,2021-10-31,403,Freistadt,Männer,60 bis 64 Jahre,B9999,unbestimmt (nur Pst),1,60,64
909594,2021-10-31,404,Gmunden,Frauen,bis 19 Jahre,B9999,unbestimmt (nur Pst),7,0,19
909779,2021-10-31,404,Gmunden,Männer,bis 19 Jahre,B9999,unbestimmt (nur Pst),10,0,19
910034,2021-10-31,406,Grieskirchen,Männer,bis 19 Jahre,B9999,unbestimmt (nur Pst),1,0,19
910110,2021-10-31,407,Kirchdorf/Krems,Frauen,bis 19 Jahre,B9999,unbestimmt (nur Pst),4,0,19
910143,2021-10-31,407,Kirchdorf/Krems,Frauen,25 bis 29 Jahre,B9999,unbestimmt (nur Pst),1,25,29
910156,2021-10-31,407,Kirchdorf/Krems,Frauen,30 bis 34 Jahre,B9999,unbestimmt (nur Pst),1,30,34
910229,2021-10-31,407,Kirchdorf/Krems,Männer,bis 19 Jahre,B9999,unbestimmt (nur Pst),4,0,19
910251,2021-10-31,407,Kirchdorf/Krems,Männer,20 bis 24 Jahre,B9999,unbestimmt (nur Pst),1,20,24
910347,2021-10-31,409,Linz neu,Frauen,bis 19 Jahre,B9999,unbestimmt (nur Pst),29,0,19
910389,2021-10-31,409,Linz neu,Frauen,20 bis 24 Jahre,B9999,unbestimmt (nur Pst),9,20,24
910440,2021-10-31,409,Linz neu,Frauen,25 bis 29 Jahre,B9999,unbestimmt (nur Pst),3,25,29
910482,2021-10-31,409,Linz neu,Frauen,30 bis 34 Jahre,B9999,unbestimmt (nur Pst),9,30,34
910531,2021-10-31,409,Linz neu,Frauen,35 bis 39 Jahre,B9999,unbestimmt (nur Pst),3,35,39
910612,2021-10-31,409,Linz neu,Frauen,45 bis 49 Jahre,B9999,unbestimmt (nur Pst),1,45,49
910699,2021-10-31,409,Linz neu,Männer,bis 19 Jahre,B9999,unbestimmt (nur Pst),33,0,19
910754,2021-10-31,409,Linz neu,Männer,20 bis 24 Jahre,B9999,unbestimmt (nur Pst),11,20,24
910812,2021-10-31,409,Linz neu,Männer,25 bis 29 Jahre,B9999,unbestimmt (nur Pst),7,25,29
910867,2021-10-31,409,Linz neu,Männer,30 bis 34 Jahre,B9999,unbestimmt (nur Pst),4,30,34
910925,2021-10-31,409,Linz neu,Männer,35 bis 39 Jahre,B9999,unbestimmt (nur Pst),2,35,39
910965,2021-10-31,409,Linz neu,Männer,40 bis 44 Jahre,B9999,unbestimmt (nur Pst),1,40,44
911003,2021-10-31,409,Linz neu,Männer,45 bis 49 Jahre,B9999,unbestimmt (nur Pst),1,45,49
911055,2021-10-31,409,Linz neu,Männer,55 bis 59 Jahre,B9999,unbestimmt (nur Pst),1,55,59
911090,2021-10-31,411,Perg,Frauen,20 bis 24 Jahre,B9999,unbestimmt (nur Pst),2,20,24
911233,2021-10-31,411,Perg,Männer,20 bis 24 Jahre,B9999,unbestimmt (nur Pst),2,20,24
911319,2021-10-31,411,Perg,Männer,55 bis 59 Jahre,B9999,unbestimmt (nur Pst),1,55,59
911337,2021-10-31,412,Ried im Innkreis,Frauen,bis 19 Jahre,B9999,unbestimmt (nur Pst),10,0,19
911373,2021-10-31,412,Ried im Innkreis,Frauen,25 bis 29 Jahre,B9999,unbestimmt (nur Pst),1,25,29
911406,2021-10-31,412,Ried im Innkreis,Frauen,35 bis 39 Jahre,B9999,unbestimmt (nur Pst),1,35,39
911424,2021-10-31,412,Ried im Innkreis,Frauen,40 bis 44 Jahre,B9999,unbestimmt (nur Pst),1,40,44
911472,2021-10-31,412,Ried im Innkreis,Männer,bis 19 Jahre,B9999,unbestimmt (nur Pst),5,0,19
911526,2021-10-31,412,Ried im Innkreis,Männer,30 bis 34 Jahre,B9999,unbestimmt (nur Pst),1,30,34
911581,2021-10-31,413,Rohrbach,Frauen,bis 19 Jahre,B9999,unbestimmt (nur Pst),2,0,19
911593,2021-10-31,413,Rohrbach,Frauen,20 bis 24 Jahre,B9999,unbestimmt (nur Pst),3,20,24
911607,2021-10-31,413,Rohrbach,Frauen,25 bis 29 Jahre,B9999,unbestimmt (nur Pst),2,25,29
911646,2021-10-31,413,Rohrbach,Männer,bis 19 Jahre,B9999,unbestimmt (nur Pst),2,0,19
911662,2021-10-31,413,Rohrbach,Männer,20 bis 24 Jahre,B9999,unbestimmt (nur Pst),3,20,24
911690,2021-10-31,413,Rohrbach,Männer,40 bis 44 Jahre,B9999,unbestimmt (nur Pst),2,40,44
911717,2021-10-31,414,Schärding,Frauen,bis 19 Jahre,B9999,unbestimmt (nur Pst),1,0,19
911796,2021-10-31,414,Schärding,Männer,bis 19 Jahre,B9999,unbestimmt (nur Pst),1,0,19
911813,2021-10-31,414,Schärding,Männer,20 bis 24 Jahre,B9999,unbestimmt (nur Pst),1,20,24
911890,2021-10-31,415,Steyr,Frauen,bis 19 Jahre,B9999,unbestimmt (nur Pst),13,0,19
911916,2021-10-31,415,Steyr,Frauen,20 bis 24 Jahre,B9999,unbestimmt (nur Pst),3,20,24
911974,2021-10-31,415,Steyr,Frauen,30 bis 34 Jahre,B9999,unbestimmt (nur Pst),1,30,34
911990,2021-10-31,415,Steyr,Frauen,35 bis 39 Jahre,B9999,unbestimmt (nur Pst),1,35,39
912006,2021-10-31,415,Steyr,Frauen,40 bis 44 Jahre,B9999,unbestimmt (nur Pst),1,40,44
912076,2021-10-31,415,Steyr,Männer,bis 19 Jahre,B9999,unbestimmt (nur Pst),12,0,19
912109,2021-10-31,415,Steyr,Männer,20 bis 24 Jahre,B9999,unbestimmt (nur Pst),2,20,24
912254,2021-10-31,418,Vöcklabruck,Frauen,bis 19 Jahre,B9999,unbestimmt (nur Pst),3,0,19
912275,2021-10-31,418,Vöcklabruck,Frauen,20 bis 24 Jahre,B9999,unbestimmt (nur Pst),1,20,24
912390,2021-10-31,418,Vöcklabruck,Frauen,45 bis 49 Jahre,B9999,unbestimmt (nur Pst),1,45,49
912411,2021-10-31,418,Vöcklabruck,Frauen,50 bis 54 Jahre,B9999,unbestimmt (nur Pst),1,50,54
912454,2021-10-31,418,Vöcklabruck,Männer,bis 19 Jahre,B9999,unbestimmt (nur Pst),9,0,19
912480,2021-10-31,418,Vöcklabruck,Männer,20 bis 24 Jahre,B9999,unbestimmt (nur Pst),3,20,24
912654,2021-10-31,419,Wels,Frauen,20 bis 24 Jahre,B9999,unbestimmt (nur Pst),1,20,24
912761,2021-10-31,419,Wels,Frauen,45 bis 49 Jahre,B9999,unbestimmt (nur Pst),1,45,49
912825,2021-10-31,419,Wels,Männer,bis 19 Jahre,B9999,unbestimmt (nur Pst),3,0,19
913010,2021-10-31,421,Traun,Frauen,bis 19 Jahre,B9999,unbestimmt (nur Pst),3,0,19
913038,2021-10-31,421,Traun,Frauen,20 bis 24 Jahre,B9999,unbestimmt (nur Pst),2,20,24
913068,2021-10-31,421,Traun,Frauen,25 bis 29 Jahre,B9999,unbestimmt (nur Pst),2,25,29
913093,2021-10-31,421,Traun,Frauen,30 bis 34 Jahre,B9999,unbestimmt (nur Pst),1,30,34
913120,2021-10-31,421,Traun,Frauen,35 bis 39 Jahre,B9999,unbestimmt (nur Pst),2,35,39
913258,2021-10-31,421,Traun,Männer,bis 19 Jahre,B9999,unbestimmt (nur Pst),1,0,19
913491,2021-10-31,501,Bischofshofen,Frauen,20 bis 24 Jahre,B9999,unbestimmt (nur Pst),1,20,24
913594,2021-10-31,501,Bischofshofen,Frauen,45 bis 49 Jahre,B9999,unbestimmt (nur Pst),1,45,49
913831,2021-10-31,503,Hallein,Männer,bis 19 Jahre,B9999,unbestimmt (nur Pst),4,0,19
913966,2021-10-31,504,Salzburg,Frauen,20 bis 24 Jahre,B9999,unbestimmt (nur Pst),1,20,24
914089,2021-10-31,504,Salzburg,Frauen,35 bis 39 Jahre,B9999,unbestimmt (nur Pst),1,35,39
914184,2021-10-31,504,Salzburg,Frauen,50 bis 54 Jahre,B9999,unbestimmt (nur Pst),1,50,54
914292,2021-10-31,504,Salzburg,Männer,20 bis 24 Jahre,B9999,unbestimmt (nur Pst),1,20,24
914419,2021-10-31,504,Salzburg,Männer,35 bis 39 Jahre,B9999,unbestimmt (nur Pst),1,35,39
914571,2021-10-31,505,Tamsweg,Männer,25 bis 29 Jahre,B9999,unbestimmt (nur Pst),1,25,29
914588,2021-10-31,506,Zell am See,Frauen,bis 19 Jahre,B9999,unbestimmt (nur Pst),1,0,19
914599,2021-10-31,506,Zell am See,Frauen,20 bis 24 Jahre,B9999,unbestimmt (nur Pst),1,20,24
914638,2021-10-31,506,Zell am See,Frauen,35 bis 39 Jahre,B9999,unbestimmt (nur Pst),1,35,39
914690,2021-10-31,506,Zell am See,Männer,bis 19 Jahre,B9999,unbestimmt (nur Pst),4,0,19
914721,2021-10-31,506,Zell am See,Männer,30 bis 34 Jahre,B9999,unbestimmt (nur Pst),1,30,34
914751,2021-10-31,506,Zell am See,Männer,55 bis 59 Jahre,B9999,unbestimmt (nur Pst),1,55,59
914775,2021-10-31,601,Bruck/Mur,Frauen,bis 19 Jahre,B9999,unbestimmt (nur Pst),5,0,19
914801,2021-10-31,601,Bruck/Mur,Frauen,20 bis 24 Jahre,B9999,unbestimmt (nur Pst),3,20,24
914923,2021-10-31,601,Bruck/Mur,Männer,bis 19 Jahre,B9999,unbestimmt (nur Pst),7,0,19
914949,2021-10-31,601,Bruck/Mur,Männer,20 bis 24 Jahre,B9999,unbestimmt (nur Pst),1,20,24
915054,2021-10-31,601,Bruck/Mur,Männer,50 bis 54 Jahre,B9999,unbestimmt (nur Pst),1,50,54
915093,2021-10-31,603,Deutschlandsberg,Frauen,20 bis 24 Jahre,B9999,unbestimmt (nur Pst),1,20,24
915204,2021-10-31,603,Deutschlandsberg,Männer,bis 19 Jahre,B9999,unbestimmt (nur Pst),1,0,19
915297,2021-10-31,604,Feldbach,Frauen,bis 19 Jahre,B9999,unbestimmt (nur Pst),2,0,19
915381,2021-10-31,604,Feldbach,Frauen,40 bis 44 Jahre,B9999,unbestimmt (nur Pst),1,40,44
915448,2021-10-31,604,Feldbach,Männer,bis 19 Jahre,B9999,unbestimmt (nur Pst),1,0,19
915590,2021-10-31,606,Gleisdorf,Frauen,bis 19 Jahre,B9999,unbestimmt (nur Pst),1,0,19
915604,2021-10-31,606,Gleisdorf,Frauen,20 bis 24 Jahre,B9999,unbestimmt (nur Pst),2,20,24
915690,2021-10-31,606,Gleisdorf,Männer,bis 19 Jahre,B9999,unbestimmt (nur Pst),1,0,19
915709,2021-10-31,606,Gleisdorf,Männer,20 bis 24 Jahre,B9999,unbestimmt (nur Pst),1,20,24
915776,2021-10-31,609,Hartberg,Frauen,bis 19 Jahre,B9999,unbestimmt (nur Pst),2,0,19
915821,2021-10-31,609,Hartberg,Frauen,25 bis 29 Jahre,B9999,unbestimmt (nur Pst),1,25,29
915911,2021-10-31,609,Hartberg,Frauen,45 bis 49 Jahre,B9999,unbestimmt (nur Pst),1,45,49
915958,2021-10-31,609,Hartberg,Männer,bis 19 Jahre,B9999,unbestimmt (nur Pst),4,0,19
915984,2021-10-31,609,Hartberg,Männer,20 bis 24 Jahre,B9999,unbestimmt (nur Pst),2,20,24
916126,2021-10-31,610,Judenburg,Frauen,bis 19 Jahre,B9999,unbestimmt (nur Pst),2,0,19
916271,2021-10-31,610,Judenburg,Männer,bis 19 Jahre,B9999,unbestimmt (nur Pst),1,0,19
916290,2021-10-31,610,Judenburg,Männer,20 bis 24 Jahre,B9999,unbestimmt (nur Pst),2,20,24
916382,2021-10-31,611,Murau,Frauen,bis 19 Jahre,B9999,unbestimmt (nur Pst),1,0,19
916470,2021-10-31,614,Leibnitz,Frauen,bis 19 Jahre,B9999,unbestimmt (nur Pst),3,0,19
916494,2021-10-31,614,Leibnitz,Frauen,20 bis 24 Jahre,B9999,unbestimmt (nur Pst),2,20,24
916513,2021-10-31,614,Leibnitz,Frauen,25 bis 29 Jahre,B9999,unbestimmt (nur Pst),1,25,29
916661,2021-10-31,614,Leibnitz,Männer,20 bis 24 Jahre,B9999,unbestimmt (nur Pst),2,20,24
916698,2021-10-31,614,Leibnitz,Männer,30 bis 34 Jahre,B9999,unbestimmt (nur Pst),1,30,34
916788,2021-10-31,616,Leoben,Frauen,20 bis 24 Jahre,B9999,unbestimmt (nur Pst),2,20,24
916806,2021-10-31,616,Leoben,Frauen,25 bis 29 Jahre,B9999,unbestimmt (nur Pst),1,25,29
916852,2021-10-31,616,Leoben,Frauen,40 bis 44 Jahre,B9999,unbestimmt (nur Pst),1,40,44
916904,2021-10-31,616,Leoben,Männer,bis 19 Jahre,B9999,unbestimmt (nur Pst),2,0,19
916951,2021-10-31,616,Leoben,Männer,25 bis 29 Jahre,B9999,unbestimmt (nur Pst),1,25,29
917166,2021-10-31,618,Liezen,Männer,bis 19 Jahre,B9999,unbestimmt (nur Pst),1,0,19
917273,2021-10-31,621,Mürzzuschlag,Frauen,bis 19 Jahre,B9999,unbestimmt (nur Pst),2,0,19
917288,2021-10-31,621,Mürzzuschlag,Frauen,20 bis 24 Jahre,B9999,unbestimmt (nur Pst),2,20,24
917362,2021-10-31,621,Mürzzuschlag,Männer,bis 19 Jahre,B9999,unbestimmt (nur Pst),5,0,19
917376,2021-10-31,621,Mürzzuschlag,Männer,20 bis 24 Jahre,B9999,unbestimmt (nur Pst),3,20,24
917394,2021-10-31,621,Mürzzuschlag,Männer,25 bis 29 Jahre,B9999,unbestimmt (nur Pst),1,25,29
917468,2021-10-31,622,Voitsberg,Frauen,bis 19 Jahre,B9999,unbestimmt (nur Pst),1,0,19
917591,2021-10-31,622,Voitsberg,Männer,bis 19 Jahre,B9999,unbestimmt (nur Pst),3,0,19
917685,2021-10-31,623,Weiz,Frauen,bis 19 Jahre,B9999,unbestimmt (nur Pst),3,0,19
917699,2021-10-31,623,Weiz,Frauen,20 bis 24 Jahre,B9999,unbestimmt (nur Pst),1,20,24
917708,2021-10-31,623,Weiz,Frauen,25 bis 29 Jahre,B9999,unbestimmt (nur Pst),1,25,29
917719,2021-10-31,623,Weiz,Frauen,30 bis 34 Jahre,B9999,unbestimmt (nur Pst),1,30,34
917741,2021-10-31,623,Weiz,Frauen,40 bis 44 Jahre,B9999,unbestimmt (nur Pst),2,40,44
917758,2021-10-31,623,Weiz,Frauen,55 bis 59 Jahre,B9999,unbestimmt (nur Pst),1,55,59
917811,2021-10-31,623,Weiz,Männer,30 bis 34 Jahre,B9999,unbestimmt (nur Pst),1,30,34
917815,2021-10-31,623,Weiz,Männer,35 bis 39 Jahre,B9999,unbestimmt (nur Pst),1,35,39
917825,2021-10-31,623,Weiz,Männer,40 bis 44 Jahre,B9999,unbestimmt (nur Pst),1,40,44
917838,2021-10-31,623,Weiz,Männer,50 bis 54 Jahre,B9999,unbestimmt (nur Pst),1,50,54
917891,2021-10-31,630,Graz-West und Umgebung,Frauen,bis 19 Jahre,B9999,unbestimmt (nur Pst),6,0,19
917948,2021-10-31,630,Graz-West und Umgebung,Frauen,20 bis 24 Jahre,B9999,unbestimmt (nur Pst),3,20,24
917999,2021-10-31,630,Graz-West und Umgebung,Frauen,25 bis 29 Jahre,B9999,unbestimmt (nur Pst),2,25,29
918048,2021-10-31,630,Graz-West und Umgebung,Frauen,30 bis 34 Jahre,B9999,unbestimmt (nur Pst),1,30,34
918097,2021-10-31,630,Graz-West und Umgebung,Frauen,35 bis 39 Jahre,B9999,unbestimmt (nur Pst),1,35,39
918287,2021-10-31,630,Graz-West und Umgebung,Männer,bis 19 Jahre,B9999,unbestimmt (nur Pst),10,0,19
918355,2021-10-31,630,Graz-West und Umgebung,Männer,20 bis 24 Jahre,B9999,unbestimmt (nur Pst),2,20,24
918417,2021-10-31,630,Graz-West und Umgebung,Männer,25 bis 29 Jahre,B9999,unbestimmt (nur Pst),1,25,29
918469,2021-10-31,630,Graz-West und Umgebung,Männer,30 bis 34 Jahre,B9999,unbestimmt (nur Pst),1,30,34
918624,2021-10-31,630,Graz-West und Umgebung,Männer,50 bis 54 Jahre,B9999,unbestimmt (nur Pst),1,50,54
918683,2021-10-31,631,Graz-Ost,Frauen,bis 19 Jahre,B9999,unbestimmt (nur Pst),2,0,19
918716,2021-10-31,631,Graz-Ost,Frauen,20 bis 24 Jahre,B9999,unbestimmt (nur Pst),3,20,24
918758,2021-10-31,631,Graz-Ost,Frauen,25 bis 29 Jahre,B9999,unbestimmt (nur Pst),1,25,29
918798,2021-10-31,631,Graz-Ost,Frauen,30 bis 34 Jahre,B9999,unbestimmt (nur Pst),4,30,34
918976,2021-10-31,631,Graz-Ost,Männer,bis 19 Jahre,B9999,unbestimmt (nur Pst),11,0,19
919069,2021-10-31,631,Graz-Ost,Männer,25 bis 29 Jahre,B9999,unbestimmt (nur Pst),3,25,29
919249,2021-10-31,701,Imst,Frauen,bis 19 Jahre,B9999,unbestimmt (nur Pst),1,0,19
919273,2021-10-31,701,Imst,Frauen,30 bis 34 Jahre,B9999,unbestimmt (nur Pst),1,30,34
919282,2021-10-31,701,Imst,Frauen,35 bis 39 Jahre,B9999,unbestimmt (nur Pst),1,35,39
919301,2021-10-31,701,Imst,Frauen,45 bis 49 Jahre,B9999,unbestimmt (nur Pst),1,45,49
919320,2021-10-31,701,Imst,Männer,bis 19 Jahre,B9999,unbestimmt (nur Pst),1,0,19
919333,2021-10-31,701,Imst,Männer,25 bis 29 Jahre,B9999,unbestimmt (nur Pst),1,25,29
919341,2021-10-31,701,Imst,Männer,35 bis 39 Jahre,B9999,unbestimmt (nur Pst),1,35,39
919400,2021-10-31,702,Innsbruck,Frauen,20 bis 24 Jahre,B9999,unbestimmt (nur Pst),1,20,24
919427,2021-10-31,702,Innsbruck,Frauen,25 bis 29 Jahre,B9999,unbestimmt (nur Pst),1,25,29
919493,2021-10-31,702,Innsbruck,Frauen,35 bis 39 Jahre,B9999,unbestimmt (nur Pst),2,35,39
919557,2021-10-31,702,Innsbruck,Frauen,45 bis 49 Jahre,B9999,unbestimmt (nur Pst),1,45,49
919591,2021-10-31,702,Innsbruck,Frauen,50 bis 54 Jahre,B9999,unbestimmt (nur Pst),2,50,54
919603,2021-10-31,702,Innsbruck,Frauen,60 bis 64 Jahre,B9999,unbestimmt (nur Pst),1,60,64
919630,2021-10-31,702,Innsbruck,Männer,bis 19 Jahre,B9999,unbestimmt (nur Pst),3,0,19
919676,2021-10-31,702,Innsbruck,Männer,20 bis 24 Jahre,B9999,unbestimmt (nur Pst),1,20,24
919875,2021-10-31,702,Innsbruck,Männer,50 bis 54 Jahre,B9999,unbestimmt (nur Pst),1,50,54
919907,2021-10-31,704,Kitzbühel,Frauen,bis 19 Jahre,B9999,unbestimmt (nur Pst),4,0,19
920035,2021-10-31,705,Kufstein,Frauen,bis 19 Jahre,B9999,unbestimmt (nur Pst),6,0,19
920051,2021-10-31,705,Kufstein,Frauen,20 bis 24 Jahre,B9999,unbestimmt (nur Pst),1,20,24
920119,2021-10-31,705,Kufstein,Frauen,45 bis 49 Jahre,B9999,unbestimmt (nur Pst),1,45,49
920155,2021-10-31,705,Kufstein,Männer,bis 19 Jahre,B9999,unbestimmt (nur Pst),7,0,19
920187,2021-10-31,705,Kufstein,Männer,25 bis 29 Jahre,B9999,unbestimmt (nur Pst),1,25,29
920216,2021-10-31,705,Kufstein,Männer,35 bis 39 Jahre,B9999,unbestimmt (nur Pst),1,35,39
920274,2021-10-31,706,Landeck,Frauen,bis 19 Jahre,B9999,unbestimmt (nur Pst),2,0,19
920285,2021-10-31,706,Landeck,Frauen,20 bis 24 Jahre,B9999,unbestimmt (nur Pst),2,20,24
920297,2021-10-31,706,Landeck,Frauen,25 bis 29 Jahre,B9999,unbestimmt (nur Pst),1,25,29
920344,2021-10-31,706,Landeck,Männer,bis 19 Jahre,B9999,unbestimmt (nur Pst),1,0,19
920373,2021-10-31,707,Lienz,Frauen,bis 19 Jahre,B9999,unbestimmt (nur Pst),3,0,19
920411,2021-10-31,707,Lienz,Männer,bis 19 Jahre,B9999,unbestimmt (nur Pst),2,0,19
920423,2021-10-31,707,Lienz,Männer,30 bis 34 Jahre,B9999,unbestimmt (nur Pst),1,30,34
920510,2021-10-31,709,Schwaz,Frauen,bis 19 Jahre,B9999,unbestimmt (nur Pst),1,0,19
920619,2021-10-31,709,Schwaz,Männer,bis 19 Jahre,B9999,unbestimmt (nur Pst),3,0,19
920676,2021-10-31,709,Schwaz,Männer,35 bis 39 Jahre,B9999,unbestimmt (nur Pst),1,35,39
920683,2021-10-31,709,Schwaz,Männer,40 bis 44 Jahre,B9999,unbestimmt (nur Pst),1,40,44
920694,2021-10-31,709,Schwaz,Männer,45 bis 49 Jahre,B9999,unbestimmt (nur Pst),1,45,49
920719,2021-10-31,801,Bludenz,Frauen,bis 19 Jahre,B9999,unbestimmt (nur Pst),2,0,19
920745,2021-10-31,801,Bludenz,Frauen,20 bis 24 Jahre,B9999,unbestimmt (nur Pst),2,20,24
920766,2021-10-31,801,Bludenz,Frauen,25 bis 29 Jahre,B9999,unbestimmt (nur Pst),1,25,29
920837,2021-10-31,801,Bludenz,Frauen,50 bis 54 Jahre,B9999,unbestimmt (nur Pst),1,50,54
920861,2021-10-31,801,Bludenz,Männer,bis 19 Jahre,B9999,unbestimmt (nur Pst),1,0,19
920895,2021-10-31,801,Bludenz,Männer,25 bis 29 Jahre,B9999,unbestimmt (nur Pst),1,25,29
920959,2021-10-31,802,Bregenz,Frauen,bis 19 Jahre,B9999,unbestimmt (nur Pst),2,0,19
920986,2021-10-31,802,Bregenz,Frauen,20 bis 24 Jahre,B9999,unbestimmt (nur Pst),3,20,24
921014,2021-10-31,802,Bregenz,Frauen,25 bis 29 Jahre,B9999,unbestimmt (nur Pst),1,25,29
921040,2021-10-31,802,Bregenz,Frauen,30 bis 34 Jahre,B9999,unbestimmt (nur Pst),2,30,34
921064,2021-10-31,802,Bregenz,Frauen,35 bis 39 Jahre,B9999,unbestimmt (nur Pst),1,35,39
921104,2021-10-31,802,Bregenz,Frauen,45 bis 49 Jahre,B9999,unbestimmt (nur Pst),1,45,49
921115,2021-10-31,802,Bregenz,Frauen,50 bis 54 Jahre,B9999,unbestimmt (nur Pst),1,50,54
921124,2021-10-31,802,Bregenz,Frauen,55 bis 59 Jahre,B9999,unbestimmt (nur Pst),1,55,59
921160,2021-10-31,802,Bregenz,Männer,bis 19 Jahre,B9999,unbestimmt (nur Pst),2,0,19
921251,2021-10-31,802,Bregenz,Männer,35 bis 39 Jahre,B9999,unbestimmt (nur Pst),1,35,39
921308,2021-10-31,804,Dornbirn,Frauen,bis 19 Jahre,B9999,unbestimmt (nur Pst),2,0,19
921346,2021-10-31,804,Dornbirn,Frauen,20 bis 24 Jahre,B9999,unbestimmt (nur Pst),3,20,24
921507,2021-10-31,804,Dornbirn,Männer,bis 19 Jahre,B9999,unbestimmt (nur Pst),4,0,19
921537,2021-10-31,804,Dornbirn,Männer,20 bis 24 Jahre,B9999,unbestimmt (nur Pst),1,20,24
921557,2021-10-31,804,Dornbirn,Männer,25 bis 29 Jahre,B9999,unbestimmt (nur Pst),2,25,29
921575,2021-10-31,804,Dornbirn,Männer,30 bis 34 Jahre,B9999,unbestimmt (nur Pst),1,30,34
921664,2021-10-31,805,Feldkirch,Frauen,bis 19 Jahre,B9999,unbestimmt (nur Pst),4,0,19
921696,2021-10-31,805,Feldkirch,Frauen,20 bis 24 Jahre,B9999,unbestimmt (nur Pst),4,20,24
921726,2021-10-31,805,Feldkirch,Frauen,25 bis 29 Jahre,B9999,unbestimmt (nur Pst),5,25,29
921755,2021-10-31,805,Feldkirch,Frauen,30 bis 34 Jahre,B9999,unbestimmt (nur Pst),2,30,34
921794,2021-10-31,805,Feldkirch,Frauen,40 bis 44 Jahre,B9999,unbestimmt (nur Pst),3,40,44
921866,2021-10-31,805,Feldkirch,Männer,bis 19 Jahre,B9999,unbestimmt (nur Pst),9,0,19
921910,2021-10-31,805,Feldkirch,Männer,20 bis 24 Jahre,B9999,unbestimmt (nur Pst),5,20,24
921933,2021-10-31,805,Feldkirch,Männer,25 bis 29 Jahre,B9999,unbestimmt (nur Pst),1,25,29
921970,2021-10-31,805,Feldkirch,Männer,35 bis 39 Jahre,B9999,unbestimmt (nur Pst),1,35,39
921982,2021-10-31,805,Feldkirch,Männer,40 bis 44 Jahre,B9999,unbestimmt (nur Pst),1,40,44
921993,2021-10-31,805,Feldkirch,Männer,45 bis 49 Jahre,B9999,unbestimmt (nur Pst),1,45,49
922099,2021-10-31,958,Wien Johnstraße,Frauen,30 bis 34 Jahre,B9999,unbestimmt (nur Pst),1,30,34
923567,2021-10-31,962,Wien Redergasse,Frauen,25 bis 29 Jahre,B9999,unbestimmt (nur Pst),1,25,29
923840,2021-10-31,962,Wien Redergasse,Männer,25 bis 29 Jahre,B9999,unbestimmt (nur Pst),2,25,29
924252,2021-10-31,963,Wien Währinger Gürtel,Frauen,40 bis 44 Jahre,B9999,unbestimmt (nur Pst),3,40,44
924287,2021-10-31,963,Wien Währinger Gürtel,Frauen,45 bis 49 Jahre,B9999,unbestimmt (nur Pst),1,45,49
924654,2021-10-31,964,Wien Favoritenstraße,Frauen,25 bis 29 Jahre,B9999,unbestimmt (nur Pst),3,25,29
924706,2021-10-31,964,Wien Favoritenstraße,Frauen,30 bis 34 Jahre,B9999,unbestimmt (nur Pst),1,30,34
925170,2021-10-31,964,Wien Favoritenstraße,Männer,35 bis 39 Jahre,B9999,unbestimmt (nur Pst),1,35,39
925462,2021-10-31,965,Wien Schönbrunner Straße,Frauen,25 bis 29 Jahre,B9999,unbestimmt (nur Pst),1,25,29
925583,2021-10-31,965,Wien Schönbrunner Straße,Frauen,35 bis 39 Jahre,B9999,unbestimmt (nur Pst),1,35,39
925829,2021-10-31,965,Wien Schönbrunner Straße,Männer,25 bis 29 Jahre,B9999,unbestimmt (nur Pst),1,25,29
925895,2021-10-31,965,Wien Schönbrunner Straße,Männer,30 bis 34 Jahre,B9999,unbestimmt (nur Pst),1,30,34
926011,2021-10-31,965,Wien Schönbrunner Straße,Männer,40 bis 44 Jahre,B9999,unbestimmt (nur Pst),1,40,44
926339,2021-10-31,966,Wien Hietzinger Kai,Frauen,40 bis 44 Jahre,B9999,unbestimmt (nur Pst),1,40,44
926899,2021-10-31,967,Wien Huttengasse,Frauen,35 bis 39 Jahre,B9999,unbestimmt (nur Pst),1,35,39
926993,2021-10-31,967,Wien Huttengasse,Frauen,45 bis 49 Jahre,B9999,unbestimmt (nur Pst),1,45,49
927121,2021-10-31,967,Wien Huttengasse,Männer,25 bis 29 Jahre,B9999,unbestimmt (nur Pst),1,25,29
927643,2021-10-31,968,Wien Schloßhofer Straße,Frauen,40 bis 44 Jahre,B9999,unbestimmt (nur Pst),1,40,44
928163,2021-10-31,969,Wien-Wagramer Straße,Frauen,30 bis 34 Jahre,B9999,unbestimmt (nur Pst),1,30,34
928886,2021-10-31,974,Wien Austria Campus,Frauen,40 bis 44 Jahre,B9999,unbestimmt (nur Pst),1,40,44
928938,2021-10-31,974,Wien Austria Campus,Frauen,50 bis 54 Jahre,B9999,unbestimmt (nur Pst),1,50,54
928995,2021-10-31,974,Wien Austria Campus,Männer,25 bis 29 Jahre,B9999,unbestimmt (nur Pst),1,25,29
929523,2021-10-31,975,Wien Jäger Straße,Männer,30 bis 34 Jahre,B9999,unbestimmt (nur Pst),1,30,34
929768,2021-10-31,976,Wien Jugendliche I,Frauen,bis 19 Jahre,B9999,unbestimmt (nur Pst),10,0,19
929865,2021-10-31,976,Wien Jugendliche I,Frauen,20 bis 24 Jahre,B9999,unbestimmt (nur Pst),6,20,24
929955,2021-10-31,976,Wien Jugendliche I,Männer,bis 19 Jahre,B9999,unbestimmt (nur Pst),12,0,19
930085,2021-10-31,976,Wien Jugendliche I,Männer,20 bis 24 Jahre,B9999,unbestimmt (nur Pst),12,20,24
930157,2021-10-31,977,Wien Jugendliche II,Frauen,bis 19 Jahre,B9999,unbestimmt (nur Pst),15,0,19
930255,2021-10-31,977,Wien Jugendliche II,Frauen,20 bis 24 Jahre,B9999,unbestimmt (nur Pst),5,20,24
930372,2021-10-31,977,Wien Jugendliche II,Männer,bis 19 Jahre,B9999,unbestimmt (nur Pst),15,0,19
930486,2021-10-31,977,Wien Jugendliche II,Männer,20 bis 24 Jahre,B9999,unbestimmt (nur Pst),2,20,24
930658,2021-11-30,101,Eisenstadt,Männer,bis 19 Jahre,B9999,unbestimmt (nur Pst),2,0,19
930760,2021-11-30,102,Mattersburg,Frauen,bis 19 Jahre,B9999,unbestimmt (nur Pst),4,0,19
930803,2021-11-30,102,Mattersburg,Frauen,45 bis 49 Jahre,B9999,unbestimmt (nur Pst),2,45,49
930828,2021-11-30,102,Mattersburg,Männer,bis 19 Jahre,B9999,unbestimmt (nur Pst),3,0,19
930844,2021-11-30,102,Mattersburg,Männer,25 bis 29 Jahre,B9999,unbestimmt (nur Pst),1,25,29
930913,2021-11-30,103,Neusiedl am See,Frauen,35 bis 39 Jahre,B9999,unbestimmt (nur Pst),1,35,39
930967,2021-11-30,103,Neusiedl am See,Männer,bis 19 Jahre,B9999,unbestimmt (nur Pst),1,0,19
931002,2021-11-30,103,Neusiedl am See,Männer,40 bis 44 Jahre,B9999,unbestimmt (nur Pst),1,40,44
931195,2021-11-30,105,Oberwart,Frauen,bis 19 Jahre,B9999,unbestimmt (nur Pst),1,0,19
931221,2021-11-30,105,Oberwart,Frauen,20 bis 24 Jahre,B9999,unbestimmt (nur Pst),1,20,24
931249,2021-11-30,105,Oberwart,Frauen,30 bis 34 Jahre,B9999,unbestimmt (nur Pst),1,30,34
931335,2021-11-30,105,Oberwart,Männer,bis 19 Jahre,B9999,unbestimmt (nur Pst),1,0,19
931462,2021-11-30,106,Stegersbach,Frauen,25 bis 29 Jahre,B9999,unbestimmt (nur Pst),1,25,29
931527,2021-11-30,106,Stegersbach,Männer,bis 19 Jahre,B9999,unbestimmt (nur Pst),1,0,19
931688,2021-11-30,201,Feldkirchen,Frauen,25 bis 29 Jahre,B9999,unbestimmt (nur Pst),1,25,29
931717,2021-11-30,201,Feldkirchen,Männer,bis 19 Jahre,B9999,unbestimmt (nur Pst),1,0,19
931768,2021-11-30,202,Hermagor,Männer,bis 19 Jahre,B9999,unbestimmt (nur Pst),1,0,19
931798,2021-11-30,203,Klagenfurt,Frauen,bis 19 Jahre,B9999,unbestimmt (nur Pst),3,0,19
931829,2021-11-30,203,Klagenfurt,Frauen,20 bis 24 Jahre,B9999,unbestimmt (nur Pst),1,20,24
931856,2021-11-30,203,Klagenfurt,Frauen,25 bis 29 Jahre,B9999,unbestimmt (nur Pst),2,25,29
931884,2021-11-30,203,Klagenfurt,Frauen,30 bis 34 Jahre,B9999,unbestimmt (nur Pst),2,30,34
931914,2021-11-30,203,Klagenfurt,Frauen,35 bis 39 Jahre,B9999,unbestimmt (nur Pst),1,35,39
931945,2021-11-30,203,Klagenfurt,Frauen,40 bis 44 Jahre,B9999,unbestimmt (nur Pst),3,40,44
931979,2021-11-30,203,Klagenfurt,Frauen,45 bis 49 Jahre,B9999,unbestimmt (nur Pst),1,45,49
931999,2021-11-30,203,Klagenfurt,Frauen,50 bis 54 Jahre,B9999,unbestimmt (nur Pst),1,50,54
932042,2021-11-30,203,Klagenfurt,Männer,bis 19 Jahre,B9999,unbestimmt (nur Pst),6,0,19
932105,2021-11-30,203,Klagenfurt,Männer,25 bis 29 Jahre,B9999,unbestimmt (nur Pst),2,25,29
932128,2021-11-30,203,Klagenfurt,Männer,30 bis 34 Jahre,B9999,unbestimmt (nur Pst),2,30,34
932165,2021-11-30,203,Klagenfurt,Männer,40 bis 44 Jahre,B9999,unbestimmt (nur Pst),2,40,44
932186,2021-11-30,203,Klagenfurt,Männer,45 bis 49 Jahre,B9999,unbestimmt (nur Pst),1,45,49
932203,2021-11-30,203,Klagenfurt,Männer,50 bis 54 Jahre,B9999,unbestimmt (nur Pst),1,50,54
932223,2021-11-30,203,Klagenfurt,Männer,60 bis 64 Jahre,B9999,unbestimmt (nur Pst),1,60,64
932336,2021-11-30,204,Spittal/Drau,Männer,bis 19 Jahre,B9999,unbestimmt (nur Pst),3,0,19
932420,2021-11-30,205,St. Veit/Glan,Frauen,bis 19 Jahre,B9999,unbestimmt (nur Pst),1,0,19
932449,2021-11-30,205,St. Veit/Glan,Frauen,25 bis 29 Jahre,B9999,unbestimmt (nur Pst),1,25,29
932780,2021-11-30,206,Villach,Frauen,45 bis 49 Jahre,B9999,unbestimmt (nur Pst),1,45,49
932926,2021-11-30,206,Villach,Männer,35 bis 39 Jahre,B9999,unbestimmt (nur Pst),1,35,39
933070,2021-11-30,207,Völkermarkt,Frauen,55 bis 59 Jahre,B9999,unbestimmt (nur Pst),1,55,59
933085,2021-11-30,207,Völkermarkt,Männer,bis 19 Jahre,B9999,unbestimmt (nur Pst),1,0,19
933116,2021-11-30,207,Völkermarkt,Männer,30 bis 34 Jahre,B9999,unbestimmt (nur Pst),2,30,34
933160,2021-11-30,208,Wolfsberg,Frauen,bis 19 Jahre,B9999,unbestimmt (nur Pst),2,0,19
933259,2021-11-30,208,Wolfsberg,Männer,bis 19 Jahre,B9999,unbestimmt (nur Pst),2,0,19
933279,2021-11-30,208,Wolfsberg,Männer,20 bis 24 Jahre,B9999,unbestimmt (nur Pst),1,20,24
933354,2021-11-30,301,Amstetten,Frauen,bis 19 Jahre,B9999,unbestimmt (nur Pst),5,0,19
933377,2021-11-30,301,Amstetten,Frauen,20 bis 24 Jahre,B9999,unbestimmt (nur Pst),4,20,24
933398,2021-11-30,301,Amstetten,Frauen,25 bis 29 Jahre,B9999,unbestimmt (nur Pst),1,25,29
933422,2021-11-30,301,Amstetten,Frauen,30 bis 34 Jahre,B9999,unbestimmt (nur Pst),1,30,34
933516,2021-11-30,301,Amstetten,Männer,bis 19 Jahre,B9999,unbestimmt (nur Pst),7,0,19
933554,2021-11-30,301,Amstetten,Männer,25 bis 29 Jahre,B9999,unbestimmt (nur Pst),2,25,29
933662,2021-11-30,304,Baden neu,Frauen,bis 19 Jahre,B9999,unbestimmt (nur Pst),1,0,19
933696,2021-11-30,304,Baden neu,Frauen,20 bis 24 Jahre,B9999,unbestimmt (nur Pst),3,20,24
933718,2021-11-30,304,Baden neu,Frauen,25 bis 29 Jahre,B9999,unbestimmt (nur Pst),2,25,29
933864,2021-11-30,304,Baden neu,Männer,bis 19 Jahre,B9999,unbestimmt (nur Pst),3,0,19
933906,2021-11-30,304,Baden neu,Männer,20 bis 24 Jahre,B9999,unbestimmt (nur Pst),4,20,24
933999,2021-11-30,304,Baden neu,Männer,45 bis 49 Jahre,B9999,unbestimmt (nur Pst),1,45,49
934033,2021-11-30,304,Baden neu,Männer,55 bis 59 Jahre,B9999,unbestimmt (nur Pst),1,55,59
934051,2021-11-30,306,Bruck/Leitha,Frauen,bis 19 Jahre,B9999,unbestimmt (nur Pst),6,0,19
934161,2021-11-30,306,Bruck/Leitha,Männer,bis 19 Jahre,B9999,unbestimmt (nur Pst),1,0,19
934181,2021-11-30,306,Bruck/Leitha,Männer,20 bis 24 Jahre,B9999,unbestimmt (nur Pst),3,20,24
934218,2021-11-30,306,Bruck/Leitha,Männer,50 bis 54 Jahre,B9999,unbestimmt (nur Pst),1,50,54
934248,2021-11-30,308,Gänserndorf,Frauen,bis 19 Jahre,B9999,unbestimmt (nur Pst),5,0,19
934275,2021-11-30,308,Gänserndorf,Frauen,20 bis 24 Jahre,B9999,unbestimmt (nur Pst),1,20,24
934300,2021-11-30,308,Gänserndorf,Frauen,25 bis 29 Jahre,B9999,unbestimmt (nur Pst),3,25,29
934319,2021-11-30,308,Gänserndorf,Frauen,30 bis 34 Jahre,B9999,unbestimmt (nur Pst),1,30,34
934442,2021-11-30,308,Gänserndorf,Männer,bis 19 Jahre,B9999,unbestimmt (nur Pst),6,0,19
934479,2021-11-30,308,Gänserndorf,Männer,20 bis 24 Jahre,B9999,unbestimmt (nur Pst),1,20,24
934576,2021-11-30,311,Gmünd,Frauen,bis 19 Jahre,B9999,unbestimmt (nur Pst),1,0,19
934649,2021-11-30,311,Gmünd,Männer,bis 19 Jahre,B9999,unbestimmt (nur Pst),4,0,19
934698,2021-11-30,312,Hollabrunn,Frauen,bis 19 Jahre,B9999,unbestimmt (nur Pst),2,0,19
934734,2021-11-30,312,Hollabrunn,Frauen,25 bis 29 Jahre,B9999,unbestimmt (nur Pst),2,25,29
934784,2021-11-30,312,Hollabrunn,Frauen,55 bis 59 Jahre,B9999,unbestimmt (nur Pst),1,55,59
934800,2021-11-30,312,Hollabrunn,Männer,bis 19 Jahre,B9999,unbestimmt (nur Pst),6,0,19
934866,2021-11-30,313,Horn,Frauen,bis 19 Jahre,B9999,unbestimmt (nur Pst),3,0,19
934874,2021-11-30,313,Horn,Frauen,20 bis 24 Jahre,B9999,unbestimmt (nur Pst),2,20,24
934926,2021-11-30,313,Horn,Männer,20 bis 24 Jahre,B9999,unbestimmt (nur Pst),3,20,24
934936,2021-11-30,313,Horn,Männer,25 bis 29 Jahre,B9999,unbestimmt (nur Pst),1,25,29
934975,2021-11-30,314,Korneuburg,Frauen,bis 19 Jahre,B9999,unbestimmt (nur Pst),2,0,19
934996,2021-11-30,314,Korneuburg,Frauen,20 bis 24 Jahre,B9999,unbestimmt (nur Pst),2,20,24
935029,2021-11-30,314,Korneuburg,Frauen,30 bis 34 Jahre,B9999,unbestimmt (nur Pst),1,30,34
935087,2021-11-30,314,Korneuburg,Frauen,45 bis 49 Jahre,B9999,unbestimmt (nur Pst),1,45,49
935128,2021-11-30,314,Korneuburg,Männer,bis 19 Jahre,B9999,unbestimmt (nur Pst),5,0,19
935193,2021-11-30,314,Korneuburg,Männer,35 bis 39 Jahre,B9999,unbestimmt (nur Pst),1,35,39
935254,2021-11-30,315,Krems,Frauen,bis 19 Jahre,B9999,unbestimmt (nur Pst),3,0,19
935291,2021-11-30,315,Krems,Frauen,25 bis 29 Jahre,B9999,unbestimmt (nur Pst),1,25,29
935396,2021-11-30,315,Krems,Männer,bis 19 Jahre,B9999,unbestimmt (nur Pst),6,0,19
935460,2021-11-30,315,Krems,Männer,35 bis 39 Jahre,B9999,unbestimmt (nur Pst),1,35,39
935481,2021-11-30,315,Krems,Männer,45 bis 49 Jahre,B9999,unbestimmt (nur Pst),1,45,49
935503,2021-11-30,316,Lilienfeld,Frauen,bis 19 Jahre,B9999,unbestimmt (nur Pst),1,0,19
935514,2021-11-30,316,Lilienfeld,Frauen,20 bis 24 Jahre,B9999,unbestimmt (nur Pst),1,20,24
935524,2021-11-30,316,Lilienfeld,Frauen,25 bis 29 Jahre,B9999,unbestimmt (nur Pst),2,25,29
935544,2021-11-30,316,Lilienfeld,Frauen,35 bis 39 Jahre,B9999,unbestimmt (nur Pst),1,35,39
935553,2021-11-30,316,Lilienfeld,Frauen,40 bis 44 Jahre,B9999,unbestimmt (nur Pst),1,40,44
935580,2021-11-30,316,Lilienfeld,Männer,bis 19 Jahre,B9999,unbestimmt (nur Pst),3,0,19
935585,2021-11-30,316,Lilienfeld,Männer,20 bis 24 Jahre,B9999,unbestimmt (nur Pst),1,20,24
935610,2021-11-30,316,Lilienfeld,Männer,40 bis 44 Jahre,B9999,unbestimmt (nur Pst),1,40,44
935644,2021-11-30,317,Melk,Frauen,bis 19 Jahre,B9999,unbestimmt (nur Pst),2,0,19
935863,2021-11-30,319,Mistelbach,Frauen,bis 19 Jahre,B9999,unbestimmt (nur Pst),6,0,19
935983,2021-11-30,319,Mistelbach,Männer,bis 19 Jahre,B9999,unbestimmt (nur Pst),2,0,19
936003,2021-11-30,319,Mistelbach,Männer,20 bis 24 Jahre,B9999,unbestimmt (nur Pst),1,20,24
936097,2021-11-30,321,Mödling,Frauen,bis 19 Jahre,B9999,unbestimmt (nur Pst),5,0,19
936141,2021-11-30,321,Mödling,Frauen,25 bis 29 Jahre,B9999,unbestimmt (nur Pst),1,25,29
936296,2021-11-30,321,Mödling,Männer,bis 19 Jahre,B9999,unbestimmt (nur Pst),5,0,19
936330,2021-11-30,321,Mödling,Männer,20 bis 24 Jahre,B9999,unbestimmt (nur Pst),1,20,24
936365,2021-11-30,321,Mödling,Männer,30 bis 34 Jahre,B9999,unbestimmt (nur Pst),1,30,34
936485,2021-11-30,323,Neunkirchen,Frauen,bis 19 Jahre,B9999,unbestimmt (nur Pst),1,0,19
936510,2021-11-30,323,Neunkirchen,Frauen,20 bis 24 Jahre,B9999,unbestimmt (nur Pst),1,20,24
936526,2021-11-30,323,Neunkirchen,Frauen,25 bis 29 Jahre,B9999,unbestimmt (nur Pst),1,25,29
936561,2021-11-30,323,Neunkirchen,Frauen,35 bis 39 Jahre,B9999,unbestimmt (nur Pst),1,35,39
936611,2021-11-30,323,Neunkirchen,Frauen,50 bis 54 Jahre,B9999,unbestimmt (nur Pst),1,50,54
936778,2021-11-30,326,St. Pölten,Frauen,bis 19 Jahre,B9999,unbestimmt (nur Pst),14,0,19
936806,2021-11-30,326,St. Pölten,Frauen,20 bis 24 Jahre,B9999,unbestimmt (nur Pst),5,20,24
936834,2021-11-30,326,St. Pölten,Frauen,25 bis 29 Jahre,B9999,unbestimmt (nur Pst),1,25,29
936895,2021-11-30,326,St. Pölten,Frauen,35 bis 39 Jahre,B9999,unbestimmt (nur Pst),2,35,39
936933,2021-11-30,326,St. Pölten,Frauen,40 bis 44 Jahre,B9999,unbestimmt (nur Pst),1,40,44
937012,2021-11-30,326,St. Pölten,Männer,bis 19 Jahre,B9999,unbestimmt (nur Pst),22,0,19
937050,2021-11-30,326,St. Pölten,Männer,20 bis 24 Jahre,B9999,unbestimmt (nur Pst),1,20,24
937083,2021-11-30,326,St. Pölten,Männer,25 bis 29 Jahre,B9999,unbestimmt (nur Pst),1,25,29
937145,2021-11-30,326,St. Pölten,Männer,35 bis 39 Jahre,B9999,unbestimmt (nur Pst),1,35,39
937211,2021-11-30,326,St. Pölten,Männer,50 bis 54 Jahre,B9999,unbestimmt (nur Pst),1,50,54
937237,2021-11-30,328,Scheibbs,Frauen,bis 19 Jahre,B9999,unbestimmt (nur Pst),2,0,19
937303,2021-11-30,328,Scheibbs,Männer,bis 19 Jahre,B9999,unbestimmt (nur Pst),2,0,19
937381,2021-11-30,329,Schwechat,Frauen,bis 19 Jahre,B9999,unbestimmt (nur Pst),1,0,19
937402,2021-11-30,329,Schwechat,Frauen,20 bis 24 Jahre,B9999,unbestimmt (nur Pst),1,20,24
937518,2021-11-30,329,Schwechat,Männer,bis 19 Jahre,B9999,unbestimmt (nur Pst),1,0,19
937632,2021-11-30,331,Tulln,Frauen,bis 19 Jahre,B9999,unbestimmt (nur Pst),5,0,19
937653,2021-11-30,331,Tulln,Frauen,20 bis 24 Jahre,B9999,unbestimmt (nur Pst),2,20,24
937690,2021-11-30,331,Tulln,Frauen,30 bis 34 Jahre,B9999,unbestimmt (nur Pst),2,30,34
937738,2021-11-30,331,Tulln,Frauen,40 bis 44 Jahre,B9999,unbestimmt (nur Pst),1,40,44
937790,2021-11-30,331,Tulln,Männer,bis 19 Jahre,B9999,unbestimmt (nur Pst),14,0,19
937816,2021-11-30,331,Tulln,Männer,20 bis 24 Jahre,B9999,unbestimmt (nur Pst),2,20,24
937920,2021-11-30,332,Waidhofen/Thaya,Frauen,bis 19 Jahre,B9999,unbestimmt (nur Pst),1,0,19
937931,2021-11-30,332,Waidhofen/Thaya,Frauen,20 bis 24 Jahre,B9999,unbestimmt (nur Pst),1,20,24
937973,2021-11-30,332,Waidhofen/Thaya,Männer,bis 19 Jahre,B9999,unbestimmt (nur Pst),3,0,19
937984,2021-11-30,332,Waidhofen/Thaya,Männer,20 bis 24 Jahre,B9999,unbestimmt (nur Pst),2,20,24
938063,2021-11-30,333,Waidhofen/Ybbs,Männer,bis 19 Jahre,B9999,unbestimmt (nur Pst),4,0,19
938068,2021-11-30,333,Waidhofen/Ybbs,Männer,20 bis 24 Jahre,B9999,unbestimmt (nur Pst),1,20,24
938114,2021-11-30,334,Wr. Neustadt,Frauen,bis 19 Jahre,B9999,unbestimmt (nur Pst),1,0,19
938333,2021-11-30,334,Wr. Neustadt,Männer,bis 19 Jahre,B9999,unbestimmt (nur Pst),1,0,19
938554,2021-11-30,335,Zwettl,Frauen,25 bis 29 Jahre,B9999,unbestimmt (nur Pst),1,25,29
938602,2021-11-30,335,Zwettl,Männer,bis 19 Jahre,B9999,unbestimmt (nur Pst),1,0,19
938629,2021-11-30,335,Zwettl,Männer,30 bis 34 Jahre,B9999,unbestimmt (nur Pst),1,30,34
938671,2021-11-30,401,Braunau,Frauen,bis 19 Jahre,B9999,unbestimmt (nur Pst),18,0,19
938692,2021-11-30,401,Braunau,Frauen,20 bis 24 Jahre,B9999,unbestimmt (nur Pst),7,20,24
938714,2021-11-30,401,Braunau,Frauen,25 bis 29 Jahre,B9999,unbestimmt (nur Pst),5,25,29
938796,2021-11-30,401,Braunau,Frauen,45 bis 49 Jahre,B9999,unbestimmt (nur Pst),2,45,49
938812,2021-11-30,401,Braunau,Frauen,50 bis 54 Jahre,B9999,unbestimmt (nur Pst),1,50,54
938837,2021-11-30,401,Braunau,Männer,bis 19 Jahre,B9999,unbestimmt (nur Pst),19,0,19
938865,2021-11-30,401,Braunau,Männer,20 bis 24 Jahre,B9999,unbestimmt (nur Pst),4,20,24
938886,2021-11-30,401,Braunau,Männer,25 bis 29 Jahre,B9999,unbestimmt (nur Pst),1,25,29
938903,2021-11-30,401,Braunau,Männer,30 bis 34 Jahre,B9999,unbestimmt (nur Pst),1,30,34
938951,2021-11-30,401,Braunau,Männer,45 bis 49 Jahre,B9999,unbestimmt (nur Pst),1,45,49
938989,2021-11-30,402,Eferding,Frauen,bis 19 Jahre,B9999,unbestimmt (nur Pst),1,0,19
938998,2021-11-30,402,Eferding,Frauen,20 bis 24 Jahre,B9999,unbestimmt (nur Pst),1,20,24
939004,2021-11-30,402,Eferding,Frauen,25 bis 29 Jahre,B9999,unbestimmt (nur Pst),1,25,29
939061,2021-11-30,402,Eferding,Männer,20 bis 24 Jahre,B9999,unbestimmt (nur Pst),1,20,24
939091,2021-11-30,402,Eferding,Männer,45 bis 49 Jahre,B9999,unbestimmt (nur Pst),1,45,49
939100,2021-11-30,402,Eferding,Männer,55 bis 59 Jahre,B9999,unbestimmt (nur Pst),1,55,59
939113,2021-11-30,403,Freistadt,Frauen,bis 19 Jahre,B9999,unbestimmt (nur Pst),1,0,19
939148,2021-11-30,403,Freistadt,Frauen,25 bis 29 Jahre,B9999,unbestimmt (nur Pst),1,25,29
939248,2021-11-30,403,Freistadt,Männer,20 bis 24 Jahre,B9999,unbestimmt (nur Pst),1,20,24
939314,2021-11-30,403,Freistadt,Männer,60 bis 64 Jahre,B9999,unbestimmt (nur Pst),1,60,64
939332,2021-11-30,404,Gmunden,Frauen,bis 19 Jahre,B9999,unbestimmt (nur Pst),3,0,19
939509,2021-11-30,404,Gmunden,Männer,bis 19 Jahre,B9999,unbestimmt (nur Pst),7,0,19
939676,2021-11-30,406,Grieskirchen,Frauen,bis 19 Jahre,B9999,unbestimmt (nur Pst),1,0,19
939782,2021-11-30,406,Grieskirchen,Männer,bis 19 Jahre,B9999,unbestimmt (nur Pst),1,0,19
939858,2021-11-30,407,Kirchdorf/Krems,Frauen,bis 19 Jahre,B9999,unbestimmt (nur Pst),3,0,19
939891,2021-11-30,407,Kirchdorf/Krems,Frauen,25 bis 29 Jahre,B9999,unbestimmt (nur Pst),1,25,29
939904,2021-11-30,407,Kirchdorf/Krems,Frauen,30 bis 34 Jahre,B9999,unbestimmt (nur Pst),1,30,34
939977,2021-11-30,407,Kirchdorf/Krems,Männer,bis 19 Jahre,B9999,unbestimmt (nur Pst),4,0,19
940099,2021-11-30,409,Linz neu,Frauen,bis 19 Jahre,B9999,unbestimmt (nur Pst),31,0,19
940144,2021-11-30,409,Linz neu,Frauen,20 bis 24 Jahre,B9999,unbestimmt (nur Pst),10,20,24
940193,2021-11-30,409,Linz neu,Frauen,25 bis 29 Jahre,B9999,unbestimmt (nur Pst),5,25,29
940237,2021-11-30,409,Linz neu,Frauen,30 bis 34 Jahre,B9999,unbestimmt (nur Pst),9,30,34
940287,2021-11-30,409,Linz neu,Frauen,35 bis 39 Jahre,B9999,unbestimmt (nur Pst),3,35,39
940365,2021-11-30,409,Linz neu,Frauen,45 bis 49 Jahre,B9999,unbestimmt (nur Pst),1,45,49
940461,2021-11-30,409,Linz neu,Männer,bis 19 Jahre,B9999,unbestimmt (nur Pst),31,0,19
940515,2021-11-30,409,Linz neu,Männer,20 bis 24 Jahre,B9999,unbestimmt (nur Pst),12,20,24
940575,2021-11-30,409,Linz neu,Männer,25 bis 29 Jahre,B9999,unbestimmt (nur Pst),5,25,29
940626,2021-11-30,409,Linz neu,Männer,30 bis 34 Jahre,B9999,unbestimmt (nur Pst),5,30,34
940682,2021-11-30,409,Linz neu,Männer,35 bis 39 Jahre,B9999,unbestimmt (nur Pst),2,35,39
940723,2021-11-30,409,Linz neu,Männer,40 bis 44 Jahre,B9999,unbestimmt (nur Pst),1,40,44
940759,2021-11-30,409,Linz neu,Männer,45 bis 49 Jahre,B9999,unbestimmt (nur Pst),1,45,49
940815,2021-11-30,409,Linz neu,Männer,55 bis 59 Jahre,B9999,unbestimmt (nur Pst),1,55,59
940853,2021-11-30,411,Perg,Frauen,20 bis 24 Jahre,B9999,unbestimmt (nur Pst),2,20,24
940987,2021-11-30,411,Perg,Männer,20 bis 24 Jahre,B9999,unbestimmt (nur Pst),2,20,24
941066,2021-11-30,411,Perg,Männer,55 bis 59 Jahre,B9999,unbestimmt (nur Pst),1,55,59
941084,2021-11-30,412,Ried im Innkreis,Frauen,bis 19 Jahre,B9999,unbestimmt (nur Pst),14,0,19
941104,2021-11-30,412,Ried im Innkreis,Frauen,20 bis 24 Jahre,B9999,unbestimmt (nur Pst),1,20,24
941126,2021-11-30,412,Ried im Innkreis,Frauen,25 bis 29 Jahre,B9999,unbestimmt (nur Pst),2,25,29
941142,2021-11-30,412,Ried im Innkreis,Frauen,30 bis 34 Jahre,B9999,unbestimmt (nur Pst),1,30,34
941161,2021-11-30,412,Ried im Innkreis,Frauen,35 bis 39 Jahre,B9999,unbestimmt (nur Pst),1,35,39
941176,2021-11-30,412,Ried im Innkreis,Frauen,40 bis 44 Jahre,B9999,unbestimmt (nur Pst),1,40,44
941225,2021-11-30,412,Ried im Innkreis,Männer,bis 19 Jahre,B9999,unbestimmt (nur Pst),6,0,19
941282,2021-11-30,412,Ried im Innkreis,Männer,30 bis 34 Jahre,B9999,unbestimmt (nur Pst),1,30,34
941328,2021-11-30,412,Ried im Innkreis,Männer,55 bis 59 Jahre,B9999,unbestimmt (nur Pst),1,55,59
941344,2021-11-30,413,Rohrbach,Frauen,bis 19 Jahre,B9999,unbestimmt (nur Pst),2,0,19
941355,2021-11-30,413,Rohrbach,Frauen,20 bis 24 Jahre,B9999,unbestimmt (nur Pst),2,20,24
941368,2021-11-30,413,Rohrbach,Frauen,25 bis 29 Jahre,B9999,unbestimmt (nur Pst),2,25,29
941378,2021-11-30,413,Rohrbach,Frauen,30 bis 34 Jahre,B9999,unbestimmt (nur Pst),1,30,34
941414,2021-11-30,413,Rohrbach,Männer,bis 19 Jahre,B9999,unbestimmt (nur Pst),3,0,19
941427,2021-11-30,413,Rohrbach,Männer,20 bis 24 Jahre,B9999,unbestimmt (nur Pst),3,20,24
941460,2021-11-30,413,Rohrbach,Männer,40 bis 44 Jahre,B9999,unbestimmt (nur Pst),2,40,44
941486,2021-11-30,414,Schärding,Frauen,bis 19 Jahre,B9999,unbestimmt (nur Pst),1,0,19
941568,2021-11-30,414,Schärding,Männer,bis 19 Jahre,B9999,unbestimmt (nur Pst),1,0,19
941661,2021-11-30,415,Steyr,Frauen,bis 19 Jahre,B9999,unbestimmt (nur Pst),15,0,19
941691,2021-11-30,415,Steyr,Frauen,20 bis 24 Jahre,B9999,unbestimmt (nur Pst),2,20,24
941747,2021-11-30,415,Steyr,Frauen,30 bis 34 Jahre,B9999,unbestimmt (nur Pst),3,30,34
941765,2021-11-30,415,Steyr,Frauen,35 bis 39 Jahre,B9999,unbestimmt (nur Pst),1,35,39
941781,2021-11-30,415,Steyr,Frauen,40 bis 44 Jahre,B9999,unbestimmt (nur Pst),1,40,44
941849,2021-11-30,415,Steyr,Männer,bis 19 Jahre,B9999,unbestimmt (nur Pst),14,0,19
941883,2021-11-30,415,Steyr,Männer,20 bis 24 Jahre,B9999,unbestimmt (nur Pst),2,20,24
942043,2021-11-30,418,Vöcklabruck,Frauen,bis 19 Jahre,B9999,unbestimmt (nur Pst),3,0,19
942066,2021-11-30,418,Vöcklabruck,Frauen,20 bis 24 Jahre,B9999,unbestimmt (nur Pst),1,20,24
942239,2021-11-30,418,Vöcklabruck,Männer,bis 19 Jahre,B9999,unbestimmt (nur Pst),9,0,19
942264,2021-11-30,418,Vöcklabruck,Männer,20 bis 24 Jahre,B9999,unbestimmt (nur Pst),2,20,24
942432,2021-11-30,419,Wels,Frauen,20 bis 24 Jahre,B9999,unbestimmt (nur Pst),1,20,24
942549,2021-11-30,419,Wels,Frauen,45 bis 49 Jahre,B9999,unbestimmt (nur Pst),1,45,49
942614,2021-11-30,419,Wels,Männer,bis 19 Jahre,B9999,unbestimmt (nur Pst),2,0,19
942808,2021-11-30,421,Traun,Frauen,bis 19 Jahre,B9999,unbestimmt (nur Pst),5,0,19
942836,2021-11-30,421,Traun,Frauen,20 bis 24 Jahre,B9999,unbestimmt (nur Pst),3,20,24
942871,2021-11-30,421,Traun,Frauen,25 bis 29 Jahre,B9999,unbestimmt (nur Pst),2,25,29
942897,2021-11-30,421,Traun,Frauen,30 bis 34 Jahre,B9999,unbestimmt (nur Pst),1,30,34
942927,2021-11-30,421,Traun,Frauen,35 bis 39 Jahre,B9999,unbestimmt (nur Pst),2,35,39
942957,2021-11-30,421,Traun,Frauen,40 bis 44 Jahre,B9999,unbestimmt (nur Pst),1,40,44
943059,2021-11-30,421,Traun,Männer,bis 19 Jahre,B9999,unbestimmt (nur Pst),2,0,19
943165,2021-11-30,421,Traun,Männer,35 bis 39 Jahre,B9999,unbestimmt (nur Pst),1,35,39
943259,2021-11-30,501,Bischofshofen,Frauen,bis 19 Jahre,B9999,unbestimmt (nur Pst),1,0,19
943380,2021-11-30,501,Bischofshofen,Frauen,45 bis 49 Jahre,B9999,unbestimmt (nur Pst),1,45,49
943595,2021-11-30,503,Hallein,Männer,bis 19 Jahre,B9999,unbestimmt (nur Pst),4,0,19
943724,2021-11-30,504,Salzburg,Frauen,20 bis 24 Jahre,B9999,unbestimmt (nur Pst),1,20,24
943768,2021-11-30,504,Salzburg,Frauen,25 bis 29 Jahre,B9999,unbestimmt (nur Pst),1,25,29
943853,2021-11-30,504,Salzburg,Frauen,35 bis 39 Jahre,B9999,unbestimmt (nur Pst),1,35,39
944047,2021-11-30,504,Salzburg,Männer,20 bis 24 Jahre,B9999,unbestimmt (nur Pst),1,20,24
944181,2021-11-30,504,Salzburg,Männer,35 bis 39 Jahre,B9999,unbestimmt (nur Pst),1,35,39
944330,2021-11-30,505,Tamsweg,Männer,25 bis 29 Jahre,B9999,unbestimmt (nur Pst),1,25,29
944346,2021-11-30,506,Zell am See,Frauen,bis 19 Jahre,B9999,unbestimmt (nur Pst),2,0,19
944359,2021-11-30,506,Zell am See,Frauen,20 bis 24 Jahre,B9999,unbestimmt (nur Pst),1,20,24
944399,2021-11-30,506,Zell am See,Frauen,35 bis 39 Jahre,B9999,unbestimmt (nur Pst),1,35,39
944424,2021-11-30,506,Zell am See,Frauen,45 bis 49 Jahre,B9999,unbestimmt (nur Pst),1,45,49
944448,2021-11-30,506,Zell am See,Männer,bis 19 Jahre,B9999,unbestimmt (nur Pst),4,0,19
944515,2021-11-30,506,Zell am See,Männer,55 bis 59 Jahre,B9999,unbestimmt (nur Pst),1,55,59
944542,2021-11-30,601,Bruck/Mur,Frauen,bis 19 Jahre,B9999,unbestimmt (nur Pst),6,0,19
944567,2021-11-30,601,Bruck/Mur,Frauen,20 bis 24 Jahre,B9999,unbestimmt (nur Pst),3,20,24
944689,2021-11-30,601,Bruck/Mur,Männer,bis 19 Jahre,B9999,unbestimmt (nur Pst),8,0,19
944715,2021-11-30,601,Bruck/Mur,Männer,20 bis 24 Jahre,B9999,unbestimmt (nur Pst),1,20,24
944826,2021-11-30,601,Bruck/Mur,Männer,50 bis 54 Jahre,B9999,unbestimmt (nur Pst),1,50,54
944866,2021-11-30,603,Deutschlandsberg,Frauen,20 bis 24 Jahre,B9999,unbestimmt (nur Pst),1,20,24
944975,2021-11-30,603,Deutschlandsberg,Männer,bis 19 Jahre,B9999,unbestimmt (nur Pst),1,0,19
945077,2021-11-30,604,Feldbach,Frauen,bis 19 Jahre,B9999,unbestimmt (nur Pst),2,0,19
945100,2021-11-30,604,Feldbach,Frauen,20 bis 24 Jahre,B9999,unbestimmt (nur Pst),1,20,24
945163,2021-11-30,604,Feldbach,Frauen,40 bis 44 Jahre,B9999,unbestimmt (nur Pst),1,40,44
945217,2021-11-30,604,Feldbach,Männer,bis 19 Jahre,B9999,unbestimmt (nur Pst),1,0,19
945360,2021-11-30,606,Gleisdorf,Frauen,bis 19 Jahre,B9999,unbestimmt (nur Pst),1,0,19
945373,2021-11-30,606,Gleisdorf,Frauen,20 bis 24 Jahre,B9999,unbestimmt (nur Pst),2,20,24
945462,2021-11-30,606,Gleisdorf,Männer,bis 19 Jahre,B9999,unbestimmt (nur Pst),1,0,19
945477,2021-11-30,606,Gleisdorf,Männer,20 bis 24 Jahre,B9999,unbestimmt (nur Pst),1,20,24
945544,2021-11-30,609,Hartberg,Frauen,bis 19 Jahre,B9999,unbestimmt (nur Pst),2,0,19
945588,2021-11-30,609,Hartberg,Frauen,25 bis 29 Jahre,B9999,unbestimmt (nur Pst),1,25,29
945672,2021-11-30,609,Hartberg,Frauen,45 bis 49 Jahre,B9999,unbestimmt (nur Pst),1,45,49
945716,2021-11-30,609,Hartberg,Männer,bis 19 Jahre,B9999,unbestimmt (nur Pst),4,0,19
945742,2021-11-30,609,Hartberg,Männer,20 bis 24 Jahre,B9999,unbestimmt (nur Pst),2,20,24
945888,2021-11-30,610,Judenburg,Frauen,bis 19 Jahre,B9999,unbestimmt (nur Pst),2,0,19
946033,2021-11-30,610,Judenburg,Männer,bis 19 Jahre,B9999,unbestimmt (nur Pst),1,0,19
946051,2021-11-30,610,Judenburg,Männer,20 bis 24 Jahre,B9999,unbestimmt (nur Pst),2,20,24
946145,2021-11-30,611,Murau,Frauen,bis 19 Jahre,B9999,unbestimmt (nur Pst),1,0,19
946228,2021-11-30,614,Leibnitz,Frauen,bis 19 Jahre,B9999,unbestimmt (nur Pst),3,0,19
946251,2021-11-30,614,Leibnitz,Frauen,20 bis 24 Jahre,B9999,unbestimmt (nur Pst),1,20,24
946273,2021-11-30,614,Leibnitz,Frauen,25 bis 29 Jahre,B9999,unbestimmt (nur Pst),1,25,29
946421,2021-11-30,614,Leibnitz,Männer,20 bis 24 Jahre,B9999,unbestimmt (nur Pst),3,20,24
946460,2021-11-30,614,Leibnitz,Männer,30 bis 34 Jahre,B9999,unbestimmt (nur Pst),1,30,34
946565,2021-11-30,616,Leoben,Frauen,20 bis 24 Jahre,B9999,unbestimmt (nur Pst),2,20,24
946583,2021-11-30,616,Leoben,Frauen,25 bis 29 Jahre,B9999,unbestimmt (nur Pst),1,25,29
946629,2021-11-30,616,Leoben,Frauen,40 bis 44 Jahre,B9999,unbestimmt (nur Pst),1,40,44
946679,2021-11-30,616,Leoben,Männer,bis 19 Jahre,B9999,unbestimmt (nur Pst),2,0,19
946720,2021-11-30,616,Leoben,Männer,25 bis 29 Jahre,B9999,unbestimmt (nur Pst),1,25,29
946920,2021-11-30,618,Liezen,Männer,bis 19 Jahre,B9999,unbestimmt (nur Pst),1,0,19
947023,2021-11-30,621,Mürzzuschlag,Frauen,bis 19 Jahre,B9999,unbestimmt (nur Pst),2,0,19
947039,2021-11-30,621,Mürzzuschlag,Frauen,20 bis 24 Jahre,B9999,unbestimmt (nur Pst),2,20,24
947066,2021-11-30,621,Mürzzuschlag,Frauen,30 bis 34 Jahre,B9999,unbestimmt (nur Pst),1,30,34
947116,2021-11-30,621,Mürzzuschlag,Männer,bis 19 Jahre,B9999,unbestimmt (nur Pst),5,0,19
947130,2021-11-30,621,Mürzzuschlag,Männer,20 bis 24 Jahre,B9999,unbestimmt (nur Pst),2,20,24
947147,2021-11-30,621,Mürzzuschlag,Männer,25 bis 29 Jahre,B9999,unbestimmt (nur Pst),1,25,29
947218,2021-11-30,622,Voitsberg,Frauen,bis 19 Jahre,B9999,unbestimmt (nur Pst),1,0,19
947339,2021-11-30,622,Voitsberg,Männer,bis 19 Jahre,B9999,unbestimmt (nur Pst),2,0,19
947435,2021-11-30,623,Weiz,Frauen,bis 19 Jahre,B9999,unbestimmt (nur Pst),3,0,19
947452,2021-11-30,623,Weiz,Frauen,25 bis 29 Jahre,B9999,unbestimmt (nur Pst),1,25,29
947463,2021-11-30,623,Weiz,Frauen,30 bis 34 Jahre,B9999,unbestimmt (nur Pst),1,30,34
947477,2021-11-30,623,Weiz,Frauen,35 bis 39 Jahre,B9999,unbestimmt (nur Pst),1,35,39
947486,2021-11-30,623,Weiz,Frauen,40 bis 44 Jahre,B9999,unbestimmt (nur Pst),2,40,44
947501,2021-11-30,623,Weiz,Frauen,55 bis 59 Jahre,B9999,unbestimmt (nur Pst),1,55,59
947549,2021-11-30,623,Weiz,Männer,30 bis 34 Jahre,B9999,unbestimmt (nur Pst),1,30,34
947565,2021-11-30,623,Weiz,Männer,40 bis 44 Jahre,B9999,unbestimmt (nur Pst),1,40,44
947620,2021-11-30,630,Graz-West und Umgebung,Frauen,bis 19 Jahre,B9999,unbestimmt (nur Pst),5,0,19
947676,2021-11-30,630,Graz-West und Umgebung,Frauen,20 bis 24 Jahre,B9999,unbestimmt (nur Pst),2,20,24
947727,2021-11-30,630,Graz-West und Umgebung,Frauen,25 bis 29 Jahre,B9999,unbestimmt (nur Pst),2,25,29
947784,2021-11-30,630,Graz-West und Umgebung,Frauen,30 bis 34 Jahre,B9999,unbestimmt (nur Pst),1,30,34
947834,2021-11-30,630,Graz-West und Umgebung,Frauen,35 bis 39 Jahre,B9999,unbestimmt (nur Pst),2,35,39
948017,2021-11-30,630,Graz-West und Umgebung,Männer,bis 19 Jahre,B9999,unbestimmt (nur Pst),10,0,19
948079,2021-11-30,630,Graz-West und Umgebung,Männer,20 bis 24 Jahre,B9999,unbestimmt (nur Pst),2,20,24
948143,2021-11-30,630,Graz-West und Umgebung,Männer,25 bis 29 Jahre,B9999,unbestimmt (nur Pst),1,25,29
948348,2021-11-30,630,Graz-West und Umgebung,Männer,50 bis 54 Jahre,B9999,unbestimmt (nur Pst),1,50,54
948406,2021-11-30,631,Graz-Ost,Frauen,bis 19 Jahre,B9999,unbestimmt (nur Pst),1,0,19
948440,2021-11-30,631,Graz-Ost,Frauen,20 bis 24 Jahre,B9999,unbestimmt (nur Pst),5,20,24
948486,2021-11-30,631,Graz-Ost,Frauen,25 bis 29 Jahre,B9999,unbestimmt (nur Pst),2,25,29
948529,2021-11-30,631,Graz-Ost,Frauen,30 bis 34 Jahre,B9999,unbestimmt (nur Pst),4,30,34
948571,2021-11-30,631,Graz-Ost,Frauen,35 bis 39 Jahre,B9999,unbestimmt (nur Pst),1,35,39
948699,2021-11-30,631,Graz-Ost,Männer,bis 19 Jahre,B9999,unbestimmt (nur Pst),13,0,19
948788,2021-11-30,631,Graz-Ost,Männer,25 bis 29 Jahre,B9999,unbestimmt (nur Pst),3,25,29
948979,2021-11-30,701,Imst,Frauen,bis 19 Jahre,B9999,unbestimmt (nur Pst),1,0,19
949006,2021-11-30,701,Imst,Frauen,30 bis 34 Jahre,B9999,unbestimmt (nur Pst),1,30,34
949019,2021-11-30,701,Imst,Frauen,35 bis 39 Jahre,B9999,unbestimmt (nur Pst),1,35,39
949038,2021-11-30,701,Imst,Frauen,45 bis 49 Jahre,B9999,unbestimmt (nur Pst),1,45,49
949058,2021-11-30,701,Imst,Männer,bis 19 Jahre,B9999,unbestimmt (nur Pst),3,0,19
949069,2021-11-30,701,Imst,Männer,25 bis 29 Jahre,B9999,unbestimmt (nur Pst),1,25,29
949078,2021-11-30,701,Imst,Männer,35 bis 39 Jahre,B9999,unbestimmt (nur Pst),1,35,39
949144,2021-11-30,702,Innsbruck,Frauen,20 bis 24 Jahre,B9999,unbestimmt (nur Pst),2,20,24
949174,2021-11-30,702,Innsbruck,Frauen,25 bis 29 Jahre,B9999,unbestimmt (nur Pst),1,25,29
949246,2021-11-30,702,Innsbruck,Frauen,35 bis 39 Jahre,B9999,unbestimmt (nur Pst),4,35,39
949340,2021-11-30,702,Innsbruck,Frauen,50 bis 54 Jahre,B9999,unbestimmt (nur Pst),2,50,54
949352,2021-11-30,702,Innsbruck,Frauen,60 bis 64 Jahre,B9999,unbestimmt (nur Pst),1,60,64
949380,2021-11-30,702,Innsbruck,Männer,bis 19 Jahre,B9999,unbestimmt (nur Pst),4,0,19
949428,2021-11-30,702,Innsbruck,Männer,20 bis 24 Jahre,B9999,unbestimmt (nur Pst),1,20,24
949469,2021-11-30,702,Innsbruck,Männer,25 bis 29 Jahre,B9999,unbestimmt (nur Pst),2,25,29
949642,2021-11-30,702,Innsbruck,Männer,50 bis 54 Jahre,B9999,unbestimmt (nur Pst),1,50,54
949678,2021-11-30,704,Kitzbühel,Frauen,bis 19 Jahre,B9999,unbestimmt (nur Pst),4,0,19
949789,2021-11-30,705,Kufstein,Frauen,bis 19 Jahre,B9999,unbestimmt (nur Pst),8,0,19
949807,2021-11-30,705,Kufstein,Frauen,20 bis 24 Jahre,B9999,unbestimmt (nur Pst),2,20,24
949883,2021-11-30,705,Kufstein,Frauen,45 bis 49 Jahre,B9999,unbestimmt (nur Pst),1,45,49
949921,2021-11-30,705,Kufstein,Männer,bis 19 Jahre,B9999,unbestimmt (nur Pst),7,0,19
949956,2021-11-30,705,Kufstein,Männer,25 bis 29 Jahre,B9999,unbestimmt (nur Pst),1,25,29
949982,2021-11-30,705,Kufstein,Männer,35 bis 39 Jahre,B9999,unbestimmt (nur Pst),1,35,39
950032,2021-11-30,706,Landeck,Frauen,bis 19 Jahre,B9999,unbestimmt (nur Pst),3,0,19
950041,2021-11-30,706,Landeck,Frauen,20 bis 24 Jahre,B9999,unbestimmt (nur Pst),1,20,24
950053,2021-11-30,706,Landeck,Frauen,25 bis 29 Jahre,B9999,unbestimmt (nur Pst),1,25,29
950092,2021-11-30,706,Landeck,Männer,bis 19 Jahre,B9999,unbestimmt (nur Pst),1,0,19
950119,2021-11-30,707,Lienz,Frauen,bis 19 Jahre,B9999,unbestimmt (nur Pst),3,0,19
950165,2021-11-30,707,Lienz,Männer,bis 19 Jahre,B9999,unbestimmt (nur Pst),1,0,19
950176,2021-11-30,707,Lienz,Männer,30 bis 34 Jahre,B9999,unbestimmt (nur Pst),1,30,34
950264,2021-11-30,709,Schwaz,Frauen,bis 19 Jahre,B9999,unbestimmt (nur Pst),1,0,19
950357,2021-11-30,709,Schwaz,Frauen,45 bis 49 Jahre,B9999,unbestimmt (nur Pst),1,45,49
950388,2021-11-30,709,Schwaz,Männer,bis 19 Jahre,B9999,unbestimmt (nur Pst),2,0,19
950409,2021-11-30,709,Schwaz,Männer,20 bis 24 Jahre,B9999,unbestimmt (nur Pst),1,20,24
950428,2021-11-30,709,Schwaz,Männer,25 bis 29 Jahre,B9999,unbestimmt (nur Pst),1,25,29
950447,2021-11-30,709,Schwaz,Männer,35 bis 39 Jahre,B9999,unbestimmt (nur Pst),1,35,39
950455,2021-11-30,709,Schwaz,Männer,40 bis 44 Jahre,B9999,unbestimmt (nur Pst),1,40,44
950466,2021-11-30,709,Schwaz,Männer,45 bis 49 Jahre,B9999,unbestimmt (nur Pst),1,45,49
950490,2021-11-30,801,Bludenz,Frauen,bis 19 Jahre,B9999,unbestimmt (nur Pst),1,0,19
950517,2021-11-30,801,Bludenz,Frauen,20 bis 24 Jahre,B9999,unbestimmt (nur Pst),1,20,24
950540,2021-11-30,801,Bludenz,Frauen,25 bis 29 Jahre,B9999,unbestimmt (nur Pst),1,25,29
950615,2021-11-30,801,Bludenz,Frauen,50 bis 54 Jahre,B9999,unbestimmt (nur Pst),1,50,54
950635,2021-11-30,801,Bludenz,Männer,bis 19 Jahre,B9999,unbestimmt (nur Pst),1,0,19
950669,2021-11-30,801,Bludenz,Männer,25 bis 29 Jahre,B9999,unbestimmt (nur Pst),1,25,29
950745,2021-11-30,802,Bregenz,Frauen,bis 19 Jahre,B9999,unbestimmt (nur Pst),3,0,19
950772,2021-11-30,802,Bregenz,Frauen,20 bis 24 Jahre,B9999,unbestimmt (nur Pst),3,20,24
950801,2021-11-30,802,Bregenz,Frauen,25 bis 29 Jahre,B9999,unbestimmt (nur Pst),1,25,29
950825,2021-11-30,802,Bregenz,Frauen,30 bis 34 Jahre,B9999,unbestimmt (nur Pst),2,30,34
950852,2021-11-30,802,Bregenz,Frauen,35 bis 39 Jahre,B9999,unbestimmt (nur Pst),1,35,39
950895,2021-11-30,802,Bregenz,Frauen,45 bis 49 Jahre,B9999,unbestimmt (nur Pst),1,45,49
950916,2021-11-30,802,Bregenz,Frauen,55 bis 59 Jahre,B9999,unbestimmt (nur Pst),1,55,59
950950,2021-11-30,802,Bregenz,Männer,bis 19 Jahre,B9999,unbestimmt (nur Pst),2,0,19
951078,2021-11-30,804,Dornbirn,Frauen,bis 19 Jahre,B9999,unbestimmt (nur Pst),2,0,19
951116,2021-11-30,804,Dornbirn,Frauen,20 bis 24 Jahre,B9999,unbestimmt (nur Pst),3,20,24
951273,2021-11-30,804,Dornbirn,Männer,bis 19 Jahre,B9999,unbestimmt (nur Pst),4,0,19
951304,2021-11-30,804,Dornbirn,Männer,20 bis 24 Jahre,B9999,unbestimmt (nur Pst),1,20,24
951325,2021-11-30,804,Dornbirn,Männer,25 bis 29 Jahre,B9999,unbestimmt (nur Pst),2,25,29
951343,2021-11-30,804,Dornbirn,Männer,30 bis 34 Jahre,B9999,unbestimmt (nur Pst),1,30,34
951428,2021-11-30,805,Feldkirch,Frauen,bis 19 Jahre,B9999,unbestimmt (nur Pst),4,0,19
951459,2021-11-30,805,Feldkirch,Frauen,20 bis 24 Jahre,B9999,unbestimmt (nur Pst),5,20,24
951489,2021-11-30,805,Feldkirch,Frauen,25 bis 29 Jahre,B9999,unbestimmt (nur Pst),5,25,29
951520,2021-11-30,805,Feldkirch,Frauen,30 bis 34 Jahre,B9999,unbestimmt (nur Pst),1,30,34
951567,2021-11-30,805,Feldkirch,Frauen,40 bis 44 Jahre,B9999,unbestimmt (nur Pst),2,40,44
951633,2021-11-30,805,Feldkirch,Männer,bis 19 Jahre,B9999,unbestimmt (nur Pst),9,0,19
951677,2021-11-30,805,Feldkirch,Männer,20 bis 24 Jahre,B9999,unbestimmt (nur Pst),5,20,24
951722,2021-11-30,805,Feldkirch,Männer,30 bis 34 Jahre,B9999,unbestimmt (nur Pst),1,30,34
951739,2021-11-30,805,Feldkirch,Männer,35 bis 39 Jahre,B9999,unbestimmt (nur Pst),2,35,39
951749,2021-11-30,805,Feldkirch,Männer,40 bis 44 Jahre,B9999,unbestimmt (nur Pst),1,40,44
951759,2021-11-30,805,Feldkirch,Männer,45 bis 49 Jahre,B9999,unbestimmt (nur Pst),2,45,49
951973,2021-11-30,958,Wien Johnstraße,Frauen,45 bis 49 Jahre,B9999,unbestimmt (nur Pst),1,45,49
952399,2021-11-30,959,Wien Hauffgasse,Frauen,35 bis 39 Jahre,B9999,unbestimmt (nur Pst),1,35,39
953699,2021-11-30,962,Wien Redergasse,Männer,25 bis 29 Jahre,B9999,unbestimmt (nur Pst),1,25,29
954133,2021-11-30,963,Wien Währinger Gürtel,Frauen,40 bis 44 Jahre,B9999,unbestimmt (nur Pst),2,40,44
954168,2021-11-30,963,Wien Währinger Gürtel,Frauen,45 bis 49 Jahre,B9999,unbestimmt (nur Pst),1,45,49
954569,2021-11-30,964,Wien Favoritenstraße,Frauen,25 bis 29 Jahre,B9999,unbestimmt (nur Pst),3,25,29
954627,2021-11-30,964,Wien Favoritenstraße,Frauen,30 bis 34 Jahre,B9999,unbestimmt (nur Pst),1,30,34
954951,2021-11-30,964,Wien Favoritenstraße,Männer,25 bis 29 Jahre,B9999,unbestimmt (nur Pst),2,25,29
955097,2021-11-30,964,Wien Favoritenstraße,Männer,35 bis 39 Jahre,B9999,unbestimmt (nur Pst),1,35,39
955516,2021-11-30,965,Wien Schönbrunner Straße,Frauen,35 bis 39 Jahre,B9999,unbestimmt (nur Pst),1,35,39
955772,2021-11-30,965,Wien Schönbrunner Straße,Männer,25 bis 29 Jahre,B9999,unbestimmt (nur Pst),1,25,29
955842,2021-11-30,965,Wien Schönbrunner Straße,Männer,30 bis 34 Jahre,B9999,unbestimmt (nur Pst),1,30,34
955958,2021-11-30,965,Wien Schönbrunner Straße,Männer,40 bis 44 Jahre,B9999,unbestimmt (nur Pst),1,40,44
956051,2021-11-30,965,Wien Schönbrunner Straße,Männer,50 bis 54 Jahre,B9999,unbestimmt (nur Pst),1,50,54
956158,2021-11-30,966,Wien Hietzinger Kai,Frauen,25 bis 29 Jahre,B9999,unbestimmt (nur Pst),1,25,29
956294,2021-11-30,966,Wien Hietzinger Kai,Frauen,40 bis 44 Jahre,B9999,unbestimmt (nur Pst),2,40,44
956867,2021-11-30,967,Wien Huttengasse,Frauen,35 bis 39 Jahre,B9999,unbestimmt (nur Pst),1,35,39
956918,2021-11-30,967,Wien Huttengasse,Frauen,40 bis 44 Jahre,B9999,unbestimmt (nur Pst),1,40,44
956967,2021-11-30,967,Wien Huttengasse,Frauen,45 bis 49 Jahre,B9999,unbestimmt (nur Pst),2,45,49
957100,2021-11-30,967,Wien Huttengasse,Männer,25 bis 29 Jahre,B9999,unbestimmt (nur Pst),1,25,29
957655,2021-11-30,968,Wien Schloßhofer Straße,Frauen,40 bis 44 Jahre,B9999,unbestimmt (nur Pst),1,40,44
958010,2021-11-30,968,Wien Schloßhofer Straße,Männer,45 bis 49 Jahre,B9999,unbestimmt (nur Pst),1,45,49
958205,2021-11-30,969,Wien-Wagramer Straße,Frauen,30 bis 34 Jahre,B9999,unbestimmt (nur Pst),1,30,34
958984,2021-11-30,974,Wien Austria Campus,Frauen,40 bis 44 Jahre,B9999,unbestimmt (nur Pst),1,40,44
959040,2021-11-30,974,Wien Austria Campus,Frauen,50 bis 54 Jahre,B9999,unbestimmt (nur Pst),1,50,54
959234,2021-11-30,974,Wien Austria Campus,Männer,40 bis 44 Jahre,B9999,unbestimmt (nur Pst),1,40,44
959665,2021-11-30,975,Wien Jäger Straße,Männer,30 bis 34 Jahre,B9999,unbestimmt (nur Pst),2,30,34
959920,2021-11-30,976,Wien Jugendliche I,Frauen,bis 19 Jahre,B9999,unbestimmt (nur Pst),11,0,19
960019,2021-11-30,976,Wien Jugendliche I,Frauen,20 bis 24 Jahre,B9999,unbestimmt (nur Pst),5,20,24
960106,2021-11-30,976,Wien Jugendliche I,Männer,bis 19 Jahre,B9999,unbestimmt (nur Pst),10,0,19
960241,2021-11-30,976,Wien Jugendliche I,Männer,20 bis 24 Jahre,B9999,unbestimmt (nur Pst),10,20,24
960309,2021-11-30,977,Wien Jugendliche II,Frauen,bis 19 Jahre,B9999,unbestimmt (nur Pst),17,0,19
960410,2021-11-30,977,Wien Jugendliche II,Frauen,20 bis 24 Jahre,B9999,unbestimmt (nur Pst),5,20,24
960528,2021-11-30,977,Wien Jugendliche II,Männer,bis 19 Jahre,B9999,unbestimmt (nur Pst),16,0,19
960649,2021-11-30,977,Wien Jugendliche II,Männer,20 bis 24 Jahre,B9999,unbestimmt (nur Pst),3,20,24
960808,2021-12-31,101,Eisenstadt,Männer,bis 19 Jahre,B9999,unbestimmt (nur Pst),1,0,19
960897,2021-12-31,102,Mattersburg,Frauen,bis 19 Jahre,B9999,unbestimmt (nur Pst),2,0,19
960931,2021-12-31,102,Mattersburg,Frauen,45 bis 49 Jahre,B9999,unbestimmt (nur Pst),2,45,49
960951,2021-12-31,102,Mattersburg,Männer,bis 19 Jahre,B9999,unbestimmt (nur Pst),2,0,19
960960,2021-12-31,102,Mattersburg,Männer,25 bis 29 Jahre,B9999,unbestimmt (nur Pst),1,25,29
961100,2021-12-31,103,Neusiedl am See,Männer,40 bis 44 Jahre,B9999,unbestimmt (nur Pst),1,40,44
961278,2021-12-31,105,Oberwart,Frauen,bis 19 Jahre,B9999,unbestimmt (nur Pst),1,0,19
961302,2021-12-31,105,Oberwart,Frauen,20 bis 24 Jahre,B9999,unbestimmt (nur Pst),1,20,24
961326,2021-12-31,105,Oberwart,Frauen,30 bis 34 Jahre,B9999,unbestimmt (nur Pst),1,30,34
961398,2021-12-31,105,Oberwart,Männer,bis 19 Jahre,B9999,unbestimmt (nur Pst),1,0,19
961505,2021-12-31,106,Stegersbach,Frauen,25 bis 29 Jahre,B9999,unbestimmt (nur Pst),1,25,29
961566,2021-12-31,106,Stegersbach,Männer,bis 19 Jahre,B9999,unbestimmt (nur Pst),1,0,19
961706,2021-12-31,201,Feldkirchen,Männer,bis 19 Jahre,B9999,unbestimmt (nur Pst),1,0,19
961743,2021-12-31,202,Hermagor,Männer,bis 19 Jahre,B9999,unbestimmt (nur Pst),1,0,19
961771,2021-12-31,203,Klagenfurt,Frauen,bis 19 Jahre,B9999,unbestimmt (nur Pst),2,0,19
961828,2021-12-31,203,Klagenfurt,Frauen,25 bis 29 Jahre,B9999,unbestimmt (nur Pst),2,25,29
961851,2021-12-31,203,Klagenfurt,Frauen,30 bis 34 Jahre,B9999,unbestimmt (nur Pst),1,30,34
961878,2021-12-31,203,Klagenfurt,Frauen,35 bis 39 Jahre,B9999,unbestimmt (nur Pst),1,35,39
961901,2021-12-31,203,Klagenfurt,Frauen,40 bis 44 Jahre,B9999,unbestimmt (nur Pst),3,40,44
961930,2021-12-31,203,Klagenfurt,Frauen,45 bis 49 Jahre,B9999,unbestimmt (nur Pst),1,45,49
961988,2021-12-31,203,Klagenfurt,Männer,bis 19 Jahre,B9999,unbestimmt (nur Pst),6,0,19
962018,2021-12-31,203,Klagenfurt,Männer,20 bis 24 Jahre,B9999,unbestimmt (nur Pst),1,20,24
962042,2021-12-31,203,Klagenfurt,Männer,25 bis 29 Jahre,B9999,unbestimmt (nur Pst),1,25,29
962064,2021-12-31,203,Klagenfurt,Männer,30 bis 34 Jahre,B9999,unbestimmt (nur Pst),1,30,34
962101,2021-12-31,203,Klagenfurt,Männer,40 bis 44 Jahre,B9999,unbestimmt (nur Pst),2,40,44
962120,2021-12-31,203,Klagenfurt,Männer,45 bis 49 Jahre,B9999,unbestimmt (nur Pst),1,45,49
962135,2021-12-31,203,Klagenfurt,Männer,50 bis 54 Jahre,B9999,unbestimmt (nur Pst),1,50,54
962153,2021-12-31,203,Klagenfurt,Männer,60 bis 64 Jahre,B9999,unbestimmt (nur Pst),1,60,64
962239,2021-12-31,204,Spittal/Drau,Männer,bis 19 Jahre,B9999,unbestimmt (nur Pst),3,0,19
962313,2021-12-31,205,St. Veit/Glan,Frauen,bis 19 Jahre,B9999,unbestimmt (nur Pst),1,0,19
962338,2021-12-31,205,St. Veit/Glan,Frauen,25 bis 29 Jahre,B9999,unbestimmt (nur Pst),1,25,29
962710,2021-12-31,206,Villach,Männer,35 bis 39 Jahre,B9999,unbestimmt (nur Pst),2,35,39
962823,2021-12-31,207,Völkermarkt,Frauen,55 bis 59 Jahre,B9999,unbestimmt (nur Pst),1,55,59
962837,2021-12-31,207,Völkermarkt,Männer,bis 19 Jahre,B9999,unbestimmt (nur Pst),1,0,19
962867,2021-12-31,207,Völkermarkt,Männer,30 bis 34 Jahre,B9999,unbestimmt (nur Pst),2,30,34
962966,2021-12-31,208,Wolfsberg,Männer,bis 19 Jahre,B9999,unbestimmt (nur Pst),1,0,19
962983,2021-12-31,208,Wolfsberg,Männer,20 bis 24 Jahre,B9999,unbestimmt (nur Pst),1,20,24
963045,2021-12-31,301,Amstetten,Frauen,bis 19 Jahre,B9999,unbestimmt (nur Pst),5,0,19
963068,2021-12-31,301,Amstetten,Frauen,20 bis 24 Jahre,B9999,unbestimmt (nur Pst),4,20,24
963086,2021-12-31,301,Amstetten,Frauen,25 bis 29 Jahre,B9999,unbestimmt (nur Pst),1,25,29
963108,2021-12-31,301,Amstetten,Frauen,30 bis 34 Jahre,B9999,unbestimmt (nur Pst),1,30,34
963189,2021-12-31,301,Amstetten,Männer,bis 19 Jahre,B9999,unbestimmt (nur Pst),7,0,19
963225,2021-12-31,301,Amstetten,Männer,25 bis 29 Jahre,B9999,unbestimmt (nur Pst),2,25,29
963276,2021-12-31,301,Amstetten,Männer,50 bis 54 Jahre,B9999,unbestimmt (nur Pst),1,50,54
963316,2021-12-31,304,Baden neu,Frauen,bis 19 Jahre,B9999,unbestimmt (nur Pst),1,0,19
963347,2021-12-31,304,Baden neu,Frauen,20 bis 24 Jahre,B9999,unbestimmt (nur Pst),2,20,24
963368,2021-12-31,304,Baden neu,Frauen,25 bis 29 Jahre,B9999,unbestimmt (nur Pst),1,25,29
963493,2021-12-31,304,Baden neu,Männer,bis 19 Jahre,B9999,unbestimmt (nur Pst),2,0,19
963531,2021-12-31,304,Baden neu,Männer,20 bis 24 Jahre,B9999,unbestimmt (nur Pst),4,20,24
963602,2021-12-31,304,Baden neu,Männer,45 bis 49 Jahre,B9999,unbestimmt (nur Pst),1,45,49
963636,2021-12-31,304,Baden neu,Männer,55 bis 59 Jahre,B9999,unbestimmt (nur Pst),1,55,59
963651,2021-12-31,306,Bruck/Leitha,Frauen,bis 19 Jahre,B9999,unbestimmt (nur Pst),6,0,19
963743,2021-12-31,306,Bruck/Leitha,Männer,bis 19 Jahre,B9999,unbestimmt (nur Pst),1,0,19
963765,2021-12-31,306,Bruck/Leitha,Männer,20 bis 24 Jahre,B9999,unbestimmt (nur Pst),3,20,24
963829,2021-12-31,308,Gänserndorf,Frauen,bis 19 Jahre,B9999,unbestimmt (nur Pst),4,0,19
963854,2021-12-31,308,Gänserndorf,Frauen,20 bis 24 Jahre,B9999,unbestimmt (nur Pst),1,20,24
963871,2021-12-31,308,Gänserndorf,Frauen,25 bis 29 Jahre,B9999,unbestimmt (nur Pst),2,25,29
963983,2021-12-31,308,Gänserndorf,Männer,bis 19 Jahre,B9999,unbestimmt (nur Pst),6,0,19
964018,2021-12-31,308,Gänserndorf,Männer,20 bis 24 Jahre,B9999,unbestimmt (nur Pst),1,20,24
964104,2021-12-31,311,Gmünd,Frauen,bis 19 Jahre,B9999,unbestimmt (nur Pst),1,0,19
964164,2021-12-31,311,Gmünd,Männer,bis 19 Jahre,B9999,unbestimmt (nur Pst),4,0,19
964209,2021-12-31,312,Hollabrunn,Frauen,bis 19 Jahre,B9999,unbestimmt (nur Pst),2,0,19
964237,2021-12-31,312,Hollabrunn,Frauen,25 bis 29 Jahre,B9999,unbestimmt (nur Pst),2,25,29
964280,2021-12-31,312,Hollabrunn,Frauen,55 bis 59 Jahre,B9999,unbestimmt (nur Pst),1,55,59
964295,2021-12-31,312,Hollabrunn,Männer,bis 19 Jahre,B9999,unbestimmt (nur Pst),4,0,19
964347,2021-12-31,312,Hollabrunn,Männer,55 bis 59 Jahre,B9999,unbestimmt (nur Pst),1,55,59
964356,2021-12-31,313,Horn,Frauen,bis 19 Jahre,B9999,unbestimmt (nur Pst),3,0,19
964364,2021-12-31,313,Horn,Frauen,20 bis 24 Jahre,B9999,unbestimmt (nur Pst),1,20,24
964406,2021-12-31,313,Horn,Männer,20 bis 24 Jahre,B9999,unbestimmt (nur Pst),3,20,24
964416,2021-12-31,313,Horn,Männer,25 bis 29 Jahre,B9999,unbestimmt (nur Pst),1,25,29
964452,2021-12-31,314,Korneuburg,Frauen,bis 19 Jahre,B9999,unbestimmt (nur Pst),2,0,19
964467,2021-12-31,314,Korneuburg,Frauen,20 bis 24 Jahre,B9999,unbestimmt (nur Pst),2,20,24
964539,2021-12-31,314,Korneuburg,Frauen,45 bis 49 Jahre,B9999,unbestimmt (nur Pst),1,45,49
964575,2021-12-31,314,Korneuburg,Männer,bis 19 Jahre,B9999,unbestimmt (nur Pst),7,0,19
964694,2021-12-31,315,Krems,Frauen,bis 19 Jahre,B9999,unbestimmt (nur Pst),3,0,19
964730,2021-12-31,315,Krems,Frauen,25 bis 29 Jahre,B9999,unbestimmt (nur Pst),1,25,29
964822,2021-12-31,315,Krems,Männer,bis 19 Jahre,B9999,unbestimmt (nur Pst),6,0,19
964883,2021-12-31,315,Krems,Männer,35 bis 39 Jahre,B9999,unbestimmt (nur Pst),1,35,39
964901,2021-12-31,315,Krems,Männer,45 bis 49 Jahre,B9999,unbestimmt (nur Pst),1,45,49
964921,2021-12-31,316,Lilienfeld,Frauen,bis 19 Jahre,B9999,unbestimmt (nur Pst),1,0,19
964939,2021-12-31,316,Lilienfeld,Frauen,25 bis 29 Jahre,B9999,unbestimmt (nur Pst),2,25,29
964955,2021-12-31,316,Lilienfeld,Frauen,35 bis 39 Jahre,B9999,unbestimmt (nur Pst),1,35,39
964964,2021-12-31,316,Lilienfeld,Frauen,40 bis 44 Jahre,B9999,unbestimmt (nur Pst),1,40,44
964985,2021-12-31,316,Lilienfeld,Männer,bis 19 Jahre,B9999,unbestimmt (nur Pst),2,0,19
965011,2021-12-31,316,Lilienfeld,Männer,40 bis 44 Jahre,B9999,unbestimmt (nur Pst),1,40,44
965047,2021-12-31,317,Melk,Frauen,bis 19 Jahre,B9999,unbestimmt (nur Pst),1,0,19
965241,2021-12-31,319,Mistelbach,Frauen,bis 19 Jahre,B9999,unbestimmt (nur Pst),4,0,19
965338,2021-12-31,319,Mistelbach,Männer,bis 19 Jahre,B9999,unbestimmt (nur Pst),2,0,19
965437,2021-12-31,321,Mödling,Frauen,bis 19 Jahre,B9999,unbestimmt (nur Pst),5,0,19
965483,2021-12-31,321,Mödling,Frauen,25 bis 29 Jahre,B9999,unbestimmt (nur Pst),2,25,29
965633,2021-12-31,321,Mödling,Männer,bis 19 Jahre,B9999,unbestimmt (nur Pst),4,0,19
965669,2021-12-31,321,Mödling,Männer,20 bis 24 Jahre,B9999,unbestimmt (nur Pst),1,20,24
965704,2021-12-31,321,Mödling,Männer,30 bis 34 Jahre,B9999,unbestimmt (nur Pst),1,30,34
965818,2021-12-31,323,Neunkirchen,Frauen,bis 19 Jahre,B9999,unbestimmt (nur Pst),1,0,19
965838,2021-12-31,323,Neunkirchen,Frauen,20 bis 24 Jahre,B9999,unbestimmt (nur Pst),1,20,24
965854,2021-12-31,323,Neunkirchen,Frauen,25 bis 29 Jahre,B9999,unbestimmt (nur Pst),1,25,29
965886,2021-12-31,323,Neunkirchen,Frauen,35 bis 39 Jahre,B9999,unbestimmt (nur Pst),1,35,39
966084,2021-12-31,326,St. Pölten,Frauen,bis 19 Jahre,B9999,unbestimmt (nur Pst),16,0,19
966111,2021-12-31,326,St. Pölten,Frauen,20 bis 24 Jahre,B9999,unbestimmt (nur Pst),7,20,24
966140,2021-12-31,326,St. Pölten,Frauen,25 bis 29 Jahre,B9999,unbestimmt (nur Pst),2,25,29
966197,2021-12-31,326,St. Pölten,Frauen,35 bis 39 Jahre,B9999,unbestimmt (nur Pst),3,35,39
966230,2021-12-31,326,St. Pölten,Frauen,40 bis 44 Jahre,B9999,unbestimmt (nur Pst),1,40,44
966305,2021-12-31,326,St. Pölten,Männer,bis 19 Jahre,B9999,unbestimmt (nur Pst),19,0,19
966344,2021-12-31,326,St. Pölten,Männer,20 bis 24 Jahre,B9999,unbestimmt (nur Pst),2,20,24
966377,2021-12-31,326,St. Pölten,Männer,25 bis 29 Jahre,B9999,unbestimmt (nur Pst),1,25,29
966497,2021-12-31,326,St. Pölten,Männer,50 bis 54 Jahre,B9999,unbestimmt (nur Pst),1,50,54
966519,2021-12-31,328,Scheibbs,Frauen,bis 19 Jahre,B9999,unbestimmt (nur Pst),1,0,19
966571,2021-12-31,328,Scheibbs,Männer,bis 19 Jahre,B9999,unbestimmt (nur Pst),2,0,19
966668,2021-12-31,329,Schwechat,Frauen,20 bis 24 Jahre,B9999,unbestimmt (nur Pst),1,20,24
966769,2021-12-31,329,Schwechat,Männer,bis 19 Jahre,B9999,unbestimmt (nur Pst),1,0,19
966870,2021-12-31,331,Tulln,Frauen,bis 19 Jahre,B9999,unbestimmt (nur Pst),5,0,19
966891,2021-12-31,331,Tulln,Frauen,20 bis 24 Jahre,B9999,unbestimmt (nur Pst),2,20,24
966931,2021-12-31,331,Tulln,Frauen,30 bis 34 Jahre,B9999,unbestimmt (nur Pst),2,30,34
966976,2021-12-31,331,Tulln,Frauen,40 bis 44 Jahre,B9999,unbestimmt (nur Pst),1,40,44
967023,2021-12-31,331,Tulln,Männer,bis 19 Jahre,B9999,unbestimmt (nur Pst),14,0,19
967047,2021-12-31,331,Tulln,Männer,20 bis 24 Jahre,B9999,unbestimmt (nur Pst),2,20,24
967138,2021-12-31,332,Waidhofen/Thaya,Frauen,bis 19 Jahre,B9999,unbestimmt (nur Pst),1,0,19
967181,2021-12-31,332,Waidhofen/Thaya,Männer,bis 19 Jahre,B9999,unbestimmt (nur Pst),2,0,19
967191,2021-12-31,332,Waidhofen/Thaya,Männer,20 bis 24 Jahre,B9999,unbestimmt (nur Pst),3,20,24
967262,2021-12-31,333,Waidhofen/Ybbs,Männer,bis 19 Jahre,B9999,unbestimmt (nur Pst),4,0,19
967268,2021-12-31,333,Waidhofen/Ybbs,Männer,20 bis 24 Jahre,B9999,unbestimmt (nur Pst),1,20,24
967312,2021-12-31,334,Wr. Neustadt,Frauen,bis 19 Jahre,B9999,unbestimmt (nur Pst),1,0,19
967722,2021-12-31,335,Zwettl,Frauen,25 bis 29 Jahre,B9999,unbestimmt (nur Pst),1,25,29
967752,2021-12-31,335,Zwettl,Männer,bis 19 Jahre,B9999,unbestimmt (nur Pst),2,0,19
967776,2021-12-31,335,Zwettl,Männer,30 bis 34 Jahre,B9999,unbestimmt (nur Pst),1,30,34
967809,2021-12-31,401,Braunau,Frauen,bis 19 Jahre,B9999,unbestimmt (nur Pst),17,0,19
967830,2021-12-31,401,Braunau,Frauen,20 bis 24 Jahre,B9999,unbestimmt (nur Pst),6,20,24
967852,2021-12-31,401,Braunau,Frauen,25 bis 29 Jahre,B9999,unbestimmt (nur Pst),4,25,29
967875,2021-12-31,401,Braunau,Frauen,30 bis 34 Jahre,B9999,unbestimmt (nur Pst),1,30,34
967927,2021-12-31,401,Braunau,Frauen,45 bis 49 Jahre,B9999,unbestimmt (nur Pst),2,45,49
967942,2021-12-31,401,Braunau,Frauen,50 bis 54 Jahre,B9999,unbestimmt (nur Pst),1,50,54
967968,2021-12-31,401,Braunau,Männer,bis 19 Jahre,B9999,unbestimmt (nur Pst),20,0,19
967995,2021-12-31,401,Braunau,Männer,20 bis 24 Jahre,B9999,unbestimmt (nur Pst),4,20,24
968015,2021-12-31,401,Braunau,Männer,25 bis 29 Jahre,B9999,unbestimmt (nur Pst),1,25,29
968031,2021-12-31,401,Braunau,Männer,30 bis 34 Jahre,B9999,unbestimmt (nur Pst),1,30,34
968078,2021-12-31,401,Braunau,Männer,45 bis 49 Jahre,B9999,unbestimmt (nur Pst),1,45,49
968114,2021-12-31,402,Eferding,Frauen,bis 19 Jahre,B9999,unbestimmt (nur Pst),1,0,19
968122,2021-12-31,402,Eferding,Frauen,20 bis 24 Jahre,B9999,unbestimmt (nur Pst),1,20,24
968129,2021-12-31,402,Eferding,Frauen,25 bis 29 Jahre,B9999,unbestimmt (nur Pst),1,25,29
968174,2021-12-31,402,Eferding,Männer,20 bis 24 Jahre,B9999,unbestimmt (nur Pst),1,20,24
968202,2021-12-31,402,Eferding,Männer,45 bis 49 Jahre,B9999,unbestimmt (nur Pst),1,45,49
968212,2021-12-31,402,Eferding,Männer,55 bis 59 Jahre,B9999,unbestimmt (nur Pst),1,55,59
968225,2021-12-31,403,Freistadt,Frauen,bis 19 Jahre,B9999,unbestimmt (nur Pst),1,0,19
968259,2021-12-31,403,Freistadt,Frauen,25 bis 29 Jahre,B9999,unbestimmt (nur Pst),1,25,29
968355,2021-12-31,403,Freistadt,Männer,20 bis 24 Jahre,B9999,unbestimmt (nur Pst),1,20,24
968421,2021-12-31,403,Freistadt,Männer,60 bis 64 Jahre,B9999,unbestimmt (nur Pst),1,60,64
968437,2021-12-31,404,Gmunden,Frauen,bis 19 Jahre,B9999,unbestimmt (nur Pst),3,0,19
968590,2021-12-31,404,Gmunden,Männer,bis 19 Jahre,B9999,unbestimmt (nur Pst),8,0,19
968741,2021-12-31,406,Grieskirchen,Frauen,bis 19 Jahre,B9999,unbestimmt (nur Pst),1,0,19
968828,2021-12-31,406,Grieskirchen,Frauen,50 bis 54 Jahre,B9999,unbestimmt (nur Pst),1,50,54
968845,2021-12-31,406,Grieskirchen,Männer,bis 19 Jahre,B9999,unbestimmt (nur Pst),1,0,19
968918,2021-12-31,407,Kirchdorf/Krems,Frauen,bis 19 Jahre,B9999,unbestimmt (nur Pst),3,0,19
968948,2021-12-31,407,Kirchdorf/Krems,Frauen,25 bis 29 Jahre,B9999,unbestimmt (nur Pst),1,25,29
969027,2021-12-31,407,Kirchdorf/Krems,Männer,bis 19 Jahre,B9999,unbestimmt (nur Pst),4,0,19
969144,2021-12-31,409,Linz neu,Frauen,bis 19 Jahre,B9999,unbestimmt (nur Pst),34,0,19
969189,2021-12-31,409,Linz neu,Frauen,20 bis 24 Jahre,B9999,unbestimmt (nur Pst),11,20,24
969233,2021-12-31,409,Linz neu,Frauen,25 bis 29 Jahre,B9999,unbestimmt (nur Pst),5,25,29
969276,2021-12-31,409,Linz neu,Frauen,30 bis 34 Jahre,B9999,unbestimmt (nur Pst),10,30,34
969328,2021-12-31,409,Linz neu,Frauen,35 bis 39 Jahre,B9999,unbestimmt (nur Pst),1,35,39
969368,2021-12-31,409,Linz neu,Frauen,40 bis 44 Jahre,B9999,unbestimmt (nur Pst),1,40,44
969488,2021-12-31,409,Linz neu,Männer,bis 19 Jahre,B9999,unbestimmt (nur Pst),29,0,19
969544,2021-12-31,409,Linz neu,Männer,20 bis 24 Jahre,B9999,unbestimmt (nur Pst),13,20,24
969599,2021-12-31,409,Linz neu,Männer,25 bis 29 Jahre,B9999,unbestimmt (nur Pst),5,25,29
969648,2021-12-31,409,Linz neu,Männer,30 bis 34 Jahre,B9999,unbestimmt (nur Pst),5,30,34
969702,2021-12-31,409,Linz neu,Männer,35 bis 39 Jahre,B9999,unbestimmt (nur Pst),2,35,39
969738,2021-12-31,409,Linz neu,Männer,40 bis 44 Jahre,B9999,unbestimmt (nur Pst),1,40,44
969778,2021-12-31,409,Linz neu,Männer,45 bis 49 Jahre,B9999,unbestimmt (nur Pst),1,45,49
969861,2021-12-31,411,Perg,Frauen,20 bis 24 Jahre,B9999,unbestimmt (nur Pst),2,20,24
969986,2021-12-31,411,Perg,Männer,20 bis 24 Jahre,B9999,unbestimmt (nur Pst),2,20,24
970060,2021-12-31,411,Perg,Männer,55 bis 59 Jahre,B9999,unbestimmt (nur Pst),1,55,59
970078,2021-12-31,412,Ried im Innkreis,Frauen,bis 19 Jahre,B9999,unbestimmt (nur Pst),11,0,19
970093,2021-12-31,412,Ried im Innkreis,Frauen,20 bis 24 Jahre,B9999,unbestimmt (nur Pst),1,20,24
970113,2021-12-31,412,Ried im Innkreis,Frauen,25 bis 29 Jahre,B9999,unbestimmt (nur Pst),2,25,29
970130,2021-12-31,412,Ried im Innkreis,Frauen,30 bis 34 Jahre,B9999,unbestimmt (nur Pst),1,30,34
970147,2021-12-31,412,Ried im Innkreis,Frauen,35 bis 39 Jahre,B9999,unbestimmt (nur Pst),1,35,39
970161,2021-12-31,412,Ried im Innkreis,Frauen,40 bis 44 Jahre,B9999,unbestimmt (nur Pst),1,40,44
970203,2021-12-31,412,Ried im Innkreis,Männer,bis 19 Jahre,B9999,unbestimmt (nur Pst),6,0,19
970296,2021-12-31,412,Ried im Innkreis,Männer,55 bis 59 Jahre,B9999,unbestimmt (nur Pst),1,55,59
970311,2021-12-31,413,Rohrbach,Frauen,bis 19 Jahre,B9999,unbestimmt (nur Pst),2,0,19
970320,2021-12-31,413,Rohrbach,Frauen,20 bis 24 Jahre,B9999,unbestimmt (nur Pst),2,20,24
970334,2021-12-31,413,Rohrbach,Frauen,25 bis 29 Jahre,B9999,unbestimmt (nur Pst),1,25,29
970344,2021-12-31,413,Rohrbach,Frauen,30 bis 34 Jahre,B9999,unbestimmt (nur Pst),1,30,34
970375,2021-12-31,413,Rohrbach,Männer,bis 19 Jahre,B9999,unbestimmt (nur Pst),2,0,19
970388,2021-12-31,413,Rohrbach,Männer,20 bis 24 Jahre,B9999,unbestimmt (nur Pst),3,20,24
970417,2021-12-31,413,Rohrbach,Männer,40 bis 44 Jahre,B9999,unbestimmt (nur Pst),2,40,44
970443,2021-12-31,414,Schärding,Frauen,bis 19 Jahre,B9999,unbestimmt (nur Pst),1,0,19
970522,2021-12-31,414,Schärding,Männer,bis 19 Jahre,B9999,unbestimmt (nur Pst),1,0,19
970614,2021-12-31,415,Steyr,Frauen,bis 19 Jahre,B9999,unbestimmt (nur Pst),13,0,19
970643,2021-12-31,415,Steyr,Frauen,20 bis 24 Jahre,B9999,unbestimmt (nur Pst),2,20,24
970689,2021-12-31,415,Steyr,Frauen,30 bis 34 Jahre,B9999,unbestimmt (nur Pst),3,30,34
970704,2021-12-31,415,Steyr,Frauen,35 bis 39 Jahre,B9999,unbestimmt (nur Pst),1,35,39
970720,2021-12-31,415,Steyr,Frauen,40 bis 44 Jahre,B9999,unbestimmt (nur Pst),1,40,44
970781,2021-12-31,415,Steyr,Männer,bis 19 Jahre,B9999,unbestimmt (nur Pst),13,0,19
970810,2021-12-31,415,Steyr,Männer,20 bis 24 Jahre,B9999,unbestimmt (nur Pst),2,20,24
970953,2021-12-31,418,Vöcklabruck,Frauen,bis 19 Jahre,B9999,unbestimmt (nur Pst),3,0,19
970978,2021-12-31,418,Vöcklabruck,Frauen,20 bis 24 Jahre,B9999,unbestimmt (nur Pst),1,20,24
971133,2021-12-31,418,Vöcklabruck,Männer,bis 19 Jahre,B9999,unbestimmt (nur Pst),6,0,19
971159,2021-12-31,418,Vöcklabruck,Männer,20 bis 24 Jahre,B9999,unbestimmt (nur Pst),2,20,24
971325,2021-12-31,419,Wels,Frauen,20 bis 24 Jahre,B9999,unbestimmt (nur Pst),1,20,24
971503,2021-12-31,419,Wels,Männer,bis 19 Jahre,B9999,unbestimmt (nur Pst),2,0,19
971698,2021-12-31,421,Traun,Frauen,bis 19 Jahre,B9999,unbestimmt (nur Pst),4,0,19
971723,2021-12-31,421,Traun,Frauen,20 bis 24 Jahre,B9999,unbestimmt (nur Pst),2,20,24
971756,2021-12-31,421,Traun,Frauen,25 bis 29 Jahre,B9999,unbestimmt (nur Pst),2,25,29
971783,2021-12-31,421,Traun,Frauen,30 bis 34 Jahre,B9999,unbestimmt (nur Pst),1,30,34
971807,2021-12-31,421,Traun,Frauen,35 bis 39 Jahre,B9999,unbestimmt (nur Pst),2,35,39
971834,2021-12-31,421,Traun,Frauen,40 bis 44 Jahre,B9999,unbestimmt (nur Pst),1,40,44
971922,2021-12-31,421,Traun,Männer,bis 19 Jahre,B9999,unbestimmt (nur Pst),3,0,19
972111,2021-12-31,501,Bischofshofen,Frauen,bis 19 Jahre,B9999,unbestimmt (nur Pst),1,0,19
972194,2021-12-31,501,Bischofshofen,Frauen,45 bis 49 Jahre,B9999,unbestimmt (nur Pst),1,45,49
972276,2021-12-31,503,Hallein,Frauen,bis 19 Jahre,B9999,unbestimmt (nur Pst),1,0,19
972353,2021-12-31,503,Hallein,Männer,bis 19 Jahre,B9999,unbestimmt (nur Pst),4,0,19
972424,2021-12-31,504,Salzburg,Frauen,bis 19 Jahre,B9999,unbestimmt (nur Pst),1,0,19
972472,2021-12-31,504,Salzburg,Frauen,20 bis 24 Jahre,B9999,unbestimmt (nur Pst),1,20,24
972515,2021-12-31,504,Salzburg,Frauen,25 bis 29 Jahre,B9999,unbestimmt (nur Pst),1,25,29
972587,2021-12-31,504,Salzburg,Frauen,35 bis 39 Jahre,B9999,unbestimmt (nur Pst),1,35,39
972761,2021-12-31,504,Salzburg,Männer,20 bis 24 Jahre,B9999,unbestimmt (nur Pst),1,20,24
972809,2021-12-31,504,Salzburg,Männer,25 bis 29 Jahre,B9999,unbestimmt (nur Pst),1,25,29
973009,2021-12-31,505,Tamsweg,Männer,25 bis 29 Jahre,B9999,unbestimmt (nur Pst),1,25,29
973024,2021-12-31,506,Zell am See,Frauen,bis 19 Jahre,B9999,unbestimmt (nur Pst),2,0,19
973076,2021-12-31,506,Zell am See,Frauen,45 bis 49 Jahre,B9999,unbestimmt (nur Pst),1,45,49
973091,2021-12-31,506,Zell am See,Männer,bis 19 Jahre,B9999,unbestimmt (nur Pst),4,0,19
973101,2021-12-31,506,Zell am See,Männer,20 bis 24 Jahre,B9999,unbestimmt (nur Pst),1,20,24
973155,2021-12-31,601,Bruck/Mur,Frauen,bis 19 Jahre,B9999,unbestimmt (nur Pst),6,0,19
973179,2021-12-31,601,Bruck/Mur,Frauen,20 bis 24 Jahre,B9999,unbestimmt (nur Pst),1,20,24
973302,2021-12-31,601,Bruck/Mur,Männer,bis 19 Jahre,B9999,unbestimmt (nur Pst),8,0,19
973330,2021-12-31,601,Bruck/Mur,Männer,20 bis 24 Jahre,B9999,unbestimmt (nur Pst),1,20,24
973434,2021-12-31,601,Bruck/Mur,Männer,50 bis 54 Jahre,B9999,unbestimmt (nur Pst),1,50,54
973465,2021-12-31,603,Deutschlandsberg,Frauen,20 bis 24 Jahre,B9999,unbestimmt (nur Pst),1,20,24
973660,2021-12-31,604,Feldbach,Frauen,bis 19 Jahre,B9999,unbestimmt (nur Pst),2,0,19
973683,2021-12-31,604,Feldbach,Frauen,20 bis 24 Jahre,B9999,unbestimmt (nur Pst),1,20,24
973741,2021-12-31,604,Feldbach,Frauen,40 bis 44 Jahre,B9999,unbestimmt (nur Pst),1,40,44
973792,2021-12-31,604,Feldbach,Männer,bis 19 Jahre,B9999,unbestimmt (nur Pst),1,0,19
973829,2021-12-31,604,Feldbach,Männer,25 bis 29 Jahre,B9999,unbestimmt (nur Pst),1,25,29
973922,2021-12-31,606,Gleisdorf,Frauen,bis 19 Jahre,B9999,unbestimmt (nur Pst),1,0,19
973933,2021-12-31,606,Gleisdorf,Frauen,20 bis 24 Jahre,B9999,unbestimmt (nur Pst),2,20,24
974012,2021-12-31,606,Gleisdorf,Männer,bis 19 Jahre,B9999,unbestimmt (nur Pst),1,0,19
974030,2021-12-31,606,Gleisdorf,Männer,20 bis 24 Jahre,B9999,unbestimmt (nur Pst),1,20,24
974128,2021-12-31,609,Hartberg,Frauen,25 bis 29 Jahre,B9999,unbestimmt (nur Pst),1,25,29
974241,2021-12-31,609,Hartberg,Männer,bis 19 Jahre,B9999,unbestimmt (nur Pst),2,0,19
974266,2021-12-31,609,Hartberg,Männer,20 bis 24 Jahre,B9999,unbestimmt (nur Pst),2,20,24
974407,2021-12-31,610,Judenburg,Frauen,bis 19 Jahre,B9999,unbestimmt (nur Pst),1,0,19
974529,2021-12-31,610,Judenburg,Männer,bis 19 Jahre,B9999,unbestimmt (nur Pst),1,0,19
974545,2021-12-31,610,Judenburg,Männer,20 bis 24 Jahre,B9999,unbestimmt (nur Pst),2,20,24
974705,2021-12-31,614,Leibnitz,Frauen,bis 19 Jahre,B9999,unbestimmt (nur Pst),3,0,19
974729,2021-12-31,614,Leibnitz,Frauen,20 bis 24 Jahre,B9999,unbestimmt (nur Pst),1,20,24
974751,2021-12-31,614,Leibnitz,Frauen,25 bis 29 Jahre,B9999,unbestimmt (nur Pst),1,25,29
974888,2021-12-31,614,Leibnitz,Männer,20 bis 24 Jahre,B9999,unbestimmt (nur Pst),3,20,24
974922,2021-12-31,614,Leibnitz,Männer,30 bis 34 Jahre,B9999,unbestimmt (nur Pst),1,30,34
975020,2021-12-31,616,Leoben,Frauen,20 bis 24 Jahre,B9999,unbestimmt (nur Pst),2,20,24
975037,2021-12-31,616,Leoben,Frauen,25 bis 29 Jahre,B9999,unbestimmt (nur Pst),1,25,29
975080,2021-12-31,616,Leoben,Frauen,40 bis 44 Jahre,B9999,unbestimmt (nur Pst),1,40,44
975128,2021-12-31,616,Leoben,Männer,bis 19 Jahre,B9999,unbestimmt (nur Pst),2,0,19
975167,2021-12-31,616,Leoben,Männer,25 bis 29 Jahre,B9999,unbestimmt (nur Pst),1,25,29
975354,2021-12-31,618,Liezen,Männer,bis 19 Jahre,B9999,unbestimmt (nur Pst),1,0,19
975449,2021-12-31,621,Mürzzuschlag,Frauen,bis 19 Jahre,B9999,unbestimmt (nur Pst),2,0,19
975463,2021-12-31,621,Mürzzuschlag,Frauen,20 bis 24 Jahre,B9999,unbestimmt (nur Pst),2,20,24
975487,2021-12-31,621,Mürzzuschlag,Frauen,30 bis 34 Jahre,B9999,unbestimmt (nur Pst),1,30,34
975533,2021-12-31,621,Mürzzuschlag,Männer,bis 19 Jahre,B9999,unbestimmt (nur Pst),5,0,19
975546,2021-12-31,621,Mürzzuschlag,Männer,20 bis 24 Jahre,B9999,unbestimmt (nur Pst),2,20,24
975563,2021-12-31,621,Mürzzuschlag,Männer,25 bis 29 Jahre,B9999,unbestimmt (nur Pst),1,25,29
975629,2021-12-31,622,Voitsberg,Frauen,bis 19 Jahre,B9999,unbestimmt (nur Pst),1,0,19
975741,2021-12-31,622,Voitsberg,Männer,bis 19 Jahre,B9999,unbestimmt (nur Pst),2,0,19
975825,2021-12-31,623,Weiz,Frauen,bis 19 Jahre,B9999,unbestimmt (nur Pst),1,0,19
975848,2021-12-31,623,Weiz,Frauen,30 bis 34 Jahre,B9999,unbestimmt (nur Pst),1,30,34
975866,2021-12-31,623,Weiz,Frauen,40 bis 44 Jahre,B9999,unbestimmt (nur Pst),1,40,44
975878,2021-12-31,623,Weiz,Frauen,55 bis 59 Jahre,B9999,unbestimmt (nur Pst),1,55,59
975918,2021-12-31,623,Weiz,Männer,30 bis 34 Jahre,B9999,unbestimmt (nur Pst),1,30,34
975932,2021-12-31,623,Weiz,Männer,40 bis 44 Jahre,B9999,unbestimmt (nur Pst),1,40,44
975984,2021-12-31,630,Graz-West und Umgebung,Frauen,bis 19 Jahre,B9999,unbestimmt (nur Pst),4,0,19
976036,2021-12-31,630,Graz-West und Umgebung,Frauen,20 bis 24 Jahre,B9999,unbestimmt (nur Pst),2,20,24
976089,2021-12-31,630,Graz-West und Umgebung,Frauen,25 bis 29 Jahre,B9999,unbestimmt (nur Pst),2,25,29
976144,2021-12-31,630,Graz-West und Umgebung,Frauen,30 bis 34 Jahre,B9999,unbestimmt (nur Pst),2,30,34
976194,2021-12-31,630,Graz-West und Umgebung,Frauen,35 bis 39 Jahre,B9999,unbestimmt (nur Pst),1,35,39
976370,2021-12-31,630,Graz-West und Umgebung,Männer,bis 19 Jahre,B9999,unbestimmt (nur Pst),8,0,19
976434,2021-12-31,630,Graz-West und Umgebung,Männer,20 bis 24 Jahre,B9999,unbestimmt (nur Pst),2,20,24
976494,2021-12-31,630,Graz-West und Umgebung,Männer,25 bis 29 Jahre,B9999,unbestimmt (nur Pst),2,25,29
976678,2021-12-31,630,Graz-West und Umgebung,Männer,50 bis 54 Jahre,B9999,unbestimmt (nur Pst),1,50,54
976729,2021-12-31,631,Graz-Ost,Frauen,bis 19 Jahre,B9999,unbestimmt (nur Pst),1,0,19
976758,2021-12-31,631,Graz-Ost,Frauen,20 bis 24 Jahre,B9999,unbestimmt (nur Pst),5,20,24
976805,2021-12-31,631,Graz-Ost,Frauen,25 bis 29 Jahre,B9999,unbestimmt (nur Pst),1,25,29
976842,2021-12-31,631,Graz-Ost,Frauen,30 bis 34 Jahre,B9999,unbestimmt (nur Pst),4,30,34
976886,2021-12-31,631,Graz-Ost,Frauen,35 bis 39 Jahre,B9999,unbestimmt (nur Pst),1,35,39
977008,2021-12-31,631,Graz-Ost,Männer,bis 19 Jahre,B9999,unbestimmt (nur Pst),15,0,19
977059,2021-12-31,631,Graz-Ost,Männer,20 bis 24 Jahre,B9999,unbestimmt (nur Pst),1,20,24
977100,2021-12-31,631,Graz-Ost,Männer,25 bis 29 Jahre,B9999,unbestimmt (nur Pst),3,25,29
977275,2021-12-31,701,Imst,Frauen,bis 19 Jahre,B9999,unbestimmt (nur Pst),3,0,19
977298,2021-12-31,701,Imst,Frauen,30 bis 34 Jahre,B9999,unbestimmt (nur Pst),1,30,34
977308,2021-12-31,701,Imst,Frauen,35 bis 39 Jahre,B9999,unbestimmt (nur Pst),1,35,39
977343,2021-12-31,701,Imst,Männer,bis 19 Jahre,B9999,unbestimmt (nur Pst),3,0,19
977354,2021-12-31,701,Imst,Männer,25 bis 29 Jahre,B9999,unbestimmt (nur Pst),1,25,29
977363,2021-12-31,701,Imst,Männer,35 bis 39 Jahre,B9999,unbestimmt (nur Pst),1,35,39
977427,2021-12-31,702,Innsbruck,Frauen,20 bis 24 Jahre,B9999,unbestimmt (nur Pst),1,20,24
977455,2021-12-31,702,Innsbruck,Frauen,25 bis 29 Jahre,B9999,unbestimmt (nur Pst),2,25,29
977488,2021-12-31,702,Innsbruck,Frauen,30 bis 34 Jahre,B9999,unbestimmt (nur Pst),1,30,34
977523,2021-12-31,702,Innsbruck,Frauen,35 bis 39 Jahre,B9999,unbestimmt (nur Pst),4,35,39
977618,2021-12-31,702,Innsbruck,Frauen,50 bis 54 Jahre,B9999,unbestimmt (nur Pst),1,50,54
977628,2021-12-31,702,Innsbruck,Frauen,60 bis 64 Jahre,B9999,unbestimmt (nur Pst),1,60,64
977653,2021-12-31,702,Innsbruck,Männer,bis 19 Jahre,B9999,unbestimmt (nur Pst),3,0,19
977697,2021-12-31,702,Innsbruck,Männer,20 bis 24 Jahre,B9999,unbestimmt (nur Pst),1,20,24
977736,2021-12-31,702,Innsbruck,Männer,25 bis 29 Jahre,B9999,unbestimmt (nur Pst),1,25,29
977898,2021-12-31,702,Innsbruck,Männer,50 bis 54 Jahre,B9999,unbestimmt (nur Pst),1,50,54
977930,2021-12-31,704,Kitzbühel,Frauen,bis 19 Jahre,B9999,unbestimmt (nur Pst),4,0,19
978020,2021-12-31,705,Kufstein,Frauen,bis 19 Jahre,B9999,unbestimmt (nur Pst),8,0,19
978037,2021-12-31,705,Kufstein,Frauen,20 bis 24 Jahre,B9999,unbestimmt (nur Pst),2,20,24
978112,2021-12-31,705,Kufstein,Frauen,45 bis 49 Jahre,B9999,unbestimmt (nur Pst),1,45,49
978147,2021-12-31,705,Kufstein,Männer,bis 19 Jahre,B9999,unbestimmt (nur Pst),7,0,19
978173,2021-12-31,705,Kufstein,Männer,25 bis 29 Jahre,B9999,unbestimmt (nur Pst),1,25,29
978200,2021-12-31,705,Kufstein,Männer,35 bis 39 Jahre,B9999,unbestimmt (nur Pst),2,35,39
978246,2021-12-31,706,Landeck,Frauen,bis 19 Jahre,B9999,unbestimmt (nur Pst),3,0,19
978255,2021-12-31,706,Landeck,Frauen,20 bis 24 Jahre,B9999,unbestimmt (nur Pst),1,20,24
978266,2021-12-31,706,Landeck,Frauen,25 bis 29 Jahre,B9999,unbestimmt (nur Pst),1,25,29
978291,2021-12-31,706,Landeck,Männer,bis 19 Jahre,B9999,unbestimmt (nur Pst),1,0,19
978315,2021-12-31,707,Lienz,Frauen,bis 19 Jahre,B9999,unbestimmt (nur Pst),4,0,19
978362,2021-12-31,707,Lienz,Männer,bis 19 Jahre,B9999,unbestimmt (nur Pst),1,0,19
978372,2021-12-31,707,Lienz,Männer,30 bis 34 Jahre,B9999,unbestimmt (nur Pst),1,30,34
978444,2021-12-31,709,Schwaz,Frauen,bis 19 Jahre,B9999,unbestimmt (nur Pst),1,0,19
978525,2021-12-31,709,Schwaz,Frauen,45 bis 49 Jahre,B9999,unbestimmt (nur Pst),1,45,49
978546,2021-12-31,709,Schwaz,Männer,bis 19 Jahre,B9999,unbestimmt (nur Pst),2,0,19
978562,2021-12-31,709,Schwaz,Männer,20 bis 24 Jahre,B9999,unbestimmt (nur Pst),1,20,24
978580,2021-12-31,709,Schwaz,Männer,25 bis 29 Jahre,B9999,unbestimmt (nur Pst),1,25,29
978598,2021-12-31,709,Schwaz,Männer,35 bis 39 Jahre,B9999,unbestimmt (nur Pst),1,35,39
978604,2021-12-31,709,Schwaz,Männer,40 bis 44 Jahre,B9999,unbestimmt (nur Pst),1,40,44
978622,2021-12-31,709,Schwaz,Männer,50 bis 54 Jahre,B9999,unbestimmt (nur Pst),1,50,54
978636,2021-12-31,801,Bludenz,Frauen,bis 19 Jahre,B9999,unbestimmt (nur Pst),1,0,19
978664,2021-12-31,801,Bludenz,Frauen,20 bis 24 Jahre,B9999,unbestimmt (nur Pst),1,20,24
978683,2021-12-31,801,Bludenz,Frauen,25 bis 29 Jahre,B9999,unbestimmt (nur Pst),1,25,29
978767,2021-12-31,801,Bludenz,Männer,bis 19 Jahre,B9999,unbestimmt (nur Pst),1,0,19
978799,2021-12-31,801,Bludenz,Männer,25 bis 29 Jahre,B9999,unbestimmt (nur Pst),1,25,29
978863,2021-12-31,802,Bregenz,Frauen,bis 19 Jahre,B9999,unbestimmt (nur Pst),3,0,19
978890,2021-12-31,802,Bregenz,Frauen,20 bis 24 Jahre,B9999,unbestimmt (nur Pst),3,20,24
978917,2021-12-31,802,Bregenz,Frauen,25 bis 29 Jahre,B9999,unbestimmt (nur Pst),1,25,29
978941,2021-12-31,802,Bregenz,Frauen,30 bis 34 Jahre,B9999,unbestimmt (nur Pst),2,30,34
978969,2021-12-31,802,Bregenz,Frauen,35 bis 39 Jahre,B9999,unbestimmt (nur Pst),1,35,39
979022,2021-12-31,802,Bregenz,Frauen,55 bis 59 Jahre,B9999,unbestimmt (nur Pst),1,55,59
979052,2021-12-31,802,Bregenz,Männer,bis 19 Jahre,B9999,unbestimmt (nur Pst),3,0,19
979183,2021-12-31,804,Dornbirn,Frauen,bis 19 Jahre,B9999,unbestimmt (nur Pst),2,0,19
979220,2021-12-31,804,Dornbirn,Frauen,20 bis 24 Jahre,B9999,unbestimmt (nur Pst),3,20,24
979361,2021-12-31,804,Dornbirn,Männer,bis 19 Jahre,B9999,unbestimmt (nur Pst),3,0,19
979383,2021-12-31,804,Dornbirn,Männer,20 bis 24 Jahre,B9999,unbestimmt (nur Pst),1,20,24
979407,2021-12-31,804,Dornbirn,Männer,25 bis 29 Jahre,B9999,unbestimmt (nur Pst),2,25,29
979497,2021-12-31,805,Feldkirch,Frauen,bis 19 Jahre,B9999,unbestimmt (nur Pst),4,0,19
979527,2021-12-31,805,Feldkirch,Frauen,20 bis 24 Jahre,B9999,unbestimmt (nur Pst),5,20,24
979555,2021-12-31,805,Feldkirch,Frauen,25 bis 29 Jahre,B9999,unbestimmt (nur Pst),4,25,29
979582,2021-12-31,805,Feldkirch,Frauen,30 bis 34 Jahre,B9999,unbestimmt (nur Pst),1,30,34
979619,2021-12-31,805,Feldkirch,Frauen,40 bis 44 Jahre,B9999,unbestimmt (nur Pst),1,40,44
979631,2021-12-31,805,Feldkirch,Frauen,45 bis 49 Jahre,B9999,unbestimmt (nur Pst),1,45,49
979678,2021-12-31,805,Feldkirch,Männer,bis 19 Jahre,B9999,unbestimmt (nur Pst),9,0,19
979721,2021-12-31,805,Feldkirch,Männer,20 bis 24 Jahre,B9999,unbestimmt (nur Pst),4,20,24
979763,2021-12-31,805,Feldkirch,Männer,30 bis 34 Jahre,B9999,unbestimmt (nur Pst),1,30,34
979778,2021-12-31,805,Feldkirch,Männer,35 bis 39 Jahre,B9999,unbestimmt (nur Pst),2,35,39
979787,2021-12-31,805,Feldkirch,Männer,40 bis 44 Jahre,B9999,unbestimmt (nur Pst),1,40,44
979796,2021-12-31,805,Feldkirch,Männer,45 bis 49 Jahre,B9999,unbestimmt (nur Pst),2,45,49
979851,2021-12-31,958,Wien Johnstraße,Frauen,25 bis 29 Jahre,B9999,unbestimmt (nur Pst),1,25,29
979936,2021-12-31,958,Wien Johnstraße,Frauen,35 bis 39 Jahre,B9999,unbestimmt (nur Pst),1,35,39
979992,2021-12-31,958,Wien Johnstraße,Frauen,45 bis 49 Jahre,B9999,unbestimmt (nur Pst),1,45,49
980361,2021-12-31,959,Wien Hauffgasse,Frauen,30 bis 34 Jahre,B9999,unbestimmt (nur Pst),1,30,34
981719,2021-12-31,962,Wien Redergasse,Männer,30 bis 34 Jahre,B9999,unbestimmt (nur Pst),1,30,34
982071,2021-12-31,963,Wien Währinger Gürtel,Frauen,40 bis 44 Jahre,B9999,unbestimmt (nur Pst),1,40,44
982106,2021-12-31,963,Wien Währinger Gürtel,Frauen,45 bis 49 Jahre,B9999,unbestimmt (nur Pst),1,45,49
982193,2021-12-31,963,Wien Währinger Gürtel,Männer,25 bis 29 Jahre,B9999,unbestimmt (nur Pst),1,25,29
982472,2021-12-31,964,Wien Favoritenstraße,Frauen,25 bis 29 Jahre,B9999,unbestimmt (nur Pst),2,25,29
982530,2021-12-31,964,Wien Favoritenstraße,Frauen,30 bis 34 Jahre,B9999,unbestimmt (nur Pst),1,30,34
982830,2021-12-31,964,Wien Favoritenstraße,Männer,25 bis 29 Jahre,B9999,unbestimmt (nur Pst),3,25,29
982902,2021-12-31,964,Wien Favoritenstraße,Männer,30 bis 34 Jahre,B9999,unbestimmt (nur Pst),2,30,34
982964,2021-12-31,964,Wien Favoritenstraße,Männer,35 bis 39 Jahre,B9999,unbestimmt (nur Pst),1,35,39
983363,2021-12-31,965,Wien Schönbrunner Straße,Frauen,35 bis 39 Jahre,B9999,unbestimmt (nur Pst),1,35,39
983597,2021-12-31,965,Wien Schönbrunner Straße,Männer,25 bis 29 Jahre,B9999,unbestimmt (nur Pst),1,25,29
983667,2021-12-31,965,Wien Schönbrunner Straße,Männer,30 bis 34 Jahre,B9999,unbestimmt (nur Pst),1,30,34
983777,2021-12-31,965,Wien Schönbrunner Straße,Männer,40 bis 44 Jahre,B9999,unbestimmt (nur Pst),1,40,44
983864,2021-12-31,965,Wien Schönbrunner Straße,Männer,50 bis 54 Jahre,B9999,unbestimmt (nur Pst),1,50,54
984104,2021-12-31,966,Wien Hietzinger Kai,Frauen,40 bis 44 Jahre,B9999,unbestimmt (nur Pst),1,40,44
984709,2021-12-31,967,Wien Huttengasse,Frauen,40 bis 44 Jahre,B9999,unbestimmt (nur Pst),1,40,44
984756,2021-12-31,967,Wien Huttengasse,Frauen,45 bis 49 Jahre,B9999,unbestimmt (nur Pst),2,45,49
984887,2021-12-31,967,Wien Huttengasse,Männer,25 bis 29 Jahre,B9999,unbestimmt (nur Pst),2,25,29
985421,2021-12-31,968,Wien Schloßhofer Straße,Frauen,40 bis 44 Jahre,B9999,unbestimmt (nur Pst),1,40,44
985740,2021-12-31,968,Wien Schloßhofer Straße,Männer,45 bis 49 Jahre,B9999,unbestimmt (nur Pst),1,45,49
986651,2021-12-31,974,Wien Austria Campus,Frauen,40 bis 44 Jahre,B9999,unbestimmt (nur Pst),1,40,44
986705,2021-12-31,974,Wien Austria Campus,Frauen,50 bis 54 Jahre,B9999,unbestimmt (nur Pst),1,50,54
986879,2021-12-31,974,Wien Austria Campus,Männer,40 bis 44 Jahre,B9999,unbestimmt (nur Pst),1,40,44
987240,2021-12-31,975,Wien Jäger Straße,Männer,25 bis 29 Jahre,B9999,unbestimmt (nur Pst),1,25,29
987292,2021-12-31,975,Wien Jäger Straße,Männer,30 bis 34 Jahre,B9999,unbestimmt (nur Pst),2,30,34
987369,2021-12-31,975,Wien Jäger Straße,Männer,40 bis 44 Jahre,B9999,unbestimmt (nur Pst),1,40,44
987528,2021-12-31,976,Wien Jugendliche I,Frauen,bis 19 Jahre,B9999,unbestimmt (nur Pst),5,0,19
987625,2021-12-31,976,Wien Jugendliche I,Frauen,20 bis 24 Jahre,B9999,unbestimmt (nur Pst),5,20,24
987710,2021-12-31,976,Wien Jugendliche I,Männer,bis 19 Jahre,B9999,unbestimmt (nur Pst),8,0,19
987844,2021-12-31,976,Wien Jugendliche I,Männer,20 bis 24 Jahre,B9999,unbestimmt (nur Pst),6,20,24
987908,2021-12-31,977,Wien Jugendliche II,Frauen,bis 19 Jahre,B9999,unbestimmt (nur Pst),14,0,19
988013,2021-12-31,977,Wien Jugendliche II,Frauen,20 bis 24 Jahre,B9999,unbestimmt (nur Pst),5,20,24
988127,2021-12-31,977,Wien Jugendliche II,Männer,bis 19 Jahre,B9999,unbestimmt (nur Pst),13,0,19
988249,2021-12-31,977,Wien Jugendliche II,Männer,20 bis 24 Jahre,B9999,unbestimmt (nur Pst),4,20,24
988420,2022-01-31,101,Eisenstadt,Männer,bis 19 Jahre,B9999,unbestimmt (nur Pst),1,0,19
988529,2022-01-31,102,Mattersburg,Frauen,bis 19 Jahre,B9999,unbestimmt (nur Pst),2,0,19
988573,2022-01-31,102,Mattersburg,Frauen,45 bis 49 Jahre,B9999,unbestimmt (nur Pst),2,45,49
988595,2022-01-31,102,Mattersburg,Männer,bis 19 Jahre,B9999,unbestimmt (nur Pst),3,0,19
988609,2022-01-31,102,Mattersburg,Männer,25 bis 29 Jahre,B9999,unbestimmt (nur Pst),1,25,29
988767,2022-01-31,103,Neusiedl am See,Männer,40 bis 44 Jahre,B9999,unbestimmt (nur Pst),1,40,44
988962,2022-01-31,105,Oberwart,Frauen,bis 19 Jahre,B9999,unbestimmt (nur Pst),1,0,19
988985,2022-01-31,105,Oberwart,Frauen,20 bis 24 Jahre,B9999,unbestimmt (nur Pst),1,20,24
989014,2022-01-31,105,Oberwart,Frauen,30 bis 34 Jahre,B9999,unbestimmt (nur Pst),1,30,34
989109,2022-01-31,105,Oberwart,Männer,bis 19 Jahre,B9999,unbestimmt (nur Pst),1,0,19
989215,2022-01-31,106,Stegersbach,Frauen,bis 19 Jahre,B9999,unbestimmt (nur Pst),1,0,19
989229,2022-01-31,106,Stegersbach,Frauen,25 bis 29 Jahre,B9999,unbestimmt (nur Pst),1,25,29
989293,2022-01-31,106,Stegersbach,Männer,bis 19 Jahre,B9999,unbestimmt (nur Pst),1,0,19
989494,2022-01-31,201,Feldkirchen,Männer,bis 19 Jahre,B9999,unbestimmt (nur Pst),1,0,19
989579,2022-01-31,203,Klagenfurt,Frauen,bis 19 Jahre,B9999,unbestimmt (nur Pst),2,0,19
989641,2022-01-31,203,Klagenfurt,Frauen,25 bis 29 Jahre,B9999,unbestimmt (nur Pst),2,25,29
989669,2022-01-31,203,Klagenfurt,Frauen,30 bis 34 Jahre,B9999,unbestimmt (nur Pst),2,30,34
989700,2022-01-31,203,Klagenfurt,Frauen,35 bis 39 Jahre,B9999,unbestimmt (nur Pst),1,35,39
989723,2022-01-31,203,Klagenfurt,Frauen,40 bis 44 Jahre,B9999,unbestimmt (nur Pst),3,40,44
989754,2022-01-31,203,Klagenfurt,Frauen,45 bis 49 Jahre,B9999,unbestimmt (nur Pst),1,45,49
989774,2022-01-31,203,Klagenfurt,Frauen,50 bis 54 Jahre,B9999,unbestimmt (nur Pst),2,50,54
989809,2022-01-31,203,Klagenfurt,Männer,bis 19 Jahre,B9999,unbestimmt (nur Pst),6,0,19
989875,2022-01-31,203,Klagenfurt,Männer,25 bis 29 Jahre,B9999,unbestimmt (nur Pst),1,25,29
989905,2022-01-31,203,Klagenfurt,Männer,30 bis 34 Jahre,B9999,unbestimmt (nur Pst),1,30,34
989945,2022-01-31,203,Klagenfurt,Männer,40 bis 44 Jahre,B9999,unbestimmt (nur Pst),2,40,44
989978,2022-01-31,203,Klagenfurt,Männer,50 bis 54 Jahre,B9999,unbestimmt (nur Pst),3,50,54
990009,2022-01-31,204,Spittal/Drau,Frauen,bis 19 Jahre,B9999,unbestimmt (nur Pst),1,0,19
990109,2022-01-31,204,Spittal/Drau,Männer,bis 19 Jahre,B9999,unbestimmt (nur Pst),1,0,19
990248,2022-01-31,205,St. Veit/Glan,Frauen,25 bis 29 Jahre,B9999,unbestimmt (nur Pst),1,25,29
990539,2022-01-31,206,Villach,Frauen,45 bis 49 Jahre,B9999,unbestimmt (nur Pst),1,45,49
990619,2022-01-31,206,Villach,Männer,20 bis 24 Jahre,B9999,unbestimmt (nur Pst),1,20,24
990678,2022-01-31,206,Villach,Männer,35 bis 39 Jahre,B9999,unbestimmt (nur Pst),1,35,39
990812,2022-01-31,207,Völkermarkt,Frauen,55 bis 59 Jahre,B9999,unbestimmt (nur Pst),1,55,59
990828,2022-01-31,207,Völkermarkt,Männer,bis 19 Jahre,B9999,unbestimmt (nur Pst),1,0,19
990863,2022-01-31,207,Völkermarkt,Männer,30 bis 34 Jahre,B9999,unbestimmt (nur Pst),2,30,34
991007,2022-01-31,208,Wolfsberg,Männer,bis 19 Jahre,B9999,unbestimmt (nur Pst),1,0,19
991026,2022-01-31,208,Wolfsberg,Männer,20 bis 24 Jahre,B9999,unbestimmt (nur Pst),1,20,24
991100,2022-01-31,301,Amstetten,Frauen,bis 19 Jahre,B9999,unbestimmt (nur Pst),5,0,19
991125,2022-01-31,301,Amstetten,Frauen,20 bis 24 Jahre,B9999,unbestimmt (nur Pst),2,20,24
991148,2022-01-31,301,Amstetten,Frauen,25 bis 29 Jahre,B9999,unbestimmt (nur Pst),2,25,29
991170,2022-01-31,301,Amstetten,Frauen,30 bis 34 Jahre,B9999,unbestimmt (nur Pst),1,30,34
991260,2022-01-31,301,Amstetten,Männer,bis 19 Jahre,B9999,unbestimmt (nur Pst),6,0,19
991302,2022-01-31,301,Amstetten,Männer,25 bis 29 Jahre,B9999,unbestimmt (nur Pst),2,25,29
991319,2022-01-31,301,Amstetten,Männer,30 bis 34 Jahre,B9999,unbestimmt (nur Pst),1,30,34
991369,2022-01-31,301,Amstetten,Männer,50 bis 54 Jahre,B9999,unbestimmt (nur Pst),1,50,54
991408,2022-01-31,304,Baden neu,Frauen,bis 19 Jahre,B9999,unbestimmt (nur Pst),1,0,19
991437,2022-01-31,304,Baden neu,Frauen,20 bis 24 Jahre,B9999,unbestimmt (nur Pst),4,20,24
991458,2022-01-31,304,Baden neu,Frauen,25 bis 29 Jahre,B9999,unbestimmt (nur Pst),1,25,29
991602,2022-01-31,304,Baden neu,Männer,bis 19 Jahre,B9999,unbestimmt (nur Pst),2,0,19
991645,2022-01-31,304,Baden neu,Männer,20 bis 24 Jahre,B9999,unbestimmt (nur Pst),4,20,24
991742,2022-01-31,304,Baden neu,Männer,45 bis 49 Jahre,B9999,unbestimmt (nur Pst),1,45,49
991778,2022-01-31,304,Baden neu,Männer,55 bis 59 Jahre,B9999,unbestimmt (nur Pst),1,55,59
991794,2022-01-31,306,Bruck/Leitha,Frauen,bis 19 Jahre,B9999,unbestimmt (nur Pst),7,0,19
991886,2022-01-31,306,Bruck/Leitha,Männer,bis 19 Jahre,B9999,unbestimmt (nur Pst),1,0,19
991905,2022-01-31,306,Bruck/Leitha,Männer,20 bis 24 Jahre,B9999,unbestimmt (nur Pst),1,20,24
991946,2022-01-31,306,Bruck/Leitha,Männer,50 bis 54 Jahre,B9999,unbestimmt (nur Pst),1,50,54
991975,2022-01-31,308,Gänserndorf,Frauen,bis 19 Jahre,B9999,unbestimmt (nur Pst),4,0,19
991998,2022-01-31,308,Gänserndorf,Frauen,20 bis 24 Jahre,B9999,unbestimmt (nur Pst),2,20,24
992023,2022-01-31,308,Gänserndorf,Frauen,25 bis 29 Jahre,B9999,unbestimmt (nur Pst),2,25,29
992151,2022-01-31,308,Gänserndorf,Männer,bis 19 Jahre,B9999,unbestimmt (nur Pst),6,0,19
992191,2022-01-31,308,Gänserndorf,Männer,20 bis 24 Jahre,B9999,unbestimmt (nur Pst),1,20,24
992294,2022-01-31,311,Gmünd,Frauen,bis 19 Jahre,B9999,unbestimmt (nur Pst),1,0,19
992371,2022-01-31,311,Gmünd,Männer,bis 19 Jahre,B9999,unbestimmt (nur Pst),4,0,19
992423,2022-01-31,312,Hollabrunn,Frauen,bis 19 Jahre,B9999,unbestimmt (nur Pst),2,0,19
992454,2022-01-31,312,Hollabrunn,Frauen,25 bis 29 Jahre,B9999,unbestimmt (nur Pst),1,25,29
992503,2022-01-31,312,Hollabrunn,Frauen,55 bis 59 Jahre,B9999,unbestimmt (nur Pst),1,55,59
992516,2022-01-31,312,Hollabrunn,Männer,bis 19 Jahre,B9999,unbestimmt (nur Pst),4,0,19
992529,2022-01-31,312,Hollabrunn,Männer,20 bis 24 Jahre,B9999,unbestimmt (nur Pst),2,20,24
992575,2022-01-31,312,Hollabrunn,Männer,55 bis 59 Jahre,B9999,unbestimmt (nur Pst),1,55,59
992585,2022-01-31,313,Horn,Frauen,bis 19 Jahre,B9999,unbestimmt (nur Pst),3,0,19
992593,2022-01-31,313,Horn,Frauen,20 bis 24 Jahre,B9999,unbestimmt (nur Pst),1,20,24
992648,2022-01-31,313,Horn,Männer,20 bis 24 Jahre,B9999,unbestimmt (nur Pst),2,20,24
992661,2022-01-31,313,Horn,Männer,25 bis 29 Jahre,B9999,unbestimmt (nur Pst),1,25,29
992697,2022-01-31,314,Korneuburg,Frauen,bis 19 Jahre,B9999,unbestimmt (nur Pst),3,0,19
992716,2022-01-31,314,Korneuburg,Frauen,20 bis 24 Jahre,B9999,unbestimmt (nur Pst),2,20,24
992749,2022-01-31,314,Korneuburg,Frauen,30 bis 34 Jahre,B9999,unbestimmt (nur Pst),1,30,34
992846,2022-01-31,314,Korneuburg,Männer,bis 19 Jahre,B9999,unbestimmt (nur Pst),8,0,19
992910,2022-01-31,314,Korneuburg,Männer,35 bis 39 Jahre,B9999,unbestimmt (nur Pst),1,35,39
992963,2022-01-31,315,Krems,Frauen,bis 19 Jahre,B9999,unbestimmt (nur Pst),3,0,19
993016,2022-01-31,315,Krems,Frauen,30 bis 34 Jahre,B9999,unbestimmt (nur Pst),1,30,34
993099,2022-01-31,315,Krems,Männer,bis 19 Jahre,B9999,unbestimmt (nur Pst),6,0,19
993167,2022-01-31,315,Krems,Männer,35 bis 39 Jahre,B9999,unbestimmt (nur Pst),1,35,39
993188,2022-01-31,315,Krems,Männer,45 bis 49 Jahre,B9999,unbestimmt (nur Pst),1,45,49
993234,2022-01-31,316,Lilienfeld,Frauen,25 bis 29 Jahre,B9999,unbestimmt (nur Pst),2,25,29
993263,2022-01-31,316,Lilienfeld,Frauen,40 bis 44 Jahre,B9999,unbestimmt (nur Pst),1,40,44
993290,2022-01-31,316,Lilienfeld,Männer,bis 19 Jahre,B9999,unbestimmt (nur Pst),1,0,19
993318,2022-01-31,316,Lilienfeld,Männer,40 bis 44 Jahre,B9999,unbestimmt (nur Pst),1,40,44
993353,2022-01-31,317,Melk,Frauen,bis 19 Jahre,B9999,unbestimmt (nur Pst),1,0,19
993584,2022-01-31,319,Mistelbach,Frauen,bis 19 Jahre,B9999,unbestimmt (nur Pst),4,0,19
993601,2022-01-31,319,Mistelbach,Frauen,20 bis 24 Jahre,B9999,unbestimmt (nur Pst),1,20,24
993682,2022-01-31,319,Mistelbach,Männer,bis 19 Jahre,B9999,unbestimmt (nur Pst),2,0,19
993795,2022-01-31,321,Mödling,Frauen,bis 19 Jahre,B9999,unbestimmt (nur Pst),5,0,19
993819,2022-01-31,321,Mödling,Frauen,20 bis 24 Jahre,B9999,unbestimmt (nur Pst),2,20,24
993839,2022-01-31,321,Mödling,Frauen,25 bis 29 Jahre,B9999,unbestimmt (nur Pst),2,25,29
993985,2022-01-31,321,Mödling,Männer,bis 19 Jahre,B9999,unbestimmt (nur Pst),4,0,19
994060,2022-01-31,321,Mödling,Männer,30 bis 34 Jahre,B9999,unbestimmt (nur Pst),1,30,34
994196,2022-01-31,323,Neunkirchen,Frauen,20 bis 24 Jahre,B9999,unbestimmt (nur Pst),1,20,24
994214,2022-01-31,323,Neunkirchen,Frauen,25 bis 29 Jahre,B9999,unbestimmt (nur Pst),1,25,29
994467,2022-01-31,326,St. Pölten,Frauen,bis 19 Jahre,B9999,unbestimmt (nur Pst),15,0,19
994499,2022-01-31,326,St. Pölten,Frauen,20 bis 24 Jahre,B9999,unbestimmt (nur Pst),8,20,24
994527,2022-01-31,326,St. Pölten,Frauen,25 bis 29 Jahre,B9999,unbestimmt (nur Pst),3,25,29
994584,2022-01-31,326,St. Pölten,Frauen,35 bis 39 Jahre,B9999,unbestimmt (nur Pst),1,35,39
994616,2022-01-31,326,St. Pölten,Frauen,40 bis 44 Jahre,B9999,unbestimmt (nur Pst),2,40,44
994708,2022-01-31,326,St. Pölten,Männer,bis 19 Jahre,B9999,unbestimmt (nur Pst),20,0,19
994747,2022-01-31,326,St. Pölten,Männer,20 bis 24 Jahre,B9999,unbestimmt (nur Pst),5,20,24
994786,2022-01-31,326,St. Pölten,Männer,25 bis 29 Jahre,B9999,unbestimmt (nur Pst),1,25,29
994936,2022-01-31,326,St. Pölten,Männer,55 bis 59 Jahre,B9999,unbestimmt (nur Pst),1,55,59
994961,2022-01-31,328,Scheibbs,Frauen,20 bis 24 Jahre,B9999,unbestimmt (nur Pst),1,20,24
995009,2022-01-31,328,Scheibbs,Männer,bis 19 Jahre,B9999,unbestimmt (nur Pst),2,0,19
995106,2022-01-31,329,Schwechat,Frauen,20 bis 24 Jahre,B9999,unbestimmt (nur Pst),1,20,24
995217,2022-01-31,329,Schwechat,Männer,bis 19 Jahre,B9999,unbestimmt (nur Pst),1,0,19
995338,2022-01-31,331,Tulln,Frauen,bis 19 Jahre,B9999,unbestimmt (nur Pst),5,0,19
995358,2022-01-31,331,Tulln,Frauen,20 bis 24 Jahre,B9999,unbestimmt (nur Pst),2,20,24
995399,2022-01-31,331,Tulln,Frauen,30 bis 34 Jahre,B9999,unbestimmt (nur Pst),2,30,34
995442,2022-01-31,331,Tulln,Frauen,40 bis 44 Jahre,B9999,unbestimmt (nur Pst),1,40,44
995494,2022-01-31,331,Tulln,Männer,bis 19 Jahre,B9999,unbestimmt (nur Pst),10,0,19
995518,2022-01-31,331,Tulln,Männer,20 bis 24 Jahre,B9999,unbestimmt (nur Pst),2,20,24
995530,2022-01-31,331,Tulln,Männer,25 bis 29 Jahre,B9999,unbestimmt (nur Pst),1,25,29
995620,2022-01-31,332,Waidhofen/Thaya,Frauen,bis 19 Jahre,B9999,unbestimmt (nur Pst),1,0,19
995680,2022-01-31,332,Waidhofen/Thaya,Männer,bis 19 Jahre,B9999,unbestimmt (nur Pst),1,0,19
995688,2022-01-31,332,Waidhofen/Thaya,Männer,20 bis 24 Jahre,B9999,unbestimmt (nur Pst),3,20,24
995723,2022-01-31,333,Waidhofen/Ybbs,Frauen,bis 19 Jahre,B9999,unbestimmt (nur Pst),1,0,19
995761,2022-01-31,333,Waidhofen/Ybbs,Männer,bis 19 Jahre,B9999,unbestimmt (nur Pst),4,0,19
995768,2022-01-31,333,Waidhofen/Ybbs,Männer,20 bis 24 Jahre,B9999,unbestimmt (nur Pst),1,20,24
995814,2022-01-31,334,Wr. Neustadt,Frauen,bis 19 Jahre,B9999,unbestimmt (nur Pst),1,0,19
996271,2022-01-31,335,Zwettl,Frauen,25 bis 29 Jahre,B9999,unbestimmt (nur Pst),1,25,29
996298,2022-01-31,335,Zwettl,Männer,bis 19 Jahre,B9999,unbestimmt (nur Pst),2,0,19
996325,2022-01-31,335,Zwettl,Männer,30 bis 34 Jahre,B9999,unbestimmt (nur Pst),1,30,34
996364,2022-01-31,401,Braunau,Frauen,bis 19 Jahre,B9999,unbestimmt (nur Pst),18,0,19
996388,2022-01-31,401,Braunau,Frauen,20 bis 24 Jahre,B9999,unbestimmt (nur Pst),6,20,24
996410,2022-01-31,401,Braunau,Frauen,25 bis 29 Jahre,B9999,unbestimmt (nur Pst),4,25,29
996433,2022-01-31,401,Braunau,Frauen,30 bis 34 Jahre,B9999,unbestimmt (nur Pst),1,30,34
996488,2022-01-31,401,Braunau,Frauen,45 bis 49 Jahre,B9999,unbestimmt (nur Pst),2,45,49
996503,2022-01-31,401,Braunau,Frauen,50 bis 54 Jahre,B9999,unbestimmt (nur Pst),1,50,54
996529,2022-01-31,401,Braunau,Männer,bis 19 Jahre,B9999,unbestimmt (nur Pst),19,0,19
996560,2022-01-31,401,Braunau,Männer,20 bis 24 Jahre,B9999,unbestimmt (nur Pst),6,20,24
996582,2022-01-31,401,Braunau,Männer,25 bis 29 Jahre,B9999,unbestimmt (nur Pst),1,25,29
996598,2022-01-31,401,Braunau,Männer,30 bis 34 Jahre,B9999,unbestimmt (nur Pst),1,30,34
996646,2022-01-31,401,Braunau,Männer,45 bis 49 Jahre,B9999,unbestimmt (nur Pst),1,45,49
996682,2022-01-31,402,Eferding,Frauen,bis 19 Jahre,B9999,unbestimmt (nur Pst),1,0,19
996691,2022-01-31,402,Eferding,Frauen,20 bis 24 Jahre,B9999,unbestimmt (nur Pst),1,20,24
996699,2022-01-31,402,Eferding,Frauen,25 bis 29 Jahre,B9999,unbestimmt (nur Pst),1,25,29
996722,2022-01-31,402,Eferding,Frauen,40 bis 44 Jahre,B9999,unbestimmt (nur Pst),1,40,44
996750,2022-01-31,402,Eferding,Männer,20 bis 24 Jahre,B9999,unbestimmt (nur Pst),1,20,24
996783,2022-01-31,402,Eferding,Männer,45 bis 49 Jahre,B9999,unbestimmt (nur Pst),1,45,49
996796,2022-01-31,402,Eferding,Männer,55 bis 59 Jahre,B9999,unbestimmt (nur Pst),1,55,59
996807,2022-01-31,403,Freistadt,Frauen,bis 19 Jahre,B9999,unbestimmt (nur Pst),1,0,19
996842,2022-01-31,403,Freistadt,Frauen,25 bis 29 Jahre,B9999,unbestimmt (nur Pst),1,25,29
996945,2022-01-31,403,Freistadt,Männer,20 bis 24 Jahre,B9999,unbestimmt (nur Pst),1,20,24
997013,2022-01-31,403,Freistadt,Männer,60 bis 64 Jahre,B9999,unbestimmt (nur Pst),1,60,64
997028,2022-01-31,404,Gmunden,Frauen,bis 19 Jahre,B9999,unbestimmt (nur Pst),3,0,19
997198,2022-01-31,404,Gmunden,Männer,bis 19 Jahre,B9999,unbestimmt (nur Pst),7,0,19
997378,2022-01-31,406,Grieskirchen,Frauen,bis 19 Jahre,B9999,unbestimmt (nur Pst),1,0,19
997467,2022-01-31,406,Grieskirchen,Frauen,50 bis 54 Jahre,B9999,unbestimmt (nur Pst),1,50,54
997485,2022-01-31,406,Grieskirchen,Männer,bis 19 Jahre,B9999,unbestimmt (nur Pst),1,0,19
997567,2022-01-31,407,Kirchdorf/Krems,Frauen,bis 19 Jahre,B9999,unbestimmt (nur Pst),1,0,19
997602,2022-01-31,407,Kirchdorf/Krems,Frauen,25 bis 29 Jahre,B9999,unbestimmt (nur Pst),1,25,29
997679,2022-01-31,407,Kirchdorf/Krems,Männer,bis 19 Jahre,B9999,unbestimmt (nur Pst),3,0,19
997804,2022-01-31,409,Linz neu,Frauen,bis 19 Jahre,B9999,unbestimmt (nur Pst),33,0,19
997848,2022-01-31,409,Linz neu,Frauen,20 bis 24 Jahre,B9999,unbestimmt (nur Pst),16,20,24
997890,2022-01-31,409,Linz neu,Frauen,25 bis 29 Jahre,B9999,unbestimmt (nur Pst),5,25,29
997934,2022-01-31,409,Linz neu,Frauen,30 bis 34 Jahre,B9999,unbestimmt (nur Pst),9,30,34
997989,2022-01-31,409,Linz neu,Frauen,35 bis 39 Jahre,B9999,unbestimmt (nur Pst),1,35,39
998066,2022-01-31,409,Linz neu,Frauen,45 bis 49 Jahre,B9999,unbestimmt (nur Pst),1,45,49
998155,2022-01-31,409,Linz neu,Männer,bis 19 Jahre,B9999,unbestimmt (nur Pst),32,0,19
998209,2022-01-31,409,Linz neu,Männer,20 bis 24 Jahre,B9999,unbestimmt (nur Pst),14,20,24
998261,2022-01-31,409,Linz neu,Männer,25 bis 29 Jahre,B9999,unbestimmt (nur Pst),2,25,29
998314,2022-01-31,409,Linz neu,Männer,30 bis 34 Jahre,B9999,unbestimmt (nur Pst),6,30,34
998365,2022-01-31,409,Linz neu,Männer,35 bis 39 Jahre,B9999,unbestimmt (nur Pst),2,35,39
998406,2022-01-31,409,Linz neu,Männer,40 bis 44 Jahre,B9999,unbestimmt (nur Pst),1,40,44
998450,2022-01-31,409,Linz neu,Männer,45 bis 49 Jahre,B9999,unbestimmt (nur Pst),1,45,49
998546,2022-01-31,411,Perg,Frauen,20 bis 24 Jahre,B9999,unbestimmt (nur Pst),2,20,24
998681,2022-01-31,411,Perg,Männer,20 bis 24 Jahre,B9999,unbestimmt (nur Pst),2,20,24
998776,2022-01-31,412,Ried im Innkreis,Frauen,bis 19 Jahre,B9999,unbestimmt (nur Pst),11,0,19
998795,2022-01-31,412,Ried im Innkreis,Frauen,20 bis 24 Jahre,B9999,unbestimmt (nur Pst),2,20,24
998813,2022-01-31,412,Ried im Innkreis,Frauen,25 bis 29 Jahre,B9999,unbestimmt (nur Pst),2,25,29
998830,2022-01-31,412,Ried im Innkreis,Frauen,30 bis 34 Jahre,B9999,unbestimmt (nur Pst),1,30,34
998862,2022-01-31,412,Ried im Innkreis,Frauen,40 bis 44 Jahre,B9999,unbestimmt (nur Pst),2,40,44
998907,2022-01-31,412,Ried im Innkreis,Männer,bis 19 Jahre,B9999,unbestimmt (nur Pst),6,0,19
998930,2022-01-31,412,Ried im Innkreis,Männer,20 bis 24 Jahre,B9999,unbestimmt (nur Pst),1,20,24
999008,2022-01-31,412,Ried im Innkreis,Männer,55 bis 59 Jahre,B9999,unbestimmt (nur Pst),1,55,59
999022,2022-01-31,413,Rohrbach,Frauen,bis 19 Jahre,B9999,unbestimmt (nur Pst),2,0,19
999031,2022-01-31,413,Rohrbach,Frauen,20 bis 24 Jahre,B9999,unbestimmt (nur Pst),1,20,24
999046,2022-01-31,413,Rohrbach,Frauen,25 bis 29 Jahre,B9999,unbestimmt (nur Pst),3,25,29
999056,2022-01-31,413,Rohrbach,Frauen,30 bis 34 Jahre,B9999,unbestimmt (nur Pst),1,30,34
999089,2022-01-31,413,Rohrbach,Männer,bis 19 Jahre,B9999,unbestimmt (nur Pst),1,0,19
999102,2022-01-31,413,Rohrbach,Männer,20 bis 24 Jahre,B9999,unbestimmt (nur Pst),2,20,24
999133,2022-01-31,413,Rohrbach,Männer,40 bis 44 Jahre,B9999,unbestimmt (nur Pst),2,40,44
999156,2022-01-31,414,Schärding,Frauen,bis 19 Jahre,B9999,unbestimmt (nur Pst),2,0,19
999239,2022-01-31,414,Schärding,Männer,bis 19 Jahre,B9999,unbestimmt (nur Pst),1,0,19
999334,2022-01-31,415,Steyr,Frauen,bis 19 Jahre,B9999,unbestimmt (nur Pst),13,0,19
999367,2022-01-31,415,Steyr,Frauen,20 bis 24 Jahre,B9999,unbestimmt (nur Pst),1,20,24
999417,2022-01-31,415,Steyr,Frauen,30 bis 34 Jahre,B9999,unbestimmt (nur Pst),3,30,34
999435,2022-01-31,415,Steyr,Frauen,35 bis 39 Jahre,B9999,unbestimmt (nur Pst),1,35,39
999451,2022-01-31,415,Steyr,Frauen,40 bis 44 Jahre,B9999,unbestimmt (nur Pst),1,40,44
999517,2022-01-31,415,Steyr,Männer,bis 19 Jahre,B9999,unbestimmt (nur Pst),14,0,19
999548,2022-01-31,415,Steyr,Männer,20 bis 24 Jahre,B9999,unbestimmt (nur Pst),2,20,24
999703,2022-01-31,418,Vöcklabruck,Frauen,bis 19 Jahre,B9999,unbestimmt (nur Pst),3,0,19
999728,2022-01-31,418,Vöcklabruck,Frauen,20 bis 24 Jahre,B9999,unbestimmt (nur Pst),1,20,24
999888,2022-01-31,418,Vöcklabruck,Männer,bis 19 Jahre,B9999,unbestimmt (nur Pst),3,0,19
999911,2022-01-31,418,Vöcklabruck,Männer,20 bis 24 Jahre,B9999,unbestimmt (nur Pst),2,20,24
1000094,2022-01-31,419,Wels,Frauen,20 bis 24 Jahre,B9999,unbestimmt (nur Pst),1,20,24
1000283,2022-01-31,419,Wels,Männer,bis 19 Jahre,B9999,unbestimmt (nur Pst),2,0,19
1000484,2022-01-31,421,Traun,Frauen,bis 19 Jahre,B9999,unbestimmt (nur Pst),5,0,19
1000508,2022-01-31,421,Traun,Frauen,20 bis 24 Jahre,B9999,unbestimmt (nur Pst),1,20,24
1000545,2022-01-31,421,Traun,Frauen,25 bis 29 Jahre,B9999,unbestimmt (nur Pst),1,25,29
1000572,2022-01-31,421,Traun,Frauen,30 bis 34 Jahre,B9999,unbestimmt (nur Pst),1,30,34
1000596,2022-01-31,421,Traun,Frauen,35 bis 39 Jahre,B9999,unbestimmt (nur Pst),4,35,39
1000622,2022-01-31,421,Traun,Frauen,40 bis 44 Jahre,B9999,unbestimmt (nur Pst),1,40,44
1000716,2022-01-31,421,Traun,Männer,bis 19 Jahre,B9999,unbestimmt (nur Pst),2,0,19
1000932,2022-01-31,501,Bischofshofen,Frauen,bis 19 Jahre,B9999,unbestimmt (nur Pst),1,0,19
1000951,2022-01-31,501,Bischofshofen,Frauen,20 bis 24 Jahre,B9999,unbestimmt (nur Pst),1,20,24
1001046,2022-01-31,501,Bischofshofen,Frauen,45 bis 49 Jahre,B9999,unbestimmt (nur Pst),1,45,49
1001164,2022-01-31,503,Hallein,Frauen,bis 19 Jahre,B9999,unbestimmt (nur Pst),1,0,19
1001255,2022-01-31,503,Hallein,Männer,bis 19 Jahre,B9999,unbestimmt (nur Pst),4,0,19
1001380,2022-01-31,504,Salzburg,Frauen,20 bis 24 Jahre,B9999,unbestimmt (nur Pst),1,20,24
1001503,2022-01-31,504,Salzburg,Frauen,35 bis 39 Jahre,B9999,unbestimmt (nur Pst),1,35,39
1001693,2022-01-31,504,Salzburg,Männer,20 bis 24 Jahre,B9999,unbestimmt (nur Pst),1,20,24
1001747,2022-01-31,504,Salzburg,Männer,25 bis 29 Jahre,B9999,unbestimmt (nur Pst),1,25,29
1001913,2022-01-31,504,Salzburg,Männer,50 bis 54 Jahre,B9999,unbestimmt (nur Pst),2,50,54
1001973,2022-01-31,505,Tamsweg,Männer,25 bis 29 Jahre,B9999,unbestimmt (nur Pst),1,25,29
1001990,2022-01-31,506,Zell am See,Frauen,bis 19 Jahre,B9999,unbestimmt (nur Pst),2,0,19
1002082,2022-01-31,506,Zell am See,Männer,bis 19 Jahre,B9999,unbestimmt (nur Pst),4,0,19
1002101,2022-01-31,506,Zell am See,Männer,25 bis 29 Jahre,B9999,unbestimmt (nur Pst),1,25,29
1002114,2022-01-31,506,Zell am See,Männer,30 bis 34 Jahre,B9999,unbestimmt (nur Pst),1,30,34
1002164,2022-01-31,601,Bruck/Mur,Frauen,bis 19 Jahre,B9999,unbestimmt (nur Pst),5,0,19
1002191,2022-01-31,601,Bruck/Mur,Frauen,20 bis 24 Jahre,B9999,unbestimmt (nur Pst),1,20,24
1002313,2022-01-31,601,Bruck/Mur,Männer,bis 19 Jahre,B9999,unbestimmt (nur Pst),9,0,19
1002336,2022-01-31,601,Bruck/Mur,Männer,20 bis 24 Jahre,B9999,unbestimmt (nur Pst),1,20,24
1002469,2022-01-31,603,Deutschlandsberg,Frauen,20 bis 24 Jahre,B9999,unbestimmt (nur Pst),2,20,24
1002686,2022-01-31,604,Feldbach,Frauen,bis 19 Jahre,B9999,unbestimmt (nur Pst),1,0,19
1002713,2022-01-31,604,Feldbach,Frauen,20 bis 24 Jahre,B9999,unbestimmt (nur Pst),1,20,24
1002775,2022-01-31,604,Feldbach,Frauen,40 bis 44 Jahre,B9999,unbestimmt (nur Pst),1,40,44
1002836,2022-01-31,604,Feldbach,Männer,bis 19 Jahre,B9999,unbestimmt (nur Pst),1,0,19
1002880,2022-01-31,604,Feldbach,Männer,25 bis 29 Jahre,B9999,unbestimmt (nur Pst),1,25,29
1002994,2022-01-31,606,Gleisdorf,Frauen,bis 19 Jahre,B9999,unbestimmt (nur Pst),1,0,19
1003010,2022-01-31,606,Gleisdorf,Frauen,20 bis 24 Jahre,B9999,unbestimmt (nur Pst),1,20,24
1003091,2022-01-31,606,Gleisdorf,Männer,bis 19 Jahre,B9999,unbestimmt (nur Pst),1,0,19
1003110,2022-01-31,606,Gleisdorf,Männer,20 bis 24 Jahre,B9999,unbestimmt (nur Pst),1,20,24
1003171,2022-01-31,609,Hartberg,Frauen,bis 19 Jahre,B9999,unbestimmt (nur Pst),1,0,19
1003208,2022-01-31,609,Hartberg,Frauen,25 bis 29 Jahre,B9999,unbestimmt (nur Pst),1,25,29
1003306,2022-01-31,609,Hartberg,Frauen,50 bis 54 Jahre,B9999,unbestimmt (nur Pst),1,50,54
1003333,2022-01-31,609,Hartberg,Männer,bis 19 Jahre,B9999,unbestimmt (nur Pst),3,0,19
1003361,2022-01-31,609,Hartberg,Männer,20 bis 24 Jahre,B9999,unbestimmt (nur Pst),2,20,24
1003512,2022-01-31,610,Judenburg,Frauen,bis 19 Jahre,B9999,unbestimmt (nur Pst),1,0,19
1003647,2022-01-31,610,Judenburg,Männer,bis 19 Jahre,B9999,unbestimmt (nur Pst),1,0,19
1003666,2022-01-31,610,Judenburg,Männer,20 bis 24 Jahre,B9999,unbestimmt (nur Pst),1,20,24
1003758,2022-01-31,611,Murau,Frauen,bis 19 Jahre,B9999,unbestimmt (nur Pst),1,0,19
1003853,2022-01-31,614,Leibnitz,Frauen,bis 19 Jahre,B9999,unbestimmt (nur Pst),3,0,19
1003874,2022-01-31,614,Leibnitz,Frauen,20 bis 24 Jahre,B9999,unbestimmt (nur Pst),1,20,24
1003895,2022-01-31,614,Leibnitz,Frauen,25 bis 29 Jahre,B9999,unbestimmt (nur Pst),1,25,29
1004039,2022-01-31,614,Leibnitz,Männer,20 bis 24 Jahre,B9999,unbestimmt (nur Pst),3,20,24
1004076,2022-01-31,614,Leibnitz,Männer,30 bis 34 Jahre,B9999,unbestimmt (nur Pst),1,30,34
1004176,2022-01-31,616,Leoben,Frauen,20 bis 24 Jahre,B9999,unbestimmt (nur Pst),2,20,24
1004195,2022-01-31,616,Leoben,Frauen,25 bis 29 Jahre,B9999,unbestimmt (nur Pst),2,25,29
1004240,2022-01-31,616,Leoben,Frauen,40 bis 44 Jahre,B9999,unbestimmt (nur Pst),1,40,44
1004287,2022-01-31,616,Leoben,Männer,bis 19 Jahre,B9999,unbestimmt (nur Pst),2,0,19
1004312,2022-01-31,616,Leoben,Männer,20 bis 24 Jahre,B9999,unbestimmt (nur Pst),1,20,24
1004330,2022-01-31,616,Leoben,Männer,25 bis 29 Jahre,B9999,unbestimmt (nur Pst),1,25,29
1004537,2022-01-31,618,Liezen,Männer,bis 19 Jahre,B9999,unbestimmt (nur Pst),1,0,19
1004638,2022-01-31,621,Mürzzuschlag,Frauen,bis 19 Jahre,B9999,unbestimmt (nur Pst),2,0,19
1004652,2022-01-31,621,Mürzzuschlag,Frauen,20 bis 24 Jahre,B9999,unbestimmt (nur Pst),2,20,24
1004677,2022-01-31,621,Mürzzuschlag,Frauen,30 bis 34 Jahre,B9999,unbestimmt (nur Pst),1,30,34
1004724,2022-01-31,621,Mürzzuschlag,Männer,bis 19 Jahre,B9999,unbestimmt (nur Pst),5,0,19
1004737,2022-01-31,621,Mürzzuschlag,Männer,20 bis 24 Jahre,B9999,unbestimmt (nur Pst),2,20,24
1004841,2022-01-31,622,Voitsberg,Frauen,20 bis 24 Jahre,B9999,unbestimmt (nur Pst),1,20,24
1004935,2022-01-31,622,Voitsberg,Männer,bis 19 Jahre,B9999,unbestimmt (nur Pst),2,0,19
1005029,2022-01-31,623,Weiz,Frauen,bis 19 Jahre,B9999,unbestimmt (nur Pst),2,0,19
1005052,2022-01-31,623,Weiz,Frauen,30 bis 34 Jahre,B9999,unbestimmt (nur Pst),1,30,34
1005063,2022-01-31,623,Weiz,Frauen,35 bis 39 Jahre,B9999,unbestimmt (nur Pst),2,35,39
1005073,2022-01-31,623,Weiz,Frauen,40 bis 44 Jahre,B9999,unbestimmt (nur Pst),1,40,44
1005085,2022-01-31,623,Weiz,Frauen,50 bis 54 Jahre,B9999,unbestimmt (nur Pst),1,50,54
1005124,2022-01-31,623,Weiz,Männer,30 bis 34 Jahre,B9999,unbestimmt (nur Pst),1,30,34
1005139,2022-01-31,623,Weiz,Männer,40 bis 44 Jahre,B9999,unbestimmt (nur Pst),1,40,44
1005151,2022-01-31,623,Weiz,Männer,50 bis 54 Jahre,B9999,unbestimmt (nur Pst),1,50,54
1005199,2022-01-31,630,Graz-West und Umgebung,Frauen,bis 19 Jahre,B9999,unbestimmt (nur Pst),5,0,19
1005253,2022-01-31,630,Graz-West und Umgebung,Frauen,20 bis 24 Jahre,B9999,unbestimmt (nur Pst),4,20,24
1005305,2022-01-31,630,Graz-West und Umgebung,Frauen,25 bis 29 Jahre,B9999,unbestimmt (nur Pst),2,25,29
1005362,2022-01-31,630,Graz-West und Umgebung,Frauen,30 bis 34 Jahre,B9999,unbestimmt (nur Pst),2,30,34
1005409,2022-01-31,630,Graz-West und Umgebung,Frauen,35 bis 39 Jahre,B9999,unbestimmt (nur Pst),1,35,39
1005585,2022-01-31,630,Graz-West und Umgebung,Männer,bis 19 Jahre,B9999,unbestimmt (nur Pst),9,0,19
1005646,2022-01-31,630,Graz-West und Umgebung,Männer,20 bis 24 Jahre,B9999,unbestimmt (nur Pst),2,20,24
1005715,2022-01-31,630,Graz-West und Umgebung,Männer,25 bis 29 Jahre,B9999,unbestimmt (nur Pst),2,25,29
1005914,2022-01-31,630,Graz-West und Umgebung,Männer,50 bis 54 Jahre,B9999,unbestimmt (nur Pst),1,50,54
1005960,2022-01-31,631,Graz-Ost,Frauen,bis 19 Jahre,B9999,unbestimmt (nur Pst),2,0,19
1005990,2022-01-31,631,Graz-Ost,Frauen,20 bis 24 Jahre,B9999,unbestimmt (nur Pst),5,20,24
1006036,2022-01-31,631,Graz-Ost,Frauen,25 bis 29 Jahre,B9999,unbestimmt (nur Pst),2,25,29
1006079,2022-01-31,631,Graz-Ost,Frauen,30 bis 34 Jahre,B9999,unbestimmt (nur Pst),2,30,34
1006122,2022-01-31,631,Graz-Ost,Frauen,35 bis 39 Jahre,B9999,unbestimmt (nur Pst),1,35,39
1006156,2022-01-31,631,Graz-Ost,Frauen,40 bis 44 Jahre,B9999,unbestimmt (nur Pst),1,40,44
1006252,2022-01-31,631,Graz-Ost,Männer,bis 19 Jahre,B9999,unbestimmt (nur Pst),14,0,19
1006299,2022-01-31,631,Graz-Ost,Männer,20 bis 24 Jahre,B9999,unbestimmt (nur Pst),1,20,24
1006336,2022-01-31,631,Graz-Ost,Männer,25 bis 29 Jahre,B9999,unbestimmt (nur Pst),3,25,29
1006509,2022-01-31,701,Imst,Frauen,bis 19 Jahre,B9999,unbestimmt (nur Pst),3,0,19
1006534,2022-01-31,701,Imst,Frauen,30 bis 34 Jahre,B9999,unbestimmt (nur Pst),1,30,34
1006544,2022-01-31,701,Imst,Frauen,35 bis 39 Jahre,B9999,unbestimmt (nur Pst),1,35,39
1006580,2022-01-31,701,Imst,Männer,bis 19 Jahre,B9999,unbestimmt (nur Pst),3,0,19
1006591,2022-01-31,701,Imst,Männer,25 bis 29 Jahre,B9999,unbestimmt (nur Pst),1,25,29
1006604,2022-01-31,701,Imst,Männer,35 bis 39 Jahre,B9999,unbestimmt (nur Pst),1,35,39
1006637,2022-01-31,702,Innsbruck,Frauen,bis 19 Jahre,B9999,unbestimmt (nur Pst),1,0,19
1006668,2022-01-31,702,Innsbruck,Frauen,20 bis 24 Jahre,B9999,unbestimmt (nur Pst),2,20,24
1006696,2022-01-31,702,Innsbruck,Frauen,25 bis 29 Jahre,B9999,unbestimmt (nur Pst),2,25,29
1006731,2022-01-31,702,Innsbruck,Frauen,30 bis 34 Jahre,B9999,unbestimmt (nur Pst),1,30,34
1006767,2022-01-31,702,Innsbruck,Frauen,35 bis 39 Jahre,B9999,unbestimmt (nur Pst),4,35,39
1006865,2022-01-31,702,Innsbruck,Frauen,50 bis 54 Jahre,B9999,unbestimmt (nur Pst),1,50,54
1006904,2022-01-31,702,Innsbruck,Männer,bis 19 Jahre,B9999,unbestimmt (nur Pst),3,0,19
1006952,2022-01-31,702,Innsbruck,Männer,20 bis 24 Jahre,B9999,unbestimmt (nur Pst),1,20,24
1007147,2022-01-31,702,Innsbruck,Männer,50 bis 54 Jahre,B9999,unbestimmt (nur Pst),1,50,54
1007181,2022-01-31,704,Kitzbühel,Frauen,bis 19 Jahre,B9999,unbestimmt (nur Pst),3,0,19
1007279,2022-01-31,705,Kufstein,Frauen,bis 19 Jahre,B9999,unbestimmt (nur Pst),8,0,19
1007293,2022-01-31,705,Kufstein,Frauen,20 bis 24 Jahre,B9999,unbestimmt (nur Pst),2,20,24
1007372,2022-01-31,705,Kufstein,Frauen,45 bis 49 Jahre,B9999,unbestimmt (nur Pst),1,45,49
1007412,2022-01-31,705,Kufstein,Männer,bis 19 Jahre,B9999,unbestimmt (nur Pst),9,0,19
1007442,2022-01-31,705,Kufstein,Männer,25 bis 29 Jahre,B9999,unbestimmt (nur Pst),1,25,29
1007468,2022-01-31,705,Kufstein,Männer,35 bis 39 Jahre,B9999,unbestimmt (nur Pst),2,35,39
1007517,2022-01-31,706,Landeck,Frauen,bis 19 Jahre,B9999,unbestimmt (nur Pst),3,0,19
1007527,2022-01-31,706,Landeck,Frauen,20 bis 24 Jahre,B9999,unbestimmt (nur Pst),1,20,24
1007538,2022-01-31,706,Landeck,Frauen,25 bis 29 Jahre,B9999,unbestimmt (nur Pst),1,25,29
1007595,2022-01-31,707,Lienz,Frauen,bis 19 Jahre,B9999,unbestimmt (nur Pst),4,0,19
1007639,2022-01-31,707,Lienz,Männer,bis 19 Jahre,B9999,unbestimmt (nur Pst),1,0,19
1007647,2022-01-31,707,Lienz,Männer,20 bis 24 Jahre,B9999,unbestimmt (nur Pst),1,20,24
1007734,2022-01-31,709,Schwaz,Frauen,bis 19 Jahre,B9999,unbestimmt (nur Pst),1,0,19
1007814,2022-01-31,709,Schwaz,Frauen,45 bis 49 Jahre,B9999,unbestimmt (nur Pst),1,45,49
1007843,2022-01-31,709,Schwaz,Männer,bis 19 Jahre,B9999,unbestimmt (nur Pst),3,0,19
1007855,2022-01-31,709,Schwaz,Männer,20 bis 24 Jahre,B9999,unbestimmt (nur Pst),1,20,24
1007874,2022-01-31,709,Schwaz,Männer,25 bis 29 Jahre,B9999,unbestimmt (nur Pst),1,25,29
1007895,2022-01-31,709,Schwaz,Männer,35 bis 39 Jahre,B9999,unbestimmt (nur Pst),1,35,39
1007902,2022-01-31,709,Schwaz,Männer,40 bis 44 Jahre,B9999,unbestimmt (nur Pst),1,40,44
1007935,2022-01-31,801,Bludenz,Frauen,bis 19 Jahre,B9999,unbestimmt (nur Pst),1,0,19
1007964,2022-01-31,801,Bludenz,Frauen,20 bis 24 Jahre,B9999,unbestimmt (nur Pst),1,20,24
1007983,2022-01-31,801,Bludenz,Frauen,25 bis 29 Jahre,B9999,unbestimmt (nur Pst),1,25,29
1008068,2022-01-31,801,Bludenz,Männer,bis 19 Jahre,B9999,unbestimmt (nur Pst),1,0,19
1008098,2022-01-31,801,Bludenz,Männer,25 bis 29 Jahre,B9999,unbestimmt (nur Pst),1,25,29
1008169,2022-01-31,802,Bregenz,Frauen,bis 19 Jahre,B9999,unbestimmt (nur Pst),3,0,19
1008200,2022-01-31,802,Bregenz,Frauen,20 bis 24 Jahre,B9999,unbestimmt (nur Pst),3,20,24
1008233,2022-01-31,802,Bregenz,Frauen,25 bis 29 Jahre,B9999,unbestimmt (nur Pst),1,25,29
1008258,2022-01-31,802,Bregenz,Frauen,30 bis 34 Jahre,B9999,unbestimmt (nur Pst),2,30,34
1008287,2022-01-31,802,Bregenz,Frauen,35 bis 39 Jahre,B9999,unbestimmt (nur Pst),1,35,39
1008343,2022-01-31,802,Bregenz,Frauen,55 bis 59 Jahre,B9999,unbestimmt (nur Pst),1,55,59
1008375,2022-01-31,802,Bregenz,Männer,bis 19 Jahre,B9999,unbestimmt (nur Pst),3,0,19
1008405,2022-01-31,802,Bregenz,Männer,20 bis 24 Jahre,B9999,unbestimmt (nur Pst),1,20,24
1008523,2022-01-31,804,Dornbirn,Frauen,bis 19 Jahre,B9999,unbestimmt (nur Pst),2,0,19
1008560,2022-01-31,804,Dornbirn,Frauen,20 bis 24 Jahre,B9999,unbestimmt (nur Pst),3,20,24
1008708,2022-01-31,804,Dornbirn,Männer,bis 19 Jahre,B9999,unbestimmt (nur Pst),2,0,19
1008750,2022-01-31,804,Dornbirn,Männer,25 bis 29 Jahre,B9999,unbestimmt (nur Pst),3,25,29
1008855,2022-01-31,805,Feldkirch,Frauen,bis 19 Jahre,B9999,unbestimmt (nur Pst),3,0,19
1008883,2022-01-31,805,Feldkirch,Frauen,20 bis 24 Jahre,B9999,unbestimmt (nur Pst),8,20,24
1008906,2022-01-31,805,Feldkirch,Frauen,25 bis 29 Jahre,B9999,unbestimmt (nur Pst),4,25,29
1008934,2022-01-31,805,Feldkirch,Frauen,30 bis 34 Jahre,B9999,unbestimmt (nur Pst),2,30,34
1008975,2022-01-31,805,Feldkirch,Frauen,40 bis 44 Jahre,B9999,unbestimmt (nur Pst),2,40,44
1008989,2022-01-31,805,Feldkirch,Frauen,45 bis 49 Jahre,B9999,unbestimmt (nur Pst),1,45,49
1009035,2022-01-31,805,Feldkirch,Männer,bis 19 Jahre,B9999,unbestimmt (nur Pst),10,0,19
1009077,2022-01-31,805,Feldkirch,Männer,20 bis 24 Jahre,B9999,unbestimmt (nur Pst),5,20,24
1009131,2022-01-31,805,Feldkirch,Männer,30 bis 34 Jahre,B9999,unbestimmt (nur Pst),1,30,34
1009150,2022-01-31,805,Feldkirch,Männer,35 bis 39 Jahre,B9999,unbestimmt (nur Pst),1,35,39
1009162,2022-01-31,805,Feldkirch,Männer,40 bis 44 Jahre,B9999,unbestimmt (nur Pst),1,40,44
1009172,2022-01-31,805,Feldkirch,Männer,45 bis 49 Jahre,B9999,unbestimmt (nur Pst),1,45,49
1009179,2022-01-31,805,Feldkirch,Männer,50 bis 54 Jahre,B9999,unbestimmt (nur Pst),1,50,54
1009229,2022-01-31,958,Wien Johnstraße,Frauen,25 bis 29 Jahre,B9999,unbestimmt (nur Pst),2,25,29
1009316,2022-01-31,958,Wien Johnstraße,Frauen,35 bis 39 Jahre,B9999,unbestimmt (nur Pst),1,35,39
1009586,2022-01-31,958,Wien Johnstraße,Männer,40 bis 44 Jahre,B9999,unbestimmt (nur Pst),1,40,44
1009763,2022-01-31,959,Wien Hauffgasse,Frauen,30 bis 34 Jahre,B9999,unbestimmt (nur Pst),1,30,34
1010085,2022-01-31,959,Wien Hauffgasse,Männer,35 bis 39 Jahre,B9999,unbestimmt (nur Pst),1,35,39
1010972,2022-01-31,962,Wien Redergasse,Frauen,40 bis 44 Jahre,B9999,unbestimmt (nur Pst),1,40,44
1011176,2022-01-31,962,Wien Redergasse,Männer,30 bis 34 Jahre,B9999,unbestimmt (nur Pst),1,30,34
1011526,2022-01-31,963,Wien Währinger Gürtel,Frauen,40 bis 44 Jahre,B9999,unbestimmt (nur Pst),2,40,44
1011559,2022-01-31,963,Wien Währinger Gürtel,Frauen,45 bis 49 Jahre,B9999,unbestimmt (nur Pst),1,45,49
1011644,2022-01-31,963,Wien Währinger Gürtel,Männer,25 bis 29 Jahre,B9999,unbestimmt (nur Pst),1,25,29
1011686,2022-01-31,963,Wien Währinger Gürtel,Männer,30 bis 34 Jahre,B9999,unbestimmt (nur Pst),2,30,34
1011805,2022-01-31,963,Wien Währinger Gürtel,Männer,45 bis 49 Jahre,B9999,unbestimmt (nur Pst),1,45,49
1011935,2022-01-31,964,Wien Favoritenstraße,Frauen,25 bis 29 Jahre,B9999,unbestimmt (nur Pst),2,25,29
1011991,2022-01-31,964,Wien Favoritenstraße,Frauen,30 bis 34 Jahre,B9999,unbestimmt (nur Pst),1,30,34
1012151,2022-01-31,964,Wien Favoritenstraße,Frauen,45 bis 49 Jahre,B9999,unbestimmt (nur Pst),1,45,49
1012223,2022-01-31,964,Wien Favoritenstraße,Frauen,55 bis 59 Jahre,B9999,unbestimmt (nur Pst),1,55,59
1012300,2022-01-31,964,Wien Favoritenstraße,Männer,25 bis 29 Jahre,B9999,unbestimmt (nur Pst),3,25,29
1012382,2022-01-31,964,Wien Favoritenstraße,Männer,30 bis 34 Jahre,B9999,unbestimmt (nur Pst),4,30,34
1012447,2022-01-31,964,Wien Favoritenstraße,Männer,35 bis 39 Jahre,B9999,unbestimmt (nur Pst),1,35,39
1012572,2022-01-31,964,Wien Favoritenstraße,Männer,45 bis 49 Jahre,B9999,unbestimmt (nur Pst),1,45,49
1012876,2022-01-31,965,Wien Schönbrunner Straße,Frauen,35 bis 39 Jahre,B9999,unbestimmt (nur Pst),1,35,39
1013198,2022-01-31,965,Wien Schönbrunner Straße,Männer,30 bis 34 Jahre,B9999,unbestimmt (nur Pst),1,30,34
1013320,2022-01-31,965,Wien Schönbrunner Straße,Männer,40 bis 44 Jahre,B9999,unbestimmt (nur Pst),1,40,44
1013413,2022-01-31,965,Wien Schönbrunner Straße,Männer,50 bis 54 Jahre,B9999,unbestimmt (nur Pst),1,50,54
1013643,2022-01-31,966,Wien Hietzinger Kai,Frauen,40 bis 44 Jahre,B9999,unbestimmt (nur Pst),1,40,44
1014277,2022-01-31,967,Wien Huttengasse,Frauen,40 bis 44 Jahre,B9999,unbestimmt (nur Pst),1,40,44
1014323,2022-01-31,967,Wien Huttengasse,Frauen,45 bis 49 Jahre,B9999,unbestimmt (nur Pst),1,45,49
1014453,2022-01-31,967,Wien Huttengasse,Männer,25 bis 29 Jahre,B9999,unbestimmt (nur Pst),1,25,29
1014529,2022-01-31,967,Wien Huttengasse,Männer,30 bis 34 Jahre,B9999,unbestimmt (nur Pst),1,30,34
1015010,2022-01-31,968,Wien Schloßhofer Straße,Frauen,40 bis 44 Jahre,B9999,unbestimmt (nur Pst),2,40,44
1015379,2022-01-31,968,Wien Schloßhofer Straße,Männer,50 bis 54 Jahre,B9999,unbestimmt (nur Pst),1,50,54
1016506,2022-01-31,974,Wien Austria Campus,Männer,40 bis 44 Jahre,B9999,unbestimmt (nur Pst),1,40,44
1016682,2022-01-31,975,Wien Jäger Straße,Frauen,30 bis 34 Jahre,B9999,unbestimmt (nur Pst),1,30,34
1016945,2022-01-31,975,Wien Jäger Straße,Männer,30 bis 34 Jahre,B9999,unbestimmt (nur Pst),3,30,34
1017196,2022-01-31,976,Wien Jugendliche I,Frauen,bis 19 Jahre,B9999,unbestimmt (nur Pst),8,0,19
1017295,2022-01-31,976,Wien Jugendliche I,Frauen,20 bis 24 Jahre,B9999,unbestimmt (nur Pst),7,20,24
1017398,2022-01-31,976,Wien Jugendliche I,Männer,bis 19 Jahre,B9999,unbestimmt (nur Pst),9,0,19
1017536,2022-01-31,976,Wien Jugendliche I,Männer,20 bis 24 Jahre,B9999,unbestimmt (nur Pst),10,20,24
1017565,2022-01-31,976,Wien Jugendliche I,Männer,25 bis 29 Jahre,B9999,unbestimmt (nur Pst),1,25,29
1017629,2022-01-31,977,Wien Jugendliche II,Frauen,bis 19 Jahre,B9999,unbestimmt (nur Pst),21,0,19
1017730,2022-01-31,977,Wien Jugendliche II,Frauen,20 bis 24 Jahre,B9999,unbestimmt (nur Pst),5,20,24
1017846,2022-01-31,977,Wien Jugendliche II,Männer,bis 19 Jahre,B9999,unbestimmt (nur Pst),13,0,19
1017976,2022-01-31,977,Wien Jugendliche II,Männer,20 bis 24 Jahre,B9999,unbestimmt (nur Pst),5,20,24
1018151,2022-02-28,101,Eisenstadt,Männer,bis 19 Jahre,B9999,unbestimmt (nur Pst),1,0,19
1018257,2022-02-28,102,Mattersburg,Frauen,bis 19 Jahre,B9999,unbestimmt (nur Pst),2,0,19
1018300,2022-02-28,102,Mattersburg,Frauen,45 bis 49 Jahre,B9999,unbestimmt (nur Pst),2,45,49
1018324,2022-02-28,102,Mattersburg,Männer,bis 19 Jahre,B9999,unbestimmt (nur Pst),3,0,19
1018338,2022-02-28,102,Mattersburg,Männer,25 bis 29 Jahre,B9999,unbestimmt (nur Pst),1,25,29
1018494,2022-02-28,103,Neusiedl am See,Männer,40 bis 44 Jahre,B9999,unbestimmt (nur Pst),1,40,44
1018684,2022-02-28,105,Oberwart,Frauen,bis 19 Jahre,B9999,unbestimmt (nur Pst),1,0,19
1018739,2022-02-28,105,Oberwart,Frauen,30 bis 34 Jahre,B9999,unbestimmt (nur Pst),1,30,34
1018838,2022-02-28,105,Oberwart,Männer,bis 19 Jahre,B9999,unbestimmt (nur Pst),1,0,19
1018961,2022-02-28,106,Stegersbach,Frauen,bis 19 Jahre,B9999,unbestimmt (nur Pst),1,0,19
1019048,2022-02-28,106,Stegersbach,Männer,bis 19 Jahre,B9999,unbestimmt (nur Pst),1,0,19
1019267,2022-02-28,201,Feldkirchen,Männer,bis 19 Jahre,B9999,unbestimmt (nur Pst),1,0,19
1019350,2022-02-28,203,Klagenfurt,Frauen,bis 19 Jahre,B9999,unbestimmt (nur Pst),3,0,19
1019407,2022-02-28,203,Klagenfurt,Frauen,25 bis 29 Jahre,B9999,unbestimmt (nur Pst),2,25,29
1019433,2022-02-28,203,Klagenfurt,Frauen,30 bis 34 Jahre,B9999,unbestimmt (nur Pst),1,30,34
1019463,2022-02-28,203,Klagenfurt,Frauen,35 bis 39 Jahre,B9999,unbestimmt (nur Pst),1,35,39
1019486,2022-02-28,203,Klagenfurt,Frauen,40 bis 44 Jahre,B9999,unbestimmt (nur Pst),3,40,44
1019518,2022-02-28,203,Klagenfurt,Frauen,45 bis 49 Jahre,B9999,unbestimmt (nur Pst),1,45,49
1019540,2022-02-28,203,Klagenfurt,Frauen,50 bis 54 Jahre,B9999,unbestimmt (nur Pst),1,50,54
1019576,2022-02-28,203,Klagenfurt,Männer,bis 19 Jahre,B9999,unbestimmt (nur Pst),5,0,19
1019637,2022-02-28,203,Klagenfurt,Männer,25 bis 29 Jahre,B9999,unbestimmt (nur Pst),1,25,29
1019706,2022-02-28,203,Klagenfurt,Männer,40 bis 44 Jahre,B9999,unbestimmt (nur Pst),2,40,44
1019735,2022-02-28,203,Klagenfurt,Männer,50 bis 54 Jahre,B9999,unbestimmt (nur Pst),1,50,54
1019747,2022-02-28,203,Klagenfurt,Männer,55 bis 59 Jahre,B9999,unbestimmt (nur Pst),1,55,59
1019767,2022-02-28,204,Spittal/Drau,Frauen,bis 19 Jahre,B9999,unbestimmt (nur Pst),2,0,19
1019870,2022-02-28,204,Spittal/Drau,Männer,bis 19 Jahre,B9999,unbestimmt (nur Pst),1,0,19
1019992,2022-02-28,205,St. Veit/Glan,Frauen,25 bis 29 Jahre,B9999,unbestimmt (nur Pst),1,25,29
1020314,2022-02-28,206,Villach,Frauen,45 bis 49 Jahre,B9999,unbestimmt (nur Pst),1,45,49
1020456,2022-02-28,206,Villach,Männer,35 bis 39 Jahre,B9999,unbestimmt (nur Pst),1,35,39
1020596,2022-02-28,207,Völkermarkt,Frauen,55 bis 59 Jahre,B9999,unbestimmt (nur Pst),1,55,59
1020610,2022-02-28,207,Völkermarkt,Männer,bis 19 Jahre,B9999,unbestimmt (nur Pst),1,0,19
1020643,2022-02-28,207,Völkermarkt,Männer,30 bis 34 Jahre,B9999,unbestimmt (nur Pst),2,30,34
1020791,2022-02-28,208,Wolfsberg,Männer,bis 19 Jahre,B9999,unbestimmt (nur Pst),1,0,19
1020811,2022-02-28,208,Wolfsberg,Männer,20 bis 24 Jahre,B9999,unbestimmt (nur Pst),1,20,24
1020893,2022-02-28,301,Amstetten,Frauen,bis 19 Jahre,B9999,unbestimmt (nur Pst),5,0,19
1020919,2022-02-28,301,Amstetten,Frauen,20 bis 24 Jahre,B9999,unbestimmt (nur Pst),3,20,24
1020937,2022-02-28,301,Amstetten,Frauen,25 bis 29 Jahre,B9999,unbestimmt (nur Pst),3,25,29
1020955,2022-02-28,301,Amstetten,Frauen,30 bis 34 Jahre,B9999,unbestimmt (nur Pst),1,30,34
1021046,2022-02-28,301,Amstetten,Männer,bis 19 Jahre,B9999,unbestimmt (nur Pst),8,0,19
1021086,2022-02-28,301,Amstetten,Männer,25 bis 29 Jahre,B9999,unbestimmt (nur Pst),2,25,29
1021104,2022-02-28,301,Amstetten,Männer,30 bis 34 Jahre,B9999,unbestimmt (nur Pst),1,30,34
1021158,2022-02-28,301,Amstetten,Männer,50 bis 54 Jahre,B9999,unbestimmt (nur Pst),1,50,54
1021199,2022-02-28,304,Baden neu,Frauen,bis 19 Jahre,B9999,unbestimmt (nur Pst),1,0,19
1021227,2022-02-28,304,Baden neu,Frauen,20 bis 24 Jahre,B9999,unbestimmt (nur Pst),3,20,24
1021249,2022-02-28,304,Baden neu,Frauen,25 bis 29 Jahre,B9999,unbestimmt (nur Pst),1,25,29
1021400,2022-02-28,304,Baden neu,Männer,bis 19 Jahre,B9999,unbestimmt (nur Pst),1,0,19
1021440,2022-02-28,304,Baden neu,Männer,20 bis 24 Jahre,B9999,unbestimmt (nur Pst),3,20,24
1021534,2022-02-28,304,Baden neu,Männer,45 bis 49 Jahre,B9999,unbestimmt (nur Pst),1,45,49
1021568,2022-02-28,304,Baden neu,Männer,55 bis 59 Jahre,B9999,unbestimmt (nur Pst),1,55,59
1021584,2022-02-28,306,Bruck/Leitha,Frauen,bis 19 Jahre,B9999,unbestimmt (nur Pst),6,0,19
1021600,2022-02-28,306,Bruck/Leitha,Frauen,20 bis 24 Jahre,B9999,unbestimmt (nur Pst),1,20,24
1021693,2022-02-28,306,Bruck/Leitha,Männer,bis 19 Jahre,B9999,unbestimmt (nur Pst),1,0,19
1021714,2022-02-28,306,Bruck/Leitha,Männer,20 bis 24 Jahre,B9999,unbestimmt (nur Pst),1,20,24
1021757,2022-02-28,306,Bruck/Leitha,Männer,50 bis 54 Jahre,B9999,unbestimmt (nur Pst),1,50,54
1021784,2022-02-28,308,Gänserndorf,Frauen,bis 19 Jahre,B9999,unbestimmt (nur Pst),5,0,19
1021812,2022-02-28,308,Gänserndorf,Frauen,20 bis 24 Jahre,B9999,unbestimmt (nur Pst),2,20,24
1021833,2022-02-28,308,Gänserndorf,Frauen,25 bis 29 Jahre,B9999,unbestimmt (nur Pst),2,25,29
1021970,2022-02-28,308,Gänserndorf,Männer,bis 19 Jahre,B9999,unbestimmt (nur Pst),7,0,19
1022123,2022-02-28,311,Gmünd,Frauen,bis 19 Jahre,B9999,unbestimmt (nur Pst),1,0,19
1022182,2022-02-28,311,Gmünd,Frauen,55 bis 59 Jahre,B9999,unbestimmt (nur Pst),1,55,59
1022201,2022-02-28,311,Gmünd,Männer,bis 19 Jahre,B9999,unbestimmt (nur Pst),4,0,19
1022254,2022-02-28,312,Hollabrunn,Frauen,bis 19 Jahre,B9999,unbestimmt (nur Pst),1,0,19
1022287,2022-02-28,312,Hollabrunn,Frauen,25 bis 29 Jahre,B9999,unbestimmt (nur Pst),1,25,29
1022345,2022-02-28,312,Hollabrunn,Frauen,55 bis 59 Jahre,B9999,unbestimmt (nur Pst),1,55,59
1022357,2022-02-28,312,Hollabrunn,Männer,bis 19 Jahre,B9999,unbestimmt (nur Pst),5,0,19
1022415,2022-02-28,312,Hollabrunn,Männer,55 bis 59 Jahre,B9999,unbestimmt (nur Pst),1,55,59
1022423,2022-02-28,313,Horn,Frauen,bis 19 Jahre,B9999,unbestimmt (nur Pst),3,0,19
1022431,2022-02-28,313,Horn,Frauen,20 bis 24 Jahre,B9999,unbestimmt (nur Pst),1,20,24
1022473,2022-02-28,313,Horn,Männer,20 bis 24 Jahre,B9999,unbestimmt (nur Pst),2,20,24
1022523,2022-02-28,314,Korneuburg,Frauen,bis 19 Jahre,B9999,unbestimmt (nur Pst),3,0,19
1022540,2022-02-28,314,Korneuburg,Frauen,20 bis 24 Jahre,B9999,unbestimmt (nur Pst),3,20,24
1022576,2022-02-28,314,Korneuburg,Frauen,30 bis 34 Jahre,B9999,unbestimmt (nur Pst),1,30,34
1022675,2022-02-28,314,Korneuburg,Männer,bis 19 Jahre,B9999,unbestimmt (nur Pst),7,0,19
1022806,2022-02-28,315,Krems,Frauen,bis 19 Jahre,B9999,unbestimmt (nur Pst),4,0,19
1022950,2022-02-28,315,Krems,Männer,bis 19 Jahre,B9999,unbestimmt (nur Pst),3,0,19
1023022,2022-02-28,315,Krems,Männer,35 bis 39 Jahre,B9999,unbestimmt (nur Pst),1,35,39
1023112,2022-02-28,316,Lilienfeld,Frauen,40 bis 44 Jahre,B9999,unbestimmt (nur Pst),1,40,44
1023135,2022-02-28,316,Lilienfeld,Männer,bis 19 Jahre,B9999,unbestimmt (nur Pst),1,0,19
1023160,2022-02-28,316,Lilienfeld,Männer,40 bis 44 Jahre,B9999,unbestimmt (nur Pst),1,40,44
1023193,2022-02-28,317,Melk,Frauen,bis 19 Jahre,B9999,unbestimmt (nur Pst),1,0,19
1023206,2022-02-28,317,Melk,Frauen,20 bis 24 Jahre,B9999,unbestimmt (nur Pst),1,20,24
1023419,2022-02-28,319,Mistelbach,Frauen,bis 19 Jahre,B9999,unbestimmt (nur Pst),5,0,19
1023443,2022-02-28,319,Mistelbach,Frauen,20 bis 24 Jahre,B9999,unbestimmt (nur Pst),1,20,24
1023506,2022-02-28,319,Mistelbach,Frauen,45 bis 49 Jahre,B9999,unbestimmt (nur Pst),1,45,49
1023535,2022-02-28,319,Mistelbach,Männer,bis 19 Jahre,B9999,unbestimmt (nur Pst),3,0,19
1023647,2022-02-28,321,Mödling,Frauen,bis 19 Jahre,B9999,unbestimmt (nur Pst),5,0,19
1023691,2022-02-28,321,Mödling,Frauen,25 bis 29 Jahre,B9999,unbestimmt (nur Pst),2,25,29
1023842,2022-02-28,321,Mödling,Männer,bis 19 Jahre,B9999,unbestimmt (nur Pst),4,0,19
1023877,2022-02-28,321,Mödling,Männer,20 bis 24 Jahre,B9999,unbestimmt (nur Pst),1,20,24
1023913,2022-02-28,321,Mödling,Männer,30 bis 34 Jahre,B9999,unbestimmt (nur Pst),1,30,34
1024022,2022-02-28,323,Neunkirchen,Frauen,bis 19 Jahre,B9999,unbestimmt (nur Pst),1,0,19
1024297,2022-02-28,323,Neunkirchen,Männer,55 bis 59 Jahre,B9999,unbestimmt (nur Pst),1,55,59
1024322,2022-02-28,326,St. Pölten,Frauen,bis 19 Jahre,B9999,unbestimmt (nur Pst),16,0,19
1024354,2022-02-28,326,St. Pölten,Frauen,20 bis 24 Jahre,B9999,unbestimmt (nur Pst),6,20,24
1024378,2022-02-28,326,St. Pölten,Frauen,25 bis 29 Jahre,B9999,unbestimmt (nur Pst),3,25,29
1024471,2022-02-28,326,St. Pölten,Frauen,40 bis 44 Jahre,B9999,unbestimmt (nur Pst),2,40,44
1024575,2022-02-28,326,St. Pölten,Männer,bis 19 Jahre,B9999,unbestimmt (nur Pst),20,0,19
1024612,2022-02-28,326,St. Pölten,Männer,20 bis 24 Jahre,B9999,unbestimmt (nur Pst),4,20,24
1024654,2022-02-28,326,St. Pölten,Männer,25 bis 29 Jahre,B9999,unbestimmt (nur Pst),1,25,29
1024801,2022-02-28,326,St. Pölten,Männer,55 bis 59 Jahre,B9999,unbestimmt (nur Pst),1,55,59
1024872,2022-02-28,328,Scheibbs,Männer,bis 19 Jahre,B9999,unbestimmt (nur Pst),3,0,19
1024947,2022-02-28,329,Schwechat,Frauen,bis 19 Jahre,B9999,unbestimmt (nur Pst),2,0,19
1024969,2022-02-28,329,Schwechat,Frauen,20 bis 24 Jahre,B9999,unbestimmt (nur Pst),1,20,24
1025087,2022-02-28,329,Schwechat,Männer,bis 19 Jahre,B9999,unbestimmt (nur Pst),1,0,19
1025208,2022-02-28,331,Tulln,Frauen,bis 19 Jahre,B9999,unbestimmt (nur Pst),6,0,19
1025227,2022-02-28,331,Tulln,Frauen,20 bis 24 Jahre,B9999,unbestimmt (nur Pst),3,20,24
1025308,2022-02-28,331,Tulln,Frauen,40 bis 44 Jahre,B9999,unbestimmt (nur Pst),1,40,44
1025361,2022-02-28,331,Tulln,Männer,bis 19 Jahre,B9999,unbestimmt (nur Pst),9,0,19
1025383,2022-02-28,331,Tulln,Männer,20 bis 24 Jahre,B9999,unbestimmt (nur Pst),2,20,24
1025398,2022-02-28,331,Tulln,Männer,25 bis 29 Jahre,B9999,unbestimmt (nur Pst),1,25,29
1025496,2022-02-28,332,Waidhofen/Thaya,Frauen,bis 19 Jahre,B9999,unbestimmt (nur Pst),2,0,19
1025511,2022-02-28,332,Waidhofen/Thaya,Frauen,20 bis 24 Jahre,B9999,unbestimmt (nur Pst),1,20,24
1025561,2022-02-28,332,Waidhofen/Thaya,Männer,bis 19 Jahre,B9999,unbestimmt (nur Pst),1,0,19
1025571,2022-02-28,332,Waidhofen/Thaya,Männer,20 bis 24 Jahre,B9999,unbestimmt (nur Pst),3,20,24
1025610,2022-02-28,333,Waidhofen/Ybbs,Frauen,bis 19 Jahre,B9999,unbestimmt (nur Pst),5,0,19
1025655,2022-02-28,333,Waidhofen/Ybbs,Männer,bis 19 Jahre,B9999,unbestimmt (nur Pst),4,0,19
1025662,2022-02-28,333,Waidhofen/Ybbs,Männer,20 bis 24 Jahre,B9999,unbestimmt (nur Pst),1,20,24
1025708,2022-02-28,334,Wr. Neustadt,Frauen,bis 19 Jahre,B9999,unbestimmt (nur Pst),2,0,19
1025918,2022-02-28,334,Wr. Neustadt,Männer,bis 19 Jahre,B9999,unbestimmt (nur Pst),2,0,19
1026173,2022-02-28,335,Zwettl,Frauen,25 bis 29 Jahre,B9999,unbestimmt (nur Pst),1,25,29
1026230,2022-02-28,335,Zwettl,Männer,30 bis 34 Jahre,B9999,unbestimmt (nur Pst),1,30,34
1026268,2022-02-28,401,Braunau,Frauen,bis 19 Jahre,B9999,unbestimmt (nur Pst),16,0,19
1026290,2022-02-28,401,Braunau,Frauen,20 bis 24 Jahre,B9999,unbestimmt (nur Pst),6,20,24
1026311,2022-02-28,401,Braunau,Frauen,25 bis 29 Jahre,B9999,unbestimmt (nur Pst),2,25,29
1026334,2022-02-28,401,Braunau,Frauen,30 bis 34 Jahre,B9999,unbestimmt (nur Pst),2,30,34
1026397,2022-02-28,401,Braunau,Frauen,45 bis 49 Jahre,B9999,unbestimmt (nur Pst),2,45,49
1026410,2022-02-28,401,Braunau,Frauen,50 bis 54 Jahre,B9999,unbestimmt (nur Pst),1,50,54
1026436,2022-02-28,401,Braunau,Männer,bis 19 Jahre,B9999,unbestimmt (nur Pst),19,0,19
1026467,2022-02-28,401,Braunau,Männer,20 bis 24 Jahre,B9999,unbestimmt (nur Pst),4,20,24
1026485,2022-02-28,401,Braunau,Männer,25 bis 29 Jahre,B9999,unbestimmt (nur Pst),1,25,29
1026504,2022-02-28,401,Braunau,Männer,30 bis 34 Jahre,B9999,unbestimmt (nur Pst),1,30,34
1026556,2022-02-28,401,Braunau,Männer,45 bis 49 Jahre,B9999,unbestimmt (nur Pst),1,45,49
1026592,2022-02-28,402,Eferding,Frauen,bis 19 Jahre,B9999,unbestimmt (nur Pst),2,0,19
1026610,2022-02-28,402,Eferding,Frauen,25 bis 29 Jahre,B9999,unbestimmt (nur Pst),1,25,29
1026633,2022-02-28,402,Eferding,Frauen,40 bis 44 Jahre,B9999,unbestimmt (nur Pst),1,40,44
1026664,2022-02-28,402,Eferding,Männer,20 bis 24 Jahre,B9999,unbestimmt (nur Pst),1,20,24
1026692,2022-02-28,402,Eferding,Männer,45 bis 49 Jahre,B9999,unbestimmt (nur Pst),1,45,49
1026706,2022-02-28,402,Eferding,Männer,55 bis 59 Jahre,B9999,unbestimmt (nur Pst),1,55,59
1026717,2022-02-28,403,Freistadt,Frauen,bis 19 Jahre,B9999,unbestimmt (nur Pst),1,0,19
1026750,2022-02-28,403,Freistadt,Frauen,25 bis 29 Jahre,B9999,unbestimmt (nur Pst),1,25,29
1026851,2022-02-28,403,Freistadt,Männer,20 bis 24 Jahre,B9999,unbestimmt (nur Pst),1,20,24
1026923,2022-02-28,403,Freistadt,Männer,60 bis 64 Jahre,B9999,unbestimmt (nur Pst),1,60,64
1026940,2022-02-28,404,Gmunden,Frauen,bis 19 Jahre,B9999,unbestimmt (nur Pst),3,0,19
1027123,2022-02-28,404,Gmunden,Männer,bis 19 Jahre,B9999,unbestimmt (nur Pst),8,0,19
1027190,2022-02-28,404,Gmunden,Männer,30 bis 34 Jahre,B9999,unbestimmt (nur Pst),1,30,34
1027298,2022-02-28,406,Grieskirchen,Frauen,bis 19 Jahre,B9999,unbestimmt (nur Pst),1,0,19
1027389,2022-02-28,406,Grieskirchen,Frauen,50 bis 54 Jahre,B9999,unbestimmt (nur Pst),1,50,54
1027407,2022-02-28,406,Grieskirchen,Männer,bis 19 Jahre,B9999,unbestimmt (nur Pst),1,0,19
1027483,2022-02-28,407,Kirchdorf/Krems,Frauen,bis 19 Jahre,B9999,unbestimmt (nur Pst),1,0,19
1027520,2022-02-28,407,Kirchdorf/Krems,Frauen,25 bis 29 Jahre,B9999,unbestimmt (nur Pst),1,25,29
1027602,2022-02-28,407,Kirchdorf/Krems,Männer,bis 19 Jahre,B9999,unbestimmt (nur Pst),2,0,19
1027731,2022-02-28,409,Linz neu,Frauen,bis 19 Jahre,B9999,unbestimmt (nur Pst),33,0,19
1027775,2022-02-28,409,Linz neu,Frauen,20 bis 24 Jahre,B9999,unbestimmt (nur Pst),14,20,24
1027819,2022-02-28,409,Linz neu,Frauen,25 bis 29 Jahre,B9999,unbestimmt (nur Pst),7,25,29
1027864,2022-02-28,409,Linz neu,Frauen,30 bis 34 Jahre,B9999,unbestimmt (nur Pst),8,30,34
1027916,2022-02-28,409,Linz neu,Frauen,35 bis 39 Jahre,B9999,unbestimmt (nur Pst),2,35,39
1027988,2022-02-28,409,Linz neu,Frauen,45 bis 49 Jahre,B9999,unbestimmt (nur Pst),1,45,49
1028072,2022-02-28,409,Linz neu,Männer,bis 19 Jahre,B9999,unbestimmt (nur Pst),29,0,19
1028123,2022-02-28,409,Linz neu,Männer,20 bis 24 Jahre,B9999,unbestimmt (nur Pst),15,20,24
1028183,2022-02-28,409,Linz neu,Männer,25 bis 29 Jahre,B9999,unbestimmt (nur Pst),5,25,29
1028233,2022-02-28,409,Linz neu,Männer,30 bis 34 Jahre,B9999,unbestimmt (nur Pst),3,30,34
1028289,2022-02-28,409,Linz neu,Männer,35 bis 39 Jahre,B9999,unbestimmt (nur Pst),3,35,39
1028329,2022-02-28,409,Linz neu,Männer,40 bis 44 Jahre,B9999,unbestimmt (nur Pst),1,40,44
1028372,2022-02-28,409,Linz neu,Männer,45 bis 49 Jahre,B9999,unbestimmt (nur Pst),1,45,49
1028457,2022-02-28,411,Perg,Frauen,20 bis 24 Jahre,B9999,unbestimmt (nur Pst),2,20,24
1028587,2022-02-28,411,Perg,Männer,20 bis 24 Jahre,B9999,unbestimmt (nur Pst),2,20,24
1028685,2022-02-28,412,Ried im Innkreis,Frauen,bis 19 Jahre,B9999,unbestimmt (nur Pst),12,0,19
1028706,2022-02-28,412,Ried im Innkreis,Frauen,20 bis 24 Jahre,B9999,unbestimmt (nur Pst),2,20,24
1028725,2022-02-28,412,Ried im Innkreis,Frauen,25 bis 29 Jahre,B9999,unbestimmt (nur Pst),2,25,29
1028741,2022-02-28,412,Ried im Innkreis,Frauen,30 bis 34 Jahre,B9999,unbestimmt (nur Pst),1,30,34
1028775,2022-02-28,412,Ried im Innkreis,Frauen,40 bis 44 Jahre,B9999,unbestimmt (nur Pst),2,40,44
1028824,2022-02-28,412,Ried im Innkreis,Männer,bis 19 Jahre,B9999,unbestimmt (nur Pst),5,0,19
1028850,2022-02-28,412,Ried im Innkreis,Männer,20 bis 24 Jahre,B9999,unbestimmt (nur Pst),2,20,24
1028885,2022-02-28,412,Ried im Innkreis,Männer,30 bis 34 Jahre,B9999,unbestimmt (nur Pst),1,30,34
1028928,2022-02-28,412,Ried im Innkreis,Männer,55 bis 59 Jahre,B9999,unbestimmt (nur Pst),1,55,59
1028941,2022-02-28,413,Rohrbach,Frauen,bis 19 Jahre,B9999,unbestimmt (nur Pst),2,0,19
1028952,2022-02-28,413,Rohrbach,Frauen,20 bis 24 Jahre,B9999,unbestimmt (nur Pst),1,20,24
1028966,2022-02-28,413,Rohrbach,Frauen,25 bis 29 Jahre,B9999,unbestimmt (nur Pst),2,25,29
1029017,2022-02-28,413,Rohrbach,Männer,bis 19 Jahre,B9999,unbestimmt (nur Pst),1,0,19
1029028,2022-02-28,413,Rohrbach,Männer,20 bis 24 Jahre,B9999,unbestimmt (nur Pst),2,20,24
1029064,2022-02-28,413,Rohrbach,Männer,40 bis 44 Jahre,B9999,unbestimmt (nur Pst),2,40,44
1029085,2022-02-28,414,Schärding,Frauen,bis 19 Jahre,B9999,unbestimmt (nur Pst),2,0,19
1029170,2022-02-28,414,Schärding,Männer,bis 19 Jahre,B9999,unbestimmt (nur Pst),1,0,19
1029256,2022-02-28,415,Steyr,Frauen,bis 19 Jahre,B9999,unbestimmt (nur Pst),11,0,19
1029288,2022-02-28,415,Steyr,Frauen,20 bis 24 Jahre,B9999,unbestimmt (nur Pst),1,20,24
1029338,2022-02-28,415,Steyr,Frauen,30 bis 34 Jahre,B9999,unbestimmt (nur Pst),4,30,34
1029359,2022-02-28,415,Steyr,Frauen,35 bis 39 Jahre,B9999,unbestimmt (nur Pst),1,35,39
1029377,2022-02-28,415,Steyr,Frauen,40 bis 44 Jahre,B9999,unbestimmt (nur Pst),1,40,44
1029446,2022-02-28,415,Steyr,Männer,bis 19 Jahre,B9999,unbestimmt (nur Pst),14,0,19
1029475,2022-02-28,415,Steyr,Männer,20 bis 24 Jahre,B9999,unbestimmt (nur Pst),2,20,24
1029502,2022-02-28,415,Steyr,Männer,25 bis 29 Jahre,B9999,unbestimmt (nur Pst),1,25,29
1029631,2022-02-28,418,Vöcklabruck,Frauen,bis 19 Jahre,B9999,unbestimmt (nur Pst),4,0,19
1029654,2022-02-28,418,Vöcklabruck,Frauen,20 bis 24 Jahre,B9999,unbestimmt (nur Pst),1,20,24
1029742,2022-02-28,418,Vöcklabruck,Frauen,40 bis 44 Jahre,B9999,unbestimmt (nur Pst),1,40,44
1029809,2022-02-28,418,Vöcklabruck,Männer,bis 19 Jahre,B9999,unbestimmt (nur Pst),4,0,19
1029832,2022-02-28,418,Vöcklabruck,Männer,20 bis 24 Jahre,B9999,unbestimmt (nur Pst),1,20,24
1030019,2022-02-28,419,Wels,Frauen,20 bis 24 Jahre,B9999,unbestimmt (nur Pst),1,20,24
1030201,2022-02-28,419,Wels,Männer,bis 19 Jahre,B9999,unbestimmt (nur Pst),1,0,19
1030281,2022-02-28,419,Wels,Männer,30 bis 34 Jahre,B9999,unbestimmt (nur Pst),1,30,34
1030383,2022-02-28,421,Traun,Frauen,bis 19 Jahre,B9999,unbestimmt (nur Pst),4,0,19
1030441,2022-02-28,421,Traun,Frauen,25 bis 29 Jahre,B9999,unbestimmt (nur Pst),1,25,29
1030469,2022-02-28,421,Traun,Frauen,30 bis 34 Jahre,B9999,unbestimmt (nur Pst),1,30,34
1030495,2022-02-28,421,Traun,Frauen,35 bis 39 Jahre,B9999,unbestimmt (nur Pst),4,35,39
1030524,2022-02-28,421,Traun,Frauen,40 bis 44 Jahre,B9999,unbestimmt (nur Pst),1,40,44
1030615,2022-02-28,421,Traun,Männer,bis 19 Jahre,B9999,unbestimmt (nur Pst),1,0,19
1030761,2022-02-28,421,Traun,Männer,40 bis 44 Jahre,B9999,unbestimmt (nur Pst),1,40,44
1030835,2022-02-28,501,Bischofshofen,Frauen,bis 19 Jahre,B9999,unbestimmt (nur Pst),1,0,19
1030854,2022-02-28,501,Bischofshofen,Frauen,20 bis 24 Jahre,B9999,unbestimmt (nur Pst),1,20,24
1030945,2022-02-28,501,Bischofshofen,Frauen,45 bis 49 Jahre,B9999,unbestimmt (nur Pst),1,45,49
1031067,2022-02-28,503,Hallein,Frauen,bis 19 Jahre,B9999,unbestimmt (nur Pst),1,0,19
1031158,2022-02-28,503,Hallein,Männer,bis 19 Jahre,B9999,unbestimmt (nur Pst),4,0,19
1031283,2022-02-28,504,Salzburg,Frauen,20 bis 24 Jahre,B9999,unbestimmt (nur Pst),1,20,24
1031402,2022-02-28,504,Salzburg,Frauen,35 bis 39 Jahre,B9999,unbestimmt (nur Pst),1,35,39
1031592,2022-02-28,504,Salzburg,Männer,20 bis 24 Jahre,B9999,unbestimmt (nur Pst),1,20,24
1031643,2022-02-28,504,Salzburg,Männer,25 bis 29 Jahre,B9999,unbestimmt (nur Pst),1,25,29
1031806,2022-02-28,504,Salzburg,Männer,50 bis 54 Jahre,B9999,unbestimmt (nur Pst),2,50,54
1031866,2022-02-28,505,Tamsweg,Männer,25 bis 29 Jahre,B9999,unbestimmt (nur Pst),1,25,29
1031886,2022-02-28,506,Zell am See,Frauen,bis 19 Jahre,B9999,unbestimmt (nur Pst),1,0,19
1031976,2022-02-28,506,Zell am See,Männer,bis 19 Jahre,B9999,unbestimmt (nur Pst),3,0,19
1031998,2022-02-28,506,Zell am See,Männer,25 bis 29 Jahre,B9999,unbestimmt (nur Pst),1,25,29
1032010,2022-02-28,506,Zell am See,Männer,30 bis 34 Jahre,B9999,unbestimmt (nur Pst),1,30,34
1032060,2022-02-28,601,Bruck/Mur,Frauen,bis 19 Jahre,B9999,unbestimmt (nur Pst),6,0,19
1032087,2022-02-28,601,Bruck/Mur,Frauen,20 bis 24 Jahre,B9999,unbestimmt (nur Pst),1,20,24
1032207,2022-02-28,601,Bruck/Mur,Männer,bis 19 Jahre,B9999,unbestimmt (nur Pst),8,0,19
1032232,2022-02-28,601,Bruck/Mur,Männer,20 bis 24 Jahre,B9999,unbestimmt (nur Pst),1,20,24
1032357,2022-02-28,603,Deutschlandsberg,Frauen,20 bis 24 Jahre,B9999,unbestimmt (nur Pst),2,20,24
1032578,2022-02-28,604,Feldbach,Frauen,bis 19 Jahre,B9999,unbestimmt (nur Pst),1,0,19
1032665,2022-02-28,604,Feldbach,Frauen,40 bis 44 Jahre,B9999,unbestimmt (nur Pst),1,40,44
1032719,2022-02-28,604,Feldbach,Männer,bis 19 Jahre,B9999,unbestimmt (nur Pst),1,0,19
1032759,2022-02-28,604,Feldbach,Männer,25 bis 29 Jahre,B9999,unbestimmt (nur Pst),1,25,29
1032867,2022-02-28,606,Gleisdorf,Frauen,bis 19 Jahre,B9999,unbestimmt (nur Pst),2,0,19
1032881,2022-02-28,606,Gleisdorf,Frauen,20 bis 24 Jahre,B9999,unbestimmt (nur Pst),2,20,24
1032980,2022-02-28,606,Gleisdorf,Männer,20 bis 24 Jahre,B9999,unbestimmt (nur Pst),1,20,24
1033043,2022-02-28,609,Hartberg,Frauen,bis 19 Jahre,B9999,unbestimmt (nur Pst),2,0,19
1033082,2022-02-28,609,Hartberg,Frauen,25 bis 29 Jahre,B9999,unbestimmt (nur Pst),1,25,29
1033177,2022-02-28,609,Hartberg,Frauen,50 bis 54 Jahre,B9999,unbestimmt (nur Pst),1,50,54
1033207,2022-02-28,609,Hartberg,Männer,bis 19 Jahre,B9999,unbestimmt (nur Pst),4,0,19
1033233,2022-02-28,609,Hartberg,Männer,20 bis 24 Jahre,B9999,unbestimmt (nur Pst),2,20,24
1033374,2022-02-28,610,Judenburg,Frauen,bis 19 Jahre,B9999,unbestimmt (nur Pst),1,0,19
1033504,2022-02-28,610,Judenburg,Männer,bis 19 Jahre,B9999,unbestimmt (nur Pst),1,0,19
1033520,2022-02-28,610,Judenburg,Männer,20 bis 24 Jahre,B9999,unbestimmt (nur Pst),1,20,24
1033713,2022-02-28,614,Leibnitz,Frauen,bis 19 Jahre,B9999,unbestimmt (nur Pst),3,0,19
1033759,2022-02-28,614,Leibnitz,Frauen,25 bis 29 Jahre,B9999,unbestimmt (nur Pst),1,25,29
1033910,2022-02-28,614,Leibnitz,Männer,20 bis 24 Jahre,B9999,unbestimmt (nur Pst),3,20,24
1033945,2022-02-28,614,Leibnitz,Männer,30 bis 34 Jahre,B9999,unbestimmt (nur Pst),1,30,34
1034025,2022-02-28,616,Leoben,Frauen,bis 19 Jahre,B9999,unbestimmt (nur Pst),1,0,19
1034047,2022-02-28,616,Leoben,Frauen,20 bis 24 Jahre,B9999,unbestimmt (nur Pst),1,20,24
1034066,2022-02-28,616,Leoben,Frauen,25 bis 29 Jahre,B9999,unbestimmt (nur Pst),2,25,29
1034112,2022-02-28,616,Leoben,Frauen,40 bis 44 Jahre,B9999,unbestimmt (nur Pst),1,40,44
1034158,2022-02-28,616,Leoben,Männer,bis 19 Jahre,B9999,unbestimmt (nur Pst),3,0,19
1034182,2022-02-28,616,Leoben,Männer,20 bis 24 Jahre,B9999,unbestimmt (nur Pst),1,20,24
1034205,2022-02-28,616,Leoben,Männer,25 bis 29 Jahre,B9999,unbestimmt (nur Pst),1,25,29
1034417,2022-02-28,618,Liezen,Männer,bis 19 Jahre,B9999,unbestimmt (nur Pst),1,0,19
1034525,2022-02-28,621,Mürzzuschlag,Frauen,bis 19 Jahre,B9999,unbestimmt (nur Pst),2,0,19
1034538,2022-02-28,621,Mürzzuschlag,Frauen,20 bis 24 Jahre,B9999,unbestimmt (nur Pst),2,20,24
1034611,2022-02-28,621,Mürzzuschlag,Männer,bis 19 Jahre,B9999,unbestimmt (nur Pst),6,0,19
1034625,2022-02-28,621,Mürzzuschlag,Männer,20 bis 24 Jahre,B9999,unbestimmt (nur Pst),2,20,24
1034728,2022-02-28,622,Voitsberg,Frauen,20 bis 24 Jahre,B9999,unbestimmt (nur Pst),1,20,24
1034828,2022-02-28,622,Voitsberg,Männer,bis 19 Jahre,B9999,unbestimmt (nur Pst),2,0,19
1034923,2022-02-28,623,Weiz,Frauen,bis 19 Jahre,B9999,unbestimmt (nur Pst),2,0,19
1034946,2022-02-28,623,Weiz,Frauen,30 bis 34 Jahre,B9999,unbestimmt (nur Pst),1,30,34
1034957,2022-02-28,623,Weiz,Frauen,35 bis 39 Jahre,B9999,unbestimmt (nur Pst),1,35,39
1034979,2022-02-28,623,Weiz,Frauen,50 bis 54 Jahre,B9999,unbestimmt (nur Pst),1,50,54
1035023,2022-02-28,623,Weiz,Männer,30 bis 34 Jahre,B9999,unbestimmt (nur Pst),1,30,34
1035036,2022-02-28,623,Weiz,Männer,40 bis 44 Jahre,B9999,unbestimmt (nur Pst),1,40,44
1035044,2022-02-28,623,Weiz,Männer,50 bis 54 Jahre,B9999,unbestimmt (nur Pst),1,50,54
1035096,2022-02-28,630,Graz-West und Umgebung,Frauen,bis 19 Jahre,B9999,unbestimmt (nur Pst),10,0,19
1035149,2022-02-28,630,Graz-West und Umgebung,Frauen,20 bis 24 Jahre,B9999,unbestimmt (nur Pst),5,20,24
1035199,2022-02-28,630,Graz-West und Umgebung,Frauen,25 bis 29 Jahre,B9999,unbestimmt (nur Pst),2,25,29
1035254,2022-02-28,630,Graz-West und Umgebung,Frauen,30 bis 34 Jahre,B9999,unbestimmt (nur Pst),2,30,34
1035305,2022-02-28,630,Graz-West und Umgebung,Frauen,35 bis 39 Jahre,B9999,unbestimmt (nur Pst),1,35,39
1035484,2022-02-28,630,Graz-West und Umgebung,Männer,bis 19 Jahre,B9999,unbestimmt (nur Pst),8,0,19
1035547,2022-02-28,630,Graz-West und Umgebung,Männer,20 bis 24 Jahre,B9999,unbestimmt (nur Pst),1,20,24
1035614,2022-02-28,630,Graz-West und Umgebung,Männer,25 bis 29 Jahre,B9999,unbestimmt (nur Pst),2,25,29
1035819,2022-02-28,630,Graz-West und Umgebung,Männer,50 bis 54 Jahre,B9999,unbestimmt (nur Pst),1,50,54
1035870,2022-02-28,631,Graz-Ost,Frauen,bis 19 Jahre,B9999,unbestimmt (nur Pst),3,0,19
1035903,2022-02-28,631,Graz-Ost,Frauen,20 bis 24 Jahre,B9999,unbestimmt (nur Pst),4,20,24
1035947,2022-02-28,631,Graz-Ost,Frauen,25 bis 29 Jahre,B9999,unbestimmt (nur Pst),1,25,29
1035992,2022-02-28,631,Graz-Ost,Frauen,30 bis 34 Jahre,B9999,unbestimmt (nur Pst),2,30,34
1036038,2022-02-28,631,Graz-Ost,Frauen,35 bis 39 Jahre,B9999,unbestimmt (nur Pst),1,35,39
1036073,2022-02-28,631,Graz-Ost,Frauen,40 bis 44 Jahre,B9999,unbestimmt (nur Pst),1,40,44
1036164,2022-02-28,631,Graz-Ost,Männer,bis 19 Jahre,B9999,unbestimmt (nur Pst),8,0,19
1036213,2022-02-28,631,Graz-Ost,Männer,20 bis 24 Jahre,B9999,unbestimmt (nur Pst),3,20,24
1036251,2022-02-28,631,Graz-Ost,Männer,25 bis 29 Jahre,B9999,unbestimmt (nur Pst),3,25,29
1036425,2022-02-28,701,Imst,Frauen,bis 19 Jahre,B9999,unbestimmt (nur Pst),2,0,19
1036449,2022-02-28,701,Imst,Frauen,30 bis 34 Jahre,B9999,unbestimmt (nur Pst),1,30,34
1036459,2022-02-28,701,Imst,Frauen,35 bis 39 Jahre,B9999,unbestimmt (nur Pst),1,35,39
1036496,2022-02-28,701,Imst,Männer,bis 19 Jahre,B9999,unbestimmt (nur Pst),3,0,19
1036509,2022-02-28,701,Imst,Männer,25 bis 29 Jahre,B9999,unbestimmt (nur Pst),1,25,29
1036522,2022-02-28,701,Imst,Männer,35 bis 39 Jahre,B9999,unbestimmt (nur Pst),1,35,39
1036561,2022-02-28,702,Innsbruck,Frauen,bis 19 Jahre,B9999,unbestimmt (nur Pst),1,0,19
1036595,2022-02-28,702,Innsbruck,Frauen,20 bis 24 Jahre,B9999,unbestimmt (nur Pst),2,20,24
1036626,2022-02-28,702,Innsbruck,Frauen,25 bis 29 Jahre,B9999,unbestimmt (nur Pst),1,25,29
1036662,2022-02-28,702,Innsbruck,Frauen,30 bis 34 Jahre,B9999,unbestimmt (nur Pst),1,30,34
1036700,2022-02-28,702,Innsbruck,Frauen,35 bis 39 Jahre,B9999,unbestimmt (nur Pst),4,35,39
1036796,2022-02-28,702,Innsbruck,Frauen,50 bis 54 Jahre,B9999,unbestimmt (nur Pst),1,50,54
1036838,2022-02-28,702,Innsbruck,Männer,bis 19 Jahre,B9999,unbestimmt (nur Pst),3,0,19
1036885,2022-02-28,702,Innsbruck,Männer,20 bis 24 Jahre,B9999,unbestimmt (nur Pst),1,20,24
1037121,2022-02-28,704,Kitzbühel,Frauen,bis 19 Jahre,B9999,unbestimmt (nur Pst),2,0,19
1037218,2022-02-28,705,Kufstein,Frauen,bis 19 Jahre,B9999,unbestimmt (nur Pst),7,0,19
1037231,2022-02-28,705,Kufstein,Frauen,20 bis 24 Jahre,B9999,unbestimmt (nur Pst),1,20,24
1037304,2022-02-28,705,Kufstein,Frauen,45 bis 49 Jahre,B9999,unbestimmt (nur Pst),1,45,49
1037348,2022-02-28,705,Kufstein,Männer,bis 19 Jahre,B9999,unbestimmt (nur Pst),9,0,19
1037383,2022-02-28,705,Kufstein,Männer,25 bis 29 Jahre,B9999,unbestimmt (nur Pst),1,25,29
1037405,2022-02-28,705,Kufstein,Männer,35 bis 39 Jahre,B9999,unbestimmt (nur Pst),2,35,39
1037455,2022-02-28,706,Landeck,Frauen,bis 19 Jahre,B9999,unbestimmt (nur Pst),3,0,19
1037466,2022-02-28,706,Landeck,Frauen,20 bis 24 Jahre,B9999,unbestimmt (nur Pst),1,20,24
1037475,2022-02-28,706,Landeck,Frauen,25 bis 29 Jahre,B9999,unbestimmt (nur Pst),1,25,29
1037536,2022-02-28,707,Lienz,Frauen,bis 19 Jahre,B9999,unbestimmt (nur Pst),4,0,19
1037589,2022-02-28,707,Lienz,Männer,20 bis 24 Jahre,B9999,unbestimmt (nur Pst),1,20,24
1037685,2022-02-28,709,Schwaz,Frauen,bis 19 Jahre,B9999,unbestimmt (nur Pst),1,0,19
1037769,2022-02-28,709,Schwaz,Frauen,45 bis 49 Jahre,B9999,unbestimmt (nur Pst),1,45,49
1037797,2022-02-28,709,Schwaz,Männer,bis 19 Jahre,B9999,unbestimmt (nur Pst),4,0,19
1037809,2022-02-28,709,Schwaz,Männer,20 bis 24 Jahre,B9999,unbestimmt (nur Pst),1,20,24
1037827,2022-02-28,709,Schwaz,Männer,25 bis 29 Jahre,B9999,unbestimmt (nur Pst),1,25,29
1037850,2022-02-28,709,Schwaz,Männer,35 bis 39 Jahre,B9999,unbestimmt (nur Pst),1,35,39
1037857,2022-02-28,709,Schwaz,Männer,40 bis 44 Jahre,B9999,unbestimmt (nur Pst),1,40,44
1037894,2022-02-28,801,Bludenz,Frauen,bis 19 Jahre,B9999,unbestimmt (nur Pst),1,0,19
1037925,2022-02-28,801,Bludenz,Frauen,20 bis 24 Jahre,B9999,unbestimmt (nur Pst),1,20,24
1037944,2022-02-28,801,Bludenz,Frauen,25 bis 29 Jahre,B9999,unbestimmt (nur Pst),1,25,29
1038028,2022-02-28,801,Bludenz,Männer,bis 19 Jahre,B9999,unbestimmt (nur Pst),1,0,19
1038060,2022-02-28,801,Bludenz,Männer,25 bis 29 Jahre,B9999,unbestimmt (nur Pst),1,25,29
1038138,2022-02-28,802,Bregenz,Frauen,bis 19 Jahre,B9999,unbestimmt (nur Pst),3,0,19
1038172,2022-02-28,802,Bregenz,Frauen,20 bis 24 Jahre,B9999,unbestimmt (nur Pst),3,20,24
1038202,2022-02-28,802,Bregenz,Frauen,25 bis 29 Jahre,B9999,unbestimmt (nur Pst),2,25,29
1038229,2022-02-28,802,Bregenz,Frauen,30 bis 34 Jahre,B9999,unbestimmt (nur Pst),1,30,34
1038254,2022-02-28,802,Bregenz,Frauen,35 bis 39 Jahre,B9999,unbestimmt (nur Pst),1,35,39
1038314,2022-02-28,802,Bregenz,Frauen,55 bis 59 Jahre,B9999,unbestimmt (nur Pst),1,55,59
1038347,2022-02-28,802,Bregenz,Männer,bis 19 Jahre,B9999,unbestimmt (nur Pst),3,0,19
1038380,2022-02-28,802,Bregenz,Männer,20 bis 24 Jahre,B9999,unbestimmt (nur Pst),1,20,24
1038450,2022-02-28,802,Bregenz,Männer,35 bis 39 Jahre,B9999,unbestimmt (nur Pst),1,35,39
1038518,2022-02-28,804,Dornbirn,Frauen,bis 19 Jahre,B9999,unbestimmt (nur Pst),2,0,19
1038559,2022-02-28,804,Dornbirn,Frauen,20 bis 24 Jahre,B9999,unbestimmt (nur Pst),3,20,24
1038585,2022-02-28,804,Dornbirn,Frauen,25 bis 29 Jahre,B9999,unbestimmt (nur Pst),1,25,29
1038606,2022-02-28,804,Dornbirn,Frauen,30 bis 34 Jahre,B9999,unbestimmt (nur Pst),1,30,34
1038720,2022-02-28,804,Dornbirn,Männer,bis 19 Jahre,B9999,unbestimmt (nur Pst),2,0,19
1038766,2022-02-28,804,Dornbirn,Männer,25 bis 29 Jahre,B9999,unbestimmt (nur Pst),2,25,29
1038862,2022-02-28,805,Feldkirch,Frauen,bis 19 Jahre,B9999,unbestimmt (nur Pst),3,0,19
1038889,2022-02-28,805,Feldkirch,Frauen,20 bis 24 Jahre,B9999,unbestimmt (nur Pst),7,20,24
1038910,2022-02-28,805,Feldkirch,Frauen,25 bis 29 Jahre,B9999,unbestimmt (nur Pst),5,25,29
1038933,2022-02-28,805,Feldkirch,Frauen,30 bis 34 Jahre,B9999,unbestimmt (nur Pst),1,30,34
1038979,2022-02-28,805,Feldkirch,Frauen,40 bis 44 Jahre,B9999,unbestimmt (nur Pst),1,40,44
1038998,2022-02-28,805,Feldkirch,Frauen,45 bis 49 Jahre,B9999,unbestimmt (nur Pst),1,45,49
1039016,2022-02-28,805,Feldkirch,Frauen,50 bis 54 Jahre,B9999,unbestimmt (nur Pst),1,50,54
1039047,2022-02-28,805,Feldkirch,Männer,bis 19 Jahre,B9999,unbestimmt (nur Pst),9,0,19
1039091,2022-02-28,805,Feldkirch,Männer,20 bis 24 Jahre,B9999,unbestimmt (nur Pst),5,20,24
1039116,2022-02-28,805,Feldkirch,Männer,25 bis 29 Jahre,B9999,unbestimmt (nur Pst),1,25,29
1039137,2022-02-28,805,Feldkirch,Männer,30 bis 34 Jahre,B9999,unbestimmt (nur Pst),1,30,34
1039154,2022-02-28,805,Feldkirch,Männer,35 bis 39 Jahre,B9999,unbestimmt (nur Pst),1,35,39
1039180,2022-02-28,805,Feldkirch,Männer,45 bis 49 Jahre,B9999,unbestimmt (nur Pst),1,45,49
1039188,2022-02-28,805,Feldkirch,Männer,50 bis 54 Jahre,B9999,unbestimmt (nur Pst),1,50,54
1039247,2022-02-28,958,Wien Johnstraße,Frauen,25 bis 29 Jahre,B9999,unbestimmt (nur Pst),2,25,29
1039476,2022-02-28,958,Wien Johnstraße,Männer,25 bis 29 Jahre,B9999,unbestimmt (nur Pst),1,25,29
1039609,2022-02-28,958,Wien Johnstraße,Männer,40 bis 44 Jahre,B9999,unbestimmt (nur Pst),1,40,44
1039738,2022-02-28,959,Wien Hauffgasse,Frauen,25 bis 29 Jahre,B9999,unbestimmt (nur Pst),1,25,29
1040600,2022-02-28,960,Wien Esteplatz,Männer,30 bis 34 Jahre,B9999,unbestimmt (nur Pst),1,30,34
1040979,2022-02-28,962,Wien Redergasse,Frauen,40 bis 44 Jahre,B9999,unbestimmt (nur Pst),1,40,44
1041076,2022-02-28,962,Wien Redergasse,Frauen,55 bis 59 Jahre,B9999,unbestimmt (nur Pst),1,55,59
1041195,2022-02-28,962,Wien Redergasse,Männer,30 bis 34 Jahre,B9999,unbestimmt (nur Pst),1,30,34
1041573,2022-02-28,963,Wien Währinger Gürtel,Frauen,40 bis 44 Jahre,B9999,unbestimmt (nur Pst),1,40,44
1041600,2022-02-28,963,Wien Währinger Gürtel,Frauen,45 bis 49 Jahre,B9999,unbestimmt (nur Pst),1,45,49
1041738,2022-02-28,963,Wien Währinger Gürtel,Männer,30 bis 34 Jahre,B9999,unbestimmt (nur Pst),1,30,34
1042200,2022-02-28,964,Wien Favoritenstraße,Frauen,45 bis 49 Jahre,B9999,unbestimmt (nur Pst),1,45,49
1042270,2022-02-28,964,Wien Favoritenstraße,Frauen,55 bis 59 Jahre,B9999,unbestimmt (nur Pst),1,55,59
1042343,2022-02-28,964,Wien Favoritenstraße,Männer,25 bis 29 Jahre,B9999,unbestimmt (nur Pst),3,25,29
1042422,2022-02-28,964,Wien Favoritenstraße,Männer,30 bis 34 Jahre,B9999,unbestimmt (nur Pst),4,30,34
1042489,2022-02-28,964,Wien Favoritenstraße,Männer,35 bis 39 Jahre,B9999,unbestimmt (nur Pst),2,35,39
1042615,2022-02-28,964,Wien Favoritenstraße,Männer,45 bis 49 Jahre,B9999,unbestimmt (nur Pst),2,45,49
1043175,2022-02-28,965,Wien Schönbrunner Straße,Männer,25 bis 29 Jahre,B9999,unbestimmt (nur Pst),2,25,29
1043245,2022-02-28,965,Wien Schönbrunner Straße,Männer,30 bis 34 Jahre,B9999,unbestimmt (nur Pst),1,30,34
1043376,2022-02-28,965,Wien Schönbrunner Straße,Männer,40 bis 44 Jahre,B9999,unbestimmt (nur Pst),1,40,44
1043427,2022-02-28,965,Wien Schönbrunner Straße,Männer,45 bis 49 Jahre,B9999,unbestimmt (nur Pst),1,45,49
1043474,2022-02-28,965,Wien Schönbrunner Straße,Männer,50 bis 54 Jahre,B9999,unbestimmt (nur Pst),1,50,54
1043581,2022-02-28,966,Wien Hietzinger Kai,Frauen,25 bis 29 Jahre,B9999,unbestimmt (nur Pst),1,25,29
1043722,2022-02-28,966,Wien Hietzinger Kai,Frauen,40 bis 44 Jahre,B9999,unbestimmt (nur Pst),1,40,44
1044182,2022-02-28,967,Wien Huttengasse,Frauen,25 bis 29 Jahre,B9999,unbestimmt (nur Pst),2,25,29
1044360,2022-02-28,967,Wien Huttengasse,Frauen,40 bis 44 Jahre,B9999,unbestimmt (nur Pst),1,40,44
1044406,2022-02-28,967,Wien Huttengasse,Frauen,45 bis 49 Jahre,B9999,unbestimmt (nur Pst),2,45,49
1044623,2022-02-28,967,Wien Huttengasse,Männer,30 bis 34 Jahre,B9999,unbestimmt (nur Pst),2,30,34
1045056,2022-02-28,968,Wien Schloßhofer Straße,Frauen,35 bis 39 Jahre,B9999,unbestimmt (nur Pst),1,35,39
1045114,2022-02-28,968,Wien Schloßhofer Straße,Frauen,40 bis 44 Jahre,B9999,unbestimmt (nur Pst),1,40,44
1045483,2022-02-28,968,Wien Schloßhofer Straße,Männer,50 bis 54 Jahre,B9999,unbestimmt (nur Pst),1,50,54
1046616,2022-02-28,974,Wien Austria Campus,Männer,40 bis 44 Jahre,B9999,unbestimmt (nur Pst),1,40,44
1046774,2022-02-28,975,Wien Jäger Straße,Frauen,30 bis 34 Jahre,B9999,unbestimmt (nur Pst),1,30,34
1047044,2022-02-28,975,Wien Jäger Straße,Männer,30 bis 34 Jahre,B9999,unbestimmt (nur Pst),1,30,34
1047299,2022-02-28,976,Wien Jugendliche I,Frauen,bis 19 Jahre,B9999,unbestimmt (nur Pst),10,0,19
1047396,2022-02-28,976,Wien Jugendliche I,Frauen,20 bis 24 Jahre,B9999,unbestimmt (nur Pst),8,20,24
1047502,2022-02-28,976,Wien Jugendliche I,Männer,bis 19 Jahre,B9999,unbestimmt (nur Pst),10,0,19
1047643,2022-02-28,976,Wien Jugendliche I,Männer,20 bis 24 Jahre,B9999,unbestimmt (nur Pst),11,20,24
1047670,2022-02-28,976,Wien Jugendliche I,Männer,25 bis 29 Jahre,B9999,unbestimmt (nur Pst),1,25,29
1047739,2022-02-28,977,Wien Jugendliche II,Frauen,bis 19 Jahre,B9999,unbestimmt (nur Pst),20,0,19
1047848,2022-02-28,977,Wien Jugendliche II,Frauen,20 bis 24 Jahre,B9999,unbestimmt (nur Pst),7,20,24
1047962,2022-02-28,977,Wien Jugendliche II,Männer,bis 19 Jahre,B9999,unbestimmt (nur Pst),12,0,19
1048095,2022-02-28,977,Wien Jugendliche II,Männer,20 bis 24 Jahre,B9999,unbestimmt (nur Pst),6,20,24
1048265,2022-03-31,101,Eisenstadt,Männer,bis 19 Jahre,B9999,unbestimmt (nur Pst),2,0,19
1048371,2022-03-31,102,Mattersburg,Frauen,bis 19 Jahre,B9999,unbestimmt (nur Pst),1,0,19
1048382,2022-03-31,102,Mattersburg,Frauen,20 bis 24 Jahre,B9999,unbestimmt (nur Pst),1,20,24
1048416,2022-03-31,102,Mattersburg,Frauen,45 bis 49 Jahre,B9999,unbestimmt (nur Pst),1,45,49
1048439,2022-03-31,102,Mattersburg,Männer,bis 19 Jahre,B9999,unbestimmt (nur Pst),3,0,19
1048453,2022-03-31,102,Mattersburg,Männer,25 bis 29 Jahre,B9999,unbestimmt (nur Pst),1,25,29
1048607,2022-03-31,103,Neusiedl am See,Männer,40 bis 44 Jahre,B9999,unbestimmt (nur Pst),1,40,44
1048793,2022-03-31,105,Oberwart,Frauen,bis 19 Jahre,B9999,unbestimmt (nur Pst),1,0,19
1048844,2022-03-31,105,Oberwart,Frauen,30 bis 34 Jahre,B9999,unbestimmt (nur Pst),1,30,34
1048931,2022-03-31,105,Oberwart,Männer,bis 19 Jahre,B9999,unbestimmt (nur Pst),1,0,19
1049044,2022-03-31,106,Stegersbach,Frauen,bis 19 Jahre,B9999,unbestimmt (nur Pst),1,0,19
1049130,2022-03-31,106,Stegersbach,Männer,bis 19 Jahre,B9999,unbestimmt (nur Pst),1,0,19
1049351,2022-03-31,201,Feldkirchen,Männer,bis 19 Jahre,B9999,unbestimmt (nur Pst),1,0,19
1049435,2022-03-31,203,Klagenfurt,Frauen,bis 19 Jahre,B9999,unbestimmt (nur Pst),2,0,19
1049491,2022-03-31,203,Klagenfurt,Frauen,25 bis 29 Jahre,B9999,unbestimmt (nur Pst),2,25,29
1049518,2022-03-31,203,Klagenfurt,Frauen,30 bis 34 Jahre,B9999,unbestimmt (nur Pst),1,30,34
1049546,2022-03-31,203,Klagenfurt,Frauen,35 bis 39 Jahre,B9999,unbestimmt (nur Pst),1,35,39
1049570,2022-03-31,203,Klagenfurt,Frauen,40 bis 44 Jahre,B9999,unbestimmt (nur Pst),3,40,44
1049601,2022-03-31,203,Klagenfurt,Frauen,45 bis 49 Jahre,B9999,unbestimmt (nur Pst),1,45,49
1049661,2022-03-31,203,Klagenfurt,Männer,bis 19 Jahre,B9999,unbestimmt (nur Pst),3,0,19
1049716,2022-03-31,203,Klagenfurt,Männer,25 bis 29 Jahre,B9999,unbestimmt (nur Pst),1,25,29
1049749,2022-03-31,203,Klagenfurt,Männer,30 bis 34 Jahre,B9999,unbestimmt (nur Pst),1,30,34
1049790,2022-03-31,203,Klagenfurt,Männer,40 bis 44 Jahre,B9999,unbestimmt (nur Pst),2,40,44
1049829,2022-03-31,203,Klagenfurt,Männer,50 bis 54 Jahre,B9999,unbestimmt (nur Pst),2,50,54
1049841,2022-03-31,203,Klagenfurt,Männer,55 bis 59 Jahre,B9999,unbestimmt (nur Pst),1,55,59
1049858,2022-03-31,204,Spittal/Drau,Frauen,bis 19 Jahre,B9999,unbestimmt (nur Pst),2,0,19
1049965,2022-03-31,204,Spittal/Drau,Männer,bis 19 Jahre,B9999,unbestimmt (nur Pst),1,0,19
1050424,2022-03-31,206,Villach,Frauen,45 bis 49 Jahre,B9999,unbestimmt (nur Pst),1,45,49
1050569,2022-03-31,206,Villach,Männer,35 bis 39 Jahre,B9999,unbestimmt (nur Pst),1,35,39
1050710,2022-03-31,207,Völkermarkt,Frauen,55 bis 59 Jahre,B9999,unbestimmt (nur Pst),1,55,59
1050724,2022-03-31,207,Völkermarkt,Männer,bis 19 Jahre,B9999,unbestimmt (nur Pst),1,0,19
1050755,2022-03-31,207,Völkermarkt,Männer,30 bis 34 Jahre,B9999,unbestimmt (nur Pst),1,30,34
1050830,2022-03-31,208,Wolfsberg,Frauen,25 bis 29 Jahre,B9999,unbestimmt (nur Pst),1,25,29
1050905,2022-03-31,208,Wolfsberg,Männer,bis 19 Jahre,B9999,unbestimmt (nur Pst),1,0,19
1050925,2022-03-31,208,Wolfsberg,Männer,20 bis 24 Jahre,B9999,unbestimmt (nur Pst),1,20,24
1051003,2022-03-31,301,Amstetten,Frauen,bis 19 Jahre,B9999,unbestimmt (nur Pst),7,0,19
1051026,2022-03-31,301,Amstetten,Frauen,20 bis 24 Jahre,B9999,unbestimmt (nur Pst),3,20,24
1051043,2022-03-31,301,Amstetten,Frauen,25 bis 29 Jahre,B9999,unbestimmt (nur Pst),3,25,29
1051154,2022-03-31,301,Amstetten,Männer,bis 19 Jahre,B9999,unbestimmt (nur Pst),7,0,19
1051190,2022-03-31,301,Amstetten,Männer,25 bis 29 Jahre,B9999,unbestimmt (nur Pst),2,25,29
1051210,2022-03-31,301,Amstetten,Männer,30 bis 34 Jahre,B9999,unbestimmt (nur Pst),1,30,34
1051309,2022-03-31,304,Baden neu,Frauen,bis 19 Jahre,B9999,unbestimmt (nur Pst),1,0,19
1051338,2022-03-31,304,Baden neu,Frauen,20 bis 24 Jahre,B9999,unbestimmt (nur Pst),4,20,24
1051362,2022-03-31,304,Baden neu,Frauen,25 bis 29 Jahre,B9999,unbestimmt (nur Pst),1,25,29
1051502,2022-03-31,304,Baden neu,Männer,bis 19 Jahre,B9999,unbestimmt (nur Pst),1,0,19
1051544,2022-03-31,304,Baden neu,Männer,20 bis 24 Jahre,B9999,unbestimmt (nur Pst),2,20,24
1051639,2022-03-31,304,Baden neu,Männer,45 bis 49 Jahre,B9999,unbestimmt (nur Pst),1,45,49
1051684,2022-03-31,306,Bruck/Leitha,Frauen,bis 19 Jahre,B9999,unbestimmt (nur Pst),7,0,19
1051701,2022-03-31,306,Bruck/Leitha,Frauen,20 bis 24 Jahre,B9999,unbestimmt (nur Pst),1,20,24
1051727,2022-03-31,306,Bruck/Leitha,Frauen,30 bis 34 Jahre,B9999,unbestimmt (nur Pst),1,30,34
1051797,2022-03-31,306,Bruck/Leitha,Männer,bis 19 Jahre,B9999,unbestimmt (nur Pst),1,0,19
1051815,2022-03-31,306,Bruck/Leitha,Männer,20 bis 24 Jahre,B9999,unbestimmt (nur Pst),1,20,24
1051861,2022-03-31,306,Bruck/Leitha,Männer,50 bis 54 Jahre,B9999,unbestimmt (nur Pst),1,50,54
1051896,2022-03-31,308,Gänserndorf,Frauen,bis 19 Jahre,B9999,unbestimmt (nur Pst),5,0,19
1051925,2022-03-31,308,Gänserndorf,Frauen,20 bis 24 Jahre,B9999,unbestimmt (nur Pst),2,20,24
1052047,2022-03-31,308,Gänserndorf,Frauen,55 bis 59 Jahre,B9999,unbestimmt (nur Pst),1,55,59
1052080,2022-03-31,308,Gänserndorf,Männer,bis 19 Jahre,B9999,unbestimmt (nur Pst),4,0,19
1052218,2022-03-31,311,Gmünd,Frauen,bis 19 Jahre,B9999,unbestimmt (nur Pst),1,0,19
1052268,2022-03-31,311,Gmünd,Frauen,55 bis 59 Jahre,B9999,unbestimmt (nur Pst),1,55,59
1052286,2022-03-31,311,Gmünd,Männer,bis 19 Jahre,B9999,unbestimmt (nur Pst),4,0,19
1052346,2022-03-31,312,Hollabrunn,Frauen,bis 19 Jahre,B9999,unbestimmt (nur Pst),1,0,19
1052391,2022-03-31,312,Hollabrunn,Frauen,30 bis 34 Jahre,B9999,unbestimmt (nur Pst),1,30,34
1052433,2022-03-31,312,Hollabrunn,Frauen,55 bis 59 Jahre,B9999,unbestimmt (nur Pst),1,55,59
1052445,2022-03-31,312,Hollabrunn,Männer,bis 19 Jahre,B9999,unbestimmt (nur Pst),5,0,19
1052501,2022-03-31,312,Hollabrunn,Männer,55 bis 59 Jahre,B9999,unbestimmt (nur Pst),1,55,59
1052510,2022-03-31,313,Horn,Frauen,bis 19 Jahre,B9999,unbestimmt (nur Pst),2,0,19
1052517,2022-03-31,313,Horn,Frauen,20 bis 24 Jahre,B9999,unbestimmt (nur Pst),1,20,24
1052556,2022-03-31,313,Horn,Männer,20 bis 24 Jahre,B9999,unbestimmt (nur Pst),1,20,24
1052609,2022-03-31,314,Korneuburg,Frauen,bis 19 Jahre,B9999,unbestimmt (nur Pst),3,0,19
1052630,2022-03-31,314,Korneuburg,Frauen,20 bis 24 Jahre,B9999,unbestimmt (nur Pst),4,20,24
1052647,2022-03-31,314,Korneuburg,Frauen,25 bis 29 Jahre,B9999,unbestimmt (nur Pst),1,25,29
1052665,2022-03-31,314,Korneuburg,Frauen,30 bis 34 Jahre,B9999,unbestimmt (nur Pst),1,30,34
1052684,2022-03-31,314,Korneuburg,Frauen,35 bis 39 Jahre,B9999,unbestimmt (nur Pst),1,35,39
1052728,2022-03-31,314,Korneuburg,Frauen,45 bis 49 Jahre,B9999,unbestimmt (nur Pst),1,45,49
1052771,2022-03-31,314,Korneuburg,Männer,bis 19 Jahre,B9999,unbestimmt (nur Pst),7,0,19
1052893,2022-03-31,315,Krems,Frauen,bis 19 Jahre,B9999,unbestimmt (nur Pst),4,0,19
1053032,2022-03-31,315,Krems,Männer,bis 19 Jahre,B9999,unbestimmt (nur Pst),4,0,19
1053107,2022-03-31,315,Krems,Männer,40 bis 44 Jahre,B9999,unbestimmt (nur Pst),1,40,44
1053152,2022-03-31,316,Lilienfeld,Frauen,20 bis 24 Jahre,B9999,unbestimmt (nur Pst),1,20,24
1053160,2022-03-31,316,Lilienfeld,Frauen,25 bis 29 Jahre,B9999,unbestimmt (nur Pst),1,25,29
1053188,2022-03-31,316,Lilienfeld,Frauen,45 bis 49 Jahre,B9999,unbestimmt (nur Pst),1,45,49
1053200,2022-03-31,316,Lilienfeld,Männer,bis 19 Jahre,B9999,unbestimmt (nur Pst),3,0,19
1053255,2022-03-31,317,Melk,Frauen,bis 19 Jahre,B9999,unbestimmt (nur Pst),1,0,19
1053268,2022-03-31,317,Melk,Frauen,20 bis 24 Jahre,B9999,unbestimmt (nur Pst),1,20,24
1053470,2022-03-31,319,Mistelbach,Frauen,bis 19 Jahre,B9999,unbestimmt (nur Pst),4,0,19
1053494,2022-03-31,319,Mistelbach,Frauen,20 bis 24 Jahre,B9999,unbestimmt (nur Pst),1,20,24
1053558,2022-03-31,319,Mistelbach,Frauen,45 bis 49 Jahre,B9999,unbestimmt (nur Pst),1,45,49
1053595,2022-03-31,319,Mistelbach,Männer,bis 19 Jahre,B9999,unbestimmt (nur Pst),2,0,19
1053615,2022-03-31,319,Mistelbach,Männer,20 bis 24 Jahre,B9999,unbestimmt (nur Pst),1,20,24
1053700,2022-03-31,321,Mödling,Frauen,bis 19 Jahre,B9999,unbestimmt (nur Pst),5,0,19
1053743,2022-03-31,321,Mödling,Frauen,25 bis 29 Jahre,B9999,unbestimmt (nur Pst),1,25,29
1053883,2022-03-31,321,Mödling,Männer,bis 19 Jahre,B9999,unbestimmt (nur Pst),4,0,19
1053917,2022-03-31,321,Mödling,Männer,20 bis 24 Jahre,B9999,unbestimmt (nur Pst),1,20,24
1053956,2022-03-31,321,Mödling,Männer,30 bis 34 Jahre,B9999,unbestimmt (nur Pst),1,30,34
1054070,2022-03-31,323,Neunkirchen,Frauen,bis 19 Jahre,B9999,unbestimmt (nur Pst),2,0,19
1054265,2022-03-31,323,Neunkirchen,Männer,25 bis 29 Jahre,B9999,unbestimmt (nur Pst),1,25,29
1054337,2022-03-31,323,Neunkirchen,Männer,55 bis 59 Jahre,B9999,unbestimmt (nur Pst),1,55,59
1054364,2022-03-31,326,St. Pölten,Frauen,bis 19 Jahre,B9999,unbestimmt (nur Pst),15,0,19
1054397,2022-03-31,326,St. Pölten,Frauen,20 bis 24 Jahre,B9999,unbestimmt (nur Pst),7,20,24
1054424,2022-03-31,326,St. Pölten,Frauen,25 bis 29 Jahre,B9999,unbestimmt (nur Pst),3,25,29
1054511,2022-03-31,326,St. Pölten,Frauen,40 bis 44 Jahre,B9999,unbestimmt (nur Pst),2,40,44
1054607,2022-03-31,326,St. Pölten,Männer,bis 19 Jahre,B9999,unbestimmt (nur Pst),19,0,19
1054645,2022-03-31,326,St. Pölten,Männer,20 bis 24 Jahre,B9999,unbestimmt (nur Pst),4,20,24
1054682,2022-03-31,326,St. Pölten,Männer,25 bis 29 Jahre,B9999,unbestimmt (nur Pst),2,25,29
1054737,2022-03-31,326,St. Pölten,Männer,35 bis 39 Jahre,B9999,unbestimmt (nur Pst),1,35,39
1054885,2022-03-31,328,Scheibbs,Männer,bis 19 Jahre,B9999,unbestimmt (nur Pst),3,0,19
1054960,2022-03-31,329,Schwechat,Frauen,bis 19 Jahre,B9999,unbestimmt (nur Pst),2,0,19
1054981,2022-03-31,329,Schwechat,Frauen,20 bis 24 Jahre,B9999,unbestimmt (nur Pst),2,20,24
1055101,2022-03-31,329,Schwechat,Männer,bis 19 Jahre,B9999,unbestimmt (nur Pst),1,0,19
1055218,2022-03-31,331,Tulln,Frauen,bis 19 Jahre,B9999,unbestimmt (nur Pst),6,0,19
1055245,2022-03-31,331,Tulln,Frauen,20 bis 24 Jahre,B9999,unbestimmt (nur Pst),3,20,24
1055324,2022-03-31,331,Tulln,Frauen,40 bis 44 Jahre,B9999,unbestimmt (nur Pst),1,40,44
1055380,2022-03-31,331,Tulln,Männer,bis 19 Jahre,B9999,unbestimmt (nur Pst),6,0,19
1055405,2022-03-31,331,Tulln,Männer,20 bis 24 Jahre,B9999,unbestimmt (nur Pst),2,20,24
1055417,2022-03-31,331,Tulln,Männer,25 bis 29 Jahre,B9999,unbestimmt (nur Pst),1,25,29
1055509,2022-03-31,332,Waidhofen/Thaya,Frauen,bis 19 Jahre,B9999,unbestimmt (nur Pst),1,0,19
1055568,2022-03-31,332,Waidhofen/Thaya,Männer,bis 19 Jahre,B9999,unbestimmt (nur Pst),2,0,19
1055580,2022-03-31,332,Waidhofen/Thaya,Männer,20 bis 24 Jahre,B9999,unbestimmt (nur Pst),3,20,24
1055617,2022-03-31,333,Waidhofen/Ybbs,Frauen,bis 19 Jahre,B9999,unbestimmt (nur Pst),5,0,19
1055666,2022-03-31,333,Waidhofen/Ybbs,Männer,bis 19 Jahre,B9999,unbestimmt (nur Pst),2,0,19
1055673,2022-03-31,333,Waidhofen/Ybbs,Männer,20 bis 24 Jahre,B9999,unbestimmt (nur Pst),1,20,24
1055717,2022-03-31,334,Wr. Neustadt,Frauen,bis 19 Jahre,B9999,unbestimmt (nur Pst),1,0,19
1055912,2022-03-31,334,Wr. Neustadt,Männer,bis 19 Jahre,B9999,unbestimmt (nur Pst),2,0,19
1056200,2022-03-31,335,Zwettl,Männer,30 bis 34 Jahre,B9999,unbestimmt (nur Pst),1,30,34
1056241,2022-03-31,401,Braunau,Frauen,bis 19 Jahre,B9999,unbestimmt (nur Pst),15,0,19
1056265,2022-03-31,401,Braunau,Frauen,20 bis 24 Jahre,B9999,unbestimmt (nur Pst),7,20,24
1056286,2022-03-31,401,Braunau,Frauen,25 bis 29 Jahre,B9999,unbestimmt (nur Pst),1,25,29
1056309,2022-03-31,401,Braunau,Frauen,30 bis 34 Jahre,B9999,unbestimmt (nur Pst),2,30,34
1056367,2022-03-31,401,Braunau,Frauen,45 bis 49 Jahre,B9999,unbestimmt (nur Pst),3,45,49
1056384,2022-03-31,401,Braunau,Frauen,50 bis 54 Jahre,B9999,unbestimmt (nur Pst),2,50,54
1056410,2022-03-31,401,Braunau,Männer,bis 19 Jahre,B9999,unbestimmt (nur Pst),21,0,19
1056441,2022-03-31,401,Braunau,Männer,20 bis 24 Jahre,B9999,unbestimmt (nur Pst),4,20,24
1056463,2022-03-31,401,Braunau,Männer,25 bis 29 Jahre,B9999,unbestimmt (nur Pst),2,25,29
1056482,2022-03-31,401,Braunau,Männer,30 bis 34 Jahre,B9999,unbestimmt (nur Pst),1,30,34
1056524,2022-03-31,401,Braunau,Männer,45 bis 49 Jahre,B9999,unbestimmt (nur Pst),1,45,49
1056538,2022-03-31,401,Braunau,Männer,50 bis 54 Jahre,B9999,unbestimmt (nur Pst),1,50,54
1056563,2022-03-31,402,Eferding,Frauen,bis 19 Jahre,B9999,unbestimmt (nur Pst),1,0,19
1056633,2022-03-31,402,Eferding,Männer,20 bis 24 Jahre,B9999,unbestimmt (nur Pst),1,20,24
1056661,2022-03-31,402,Eferding,Männer,45 bis 49 Jahre,B9999,unbestimmt (nur Pst),1,45,49
1056682,2022-03-31,403,Freistadt,Frauen,bis 19 Jahre,B9999,unbestimmt (nur Pst),1,0,19
1056716,2022-03-31,403,Freistadt,Frauen,25 bis 29 Jahre,B9999,unbestimmt (nur Pst),1,25,29
1056802,2022-03-31,403,Freistadt,Männer,bis 19 Jahre,B9999,unbestimmt (nur Pst),1,0,19
1056819,2022-03-31,403,Freistadt,Männer,20 bis 24 Jahre,B9999,unbestimmt (nur Pst),1,20,24
1056896,2022-03-31,403,Freistadt,Männer,60 bis 64 Jahre,B9999,unbestimmt (nur Pst),1,60,64
1056911,2022-03-31,404,Gmunden,Frauen,bis 19 Jahre,B9999,unbestimmt (nur Pst),1,0,19
1056940,2022-03-31,404,Gmunden,Frauen,20 bis 24 Jahre,B9999,unbestimmt (nur Pst),1,20,24
1057086,2022-03-31,404,Gmunden,Männer,bis 19 Jahre,B9999,unbestimmt (nur Pst),5,0,19
1057110,2022-03-31,404,Gmunden,Männer,20 bis 24 Jahre,B9999,unbestimmt (nur Pst),1,20,24
1057145,2022-03-31,404,Gmunden,Männer,30 bis 34 Jahre,B9999,unbestimmt (nur Pst),1,30,34
1057240,2022-03-31,406,Grieskirchen,Frauen,bis 19 Jahre,B9999,unbestimmt (nur Pst),1,0,19
1057348,2022-03-31,406,Grieskirchen,Männer,bis 19 Jahre,B9999,unbestimmt (nur Pst),1,0,19
1057423,2022-03-31,407,Kirchdorf/Krems,Frauen,bis 19 Jahre,B9999,unbestimmt (nur Pst),2,0,19
1057459,2022-03-31,407,Kirchdorf/Krems,Frauen,25 bis 29 Jahre,B9999,unbestimmt (nur Pst),1,25,29
1057541,2022-03-31,407,Kirchdorf/Krems,Männer,bis 19 Jahre,B9999,unbestimmt (nur Pst),1,0,19
1057682,2022-03-31,409,Linz neu,Frauen,bis 19 Jahre,B9999,unbestimmt (nur Pst),33,0,19
1057725,2022-03-31,409,Linz neu,Frauen,20 bis 24 Jahre,B9999,unbestimmt (nur Pst),17,20,24
1057767,2022-03-31,409,Linz neu,Frauen,25 bis 29 Jahre,B9999,unbestimmt (nur Pst),5,25,29
1057816,2022-03-31,409,Linz neu,Frauen,30 bis 34 Jahre,B9999,unbestimmt (nur Pst),9,30,34
1057868,2022-03-31,409,Linz neu,Frauen,35 bis 39 Jahre,B9999,unbestimmt (nur Pst),1,35,39
1057913,2022-03-31,409,Linz neu,Frauen,40 bis 44 Jahre,B9999,unbestimmt (nur Pst),1,40,44
1057947,2022-03-31,409,Linz neu,Frauen,45 bis 49 Jahre,B9999,unbestimmt (nur Pst),1,45,49
1058023,2022-03-31,409,Linz neu,Männer,bis 19 Jahre,B9999,unbestimmt (nur Pst),31,0,19
1058079,2022-03-31,409,Linz neu,Männer,20 bis 24 Jahre,B9999,unbestimmt (nur Pst),19,20,24
1058145,2022-03-31,409,Linz neu,Männer,25 bis 29 Jahre,B9999,unbestimmt (nur Pst),7,25,29
1058198,2022-03-31,409,Linz neu,Männer,30 bis 34 Jahre,B9999,unbestimmt (nur Pst),3,30,34
1058249,2022-03-31,409,Linz neu,Männer,35 bis 39 Jahre,B9999,unbestimmt (nur Pst),3,35,39
1058290,2022-03-31,409,Linz neu,Männer,40 bis 44 Jahre,B9999,unbestimmt (nur Pst),1,40,44
1058336,2022-03-31,409,Linz neu,Männer,45 bis 49 Jahre,B9999,unbestimmt (nur Pst),1,45,49
1058418,2022-03-31,411,Perg,Frauen,20 bis 24 Jahre,B9999,unbestimmt (nur Pst),2,20,24
1058550,2022-03-31,411,Perg,Männer,20 bis 24 Jahre,B9999,unbestimmt (nur Pst),2,20,24
1058653,2022-03-31,412,Ried im Innkreis,Frauen,bis 19 Jahre,B9999,unbestimmt (nur Pst),12,0,19
1058675,2022-03-31,412,Ried im Innkreis,Frauen,20 bis 24 Jahre,B9999,unbestimmt (nur Pst),2,20,24
1058693,2022-03-31,412,Ried im Innkreis,Frauen,25 bis 29 Jahre,B9999,unbestimmt (nur Pst),2,25,29
1058711,2022-03-31,412,Ried im Innkreis,Frauen,30 bis 34 Jahre,B9999,unbestimmt (nur Pst),1,30,34
1058743,2022-03-31,412,Ried im Innkreis,Frauen,40 bis 44 Jahre,B9999,unbestimmt (nur Pst),1,40,44
1058786,2022-03-31,412,Ried im Innkreis,Männer,bis 19 Jahre,B9999,unbestimmt (nur Pst),4,0,19
1058809,2022-03-31,412,Ried im Innkreis,Männer,20 bis 24 Jahre,B9999,unbestimmt (nur Pst),2,20,24
1058841,2022-03-31,412,Ried im Innkreis,Männer,30 bis 34 Jahre,B9999,unbestimmt (nur Pst),1,30,34
1058881,2022-03-31,412,Ried im Innkreis,Männer,60 bis 64 Jahre,B9999,unbestimmt (nur Pst),1,60,64
1058889,2022-03-31,413,Rohrbach,Frauen,bis 19 Jahre,B9999,unbestimmt (nur Pst),1,0,19
1058900,2022-03-31,413,Rohrbach,Frauen,20 bis 24 Jahre,B9999,unbestimmt (nur Pst),1,20,24
1058914,2022-03-31,413,Rohrbach,Frauen,25 bis 29 Jahre,B9999,unbestimmt (nur Pst),1,25,29
1058965,2022-03-31,413,Rohrbach,Männer,bis 19 Jahre,B9999,unbestimmt (nur Pst),1,0,19
1058976,2022-03-31,413,Rohrbach,Männer,20 bis 24 Jahre,B9999,unbestimmt (nur Pst),2,20,24
1059013,2022-03-31,413,Rohrbach,Männer,40 bis 44 Jahre,B9999,unbestimmt (nur Pst),1,40,44
1059040,2022-03-31,414,Schärding,Frauen,bis 19 Jahre,B9999,unbestimmt (nur Pst),1,0,19
1059118,2022-03-31,414,Schärding,Männer,bis 19 Jahre,B9999,unbestimmt (nur Pst),1,0,19
1059204,2022-03-31,415,Steyr,Frauen,bis 19 Jahre,B9999,unbestimmt (nur Pst),12,0,19
1059229,2022-03-31,415,Steyr,Frauen,20 bis 24 Jahre,B9999,unbestimmt (nur Pst),1,20,24
1059277,2022-03-31,415,Steyr,Frauen,30 bis 34 Jahre,B9999,unbestimmt (nur Pst),3,30,34
1059298,2022-03-31,415,Steyr,Frauen,35 bis 39 Jahre,B9999,unbestimmt (nur Pst),1,35,39
1059315,2022-03-31,415,Steyr,Frauen,40 bis 44 Jahre,B9999,unbestimmt (nur Pst),1,40,44
1059383,2022-03-31,415,Steyr,Männer,bis 19 Jahre,B9999,unbestimmt (nur Pst),15,0,19
1059413,2022-03-31,415,Steyr,Männer,20 bis 24 Jahre,B9999,unbestimmt (nur Pst),3,20,24
1059440,2022-03-31,415,Steyr,Männer,25 bis 29 Jahre,B9999,unbestimmt (nur Pst),1,25,29
1059576,2022-03-31,418,Vöcklabruck,Frauen,bis 19 Jahre,B9999,unbestimmt (nur Pst),4,0,19
1059603,2022-03-31,418,Vöcklabruck,Frauen,20 bis 24 Jahre,B9999,unbestimmt (nur Pst),1,20,24
1059691,2022-03-31,418,Vöcklabruck,Frauen,40 bis 44 Jahre,B9999,unbestimmt (nur Pst),1,40,44
1059758,2022-03-31,418,Vöcklabruck,Männer,bis 19 Jahre,B9999,unbestimmt (nur Pst),5,0,19
1059784,2022-03-31,418,Vöcklabruck,Männer,20 bis 24 Jahre,B9999,unbestimmt (nur Pst),1,20,24
1059984,2022-03-31,419,Wels,Frauen,20 bis 24 Jahre,B9999,unbestimmt (nur Pst),1,20,24
1060158,2022-03-31,419,Wels,Männer,bis 19 Jahre,B9999,unbestimmt (nur Pst),1,0,19
1060245,2022-03-31,419,Wels,Männer,30 bis 34 Jahre,B9999,unbestimmt (nur Pst),1,30,34
1060351,2022-03-31,421,Traun,Frauen,bis 19 Jahre,B9999,unbestimmt (nur Pst),6,0,19
1060412,2022-03-31,421,Traun,Frauen,25 bis 29 Jahre,B9999,unbestimmt (nur Pst),1,25,29
1060442,2022-03-31,421,Traun,Frauen,30 bis 34 Jahre,B9999,unbestimmt (nur Pst),1,30,34
1060467,2022-03-31,421,Traun,Frauen,35 bis 39 Jahre,B9999,unbestimmt (nur Pst),3,35,39
1060588,2022-03-31,421,Traun,Männer,bis 19 Jahre,B9999,unbestimmt (nur Pst),2,0,19
1060733,2022-03-31,421,Traun,Männer,40 bis 44 Jahre,B9999,unbestimmt (nur Pst),1,40,44
1060817,2022-03-31,501,Bischofshofen,Frauen,bis 19 Jahre,B9999,unbestimmt (nur Pst),1,0,19
1060835,2022-03-31,501,Bischofshofen,Frauen,20 bis 24 Jahre,B9999,unbestimmt (nur Pst),2,20,24
1060854,2022-03-31,501,Bischofshofen,Frauen,25 bis 29 Jahre,B9999,unbestimmt (nur Pst),1,25,29
1060954,2022-03-31,501,Bischofshofen,Männer,bis 19 Jahre,B9999,unbestimmt (nur Pst),2,0,19
1061033,2022-03-31,503,Hallein,Frauen,bis 19 Jahre,B9999,unbestimmt (nur Pst),1,0,19
1061113,2022-03-31,503,Hallein,Männer,bis 19 Jahre,B9999,unbestimmt (nur Pst),3,0,19
1061272,2022-03-31,504,Salzburg,Frauen,25 bis 29 Jahre,B9999,unbestimmt (nur Pst),1,25,29
1061352,2022-03-31,504,Salzburg,Frauen,35 bis 39 Jahre,B9999,unbestimmt (nur Pst),1,35,39
1061544,2022-03-31,504,Salzburg,Männer,20 bis 24 Jahre,B9999,unbestimmt (nur Pst),1,20,24
1061593,2022-03-31,504,Salzburg,Männer,25 bis 29 Jahre,B9999,unbestimmt (nur Pst),1,25,29
1061751,2022-03-31,504,Salzburg,Männer,50 bis 54 Jahre,B9999,unbestimmt (nur Pst),1,50,54
1061823,2022-03-31,506,Zell am See,Frauen,bis 19 Jahre,B9999,unbestimmt (nur Pst),1,0,19
1061909,2022-03-31,506,Zell am See,Männer,bis 19 Jahre,B9999,unbestimmt (nur Pst),3,0,19
1061929,2022-03-31,506,Zell am See,Männer,25 bis 29 Jahre,B9999,unbestimmt (nur Pst),1,25,29
1061944,2022-03-31,506,Zell am See,Männer,30 bis 34 Jahre,B9999,unbestimmt (nur Pst),1,30,34
1061986,2022-03-31,601,Bruck/Mur,Frauen,bis 19 Jahre,B9999,unbestimmt (nur Pst),7,0,19
1062011,2022-03-31,601,Bruck/Mur,Frauen,20 bis 24 Jahre,B9999,unbestimmt (nur Pst),1,20,24
1062137,2022-03-31,601,Bruck/Mur,Männer,bis 19 Jahre,B9999,unbestimmt (nur Pst),9,0,19
1062160,2022-03-31,601,Bruck/Mur,Männer,20 bis 24 Jahre,B9999,unbestimmt (nur Pst),1,20,24
1062282,2022-03-31,603,Deutschlandsberg,Frauen,20 bis 24 Jahre,B9999,unbestimmt (nur Pst),2,20,24
1062513,2022-03-31,604,Feldbach,Frauen,20 bis 24 Jahre,B9999,unbestimmt (nur Pst),2,20,24
1062574,2022-03-31,604,Feldbach,Frauen,40 bis 44 Jahre,B9999,unbestimmt (nur Pst),1,40,44
1062624,2022-03-31,604,Feldbach,Männer,bis 19 Jahre,B9999,unbestimmt (nur Pst),1,0,19
1062665,2022-03-31,604,Feldbach,Männer,25 bis 29 Jahre,B9999,unbestimmt (nur Pst),1,25,29
1062757,2022-03-31,606,Gleisdorf,Frauen,bis 19 Jahre,B9999,unbestimmt (nur Pst),1,0,19
1062771,2022-03-31,606,Gleisdorf,Frauen,20 bis 24 Jahre,B9999,unbestimmt (nur Pst),1,20,24
1062876,2022-03-31,606,Gleisdorf,Männer,20 bis 24 Jahre,B9999,unbestimmt (nur Pst),1,20,24
1062938,2022-03-31,609,Hartberg,Frauen,bis 19 Jahre,B9999,unbestimmt (nur Pst),1,0,19
1063073,2022-03-31,609,Hartberg,Frauen,50 bis 54 Jahre,B9999,unbestimmt (nur Pst),1,50,54
1063101,2022-03-31,609,Hartberg,Männer,bis 19 Jahre,B9999,unbestimmt (nur Pst),4,0,19
1063128,2022-03-31,609,Hartberg,Männer,20 bis 24 Jahre,B9999,unbestimmt (nur Pst),2,20,24
1063268,2022-03-31,610,Judenburg,Frauen,bis 19 Jahre,B9999,unbestimmt (nur Pst),1,0,19
1063411,2022-03-31,610,Judenburg,Männer,20 bis 24 Jahre,B9999,unbestimmt (nur Pst),2,20,24
1063588,2022-03-31,614,Leibnitz,Frauen,bis 19 Jahre,B9999,unbestimmt (nur Pst),3,0,19
1063612,2022-03-31,614,Leibnitz,Frauen,20 bis 24 Jahre,B9999,unbestimmt (nur Pst),1,20,24
1063634,2022-03-31,614,Leibnitz,Frauen,25 bis 29 Jahre,B9999,unbestimmt (nur Pst),1,25,29
1063776,2022-03-31,614,Leibnitz,Männer,20 bis 24 Jahre,B9999,unbestimmt (nur Pst),2,20,24
1063806,2022-03-31,614,Leibnitz,Männer,30 bis 34 Jahre,B9999,unbestimmt (nur Pst),1,30,34
1063882,2022-03-31,616,Leoben,Frauen,bis 19 Jahre,B9999,unbestimmt (nur Pst),1,0,19
1063903,2022-03-31,616,Leoben,Frauen,20 bis 24 Jahre,B9999,unbestimmt (nur Pst),1,20,24
1063934,2022-03-31,616,Leoben,Frauen,30 bis 34 Jahre,B9999,unbestimmt (nur Pst),1,30,34
1063966,2022-03-31,616,Leoben,Frauen,40 bis 44 Jahre,B9999,unbestimmt (nur Pst),1,40,44
1064017,2022-03-31,616,Leoben,Männer,bis 19 Jahre,B9999,unbestimmt (nur Pst),3,0,19
1064041,2022-03-31,616,Leoben,Männer,20 bis 24 Jahre,B9999,unbestimmt (nur Pst),1,20,24
1064064,2022-03-31,616,Leoben,Männer,25 bis 29 Jahre,B9999,unbestimmt (nur Pst),1,25,29
1064259,2022-03-31,618,Liezen,Männer,bis 19 Jahre,B9999,unbestimmt (nur Pst),1,0,19
1064356,2022-03-31,621,Mürzzuschlag,Frauen,bis 19 Jahre,B9999,unbestimmt (nur Pst),2,0,19
1064369,2022-03-31,621,Mürzzuschlag,Frauen,20 bis 24 Jahre,B9999,unbestimmt (nur Pst),2,20,24
1064445,2022-03-31,621,Mürzzuschlag,Männer,bis 19 Jahre,B9999,unbestimmt (nur Pst),5,0,19
1064459,2022-03-31,621,Mürzzuschlag,Männer,20 bis 24 Jahre,B9999,unbestimmt (nur Pst),2,20,24
1064543,2022-03-31,622,Voitsberg,Frauen,bis 19 Jahre,B9999,unbestimmt (nur Pst),2,0,19
1064564,2022-03-31,622,Voitsberg,Frauen,20 bis 24 Jahre,B9999,unbestimmt (nur Pst),1,20,24
1064660,2022-03-31,622,Voitsberg,Männer,bis 19 Jahre,B9999,unbestimmt (nur Pst),2,0,19
1064760,2022-03-31,623,Weiz,Frauen,bis 19 Jahre,B9999,unbestimmt (nur Pst),2,0,19
1064787,2022-03-31,623,Weiz,Frauen,30 bis 34 Jahre,B9999,unbestimmt (nur Pst),1,30,34
1064798,2022-03-31,623,Weiz,Frauen,35 bis 39 Jahre,B9999,unbestimmt (nur Pst),1,35,39
1064822,2022-03-31,623,Weiz,Frauen,50 bis 54 Jahre,B9999,unbestimmt (nur Pst),1,50,54
1064868,2022-03-31,623,Weiz,Männer,30 bis 34 Jahre,B9999,unbestimmt (nur Pst),1,30,34
1064879,2022-03-31,623,Weiz,Männer,40 bis 44 Jahre,B9999,unbestimmt (nur Pst),2,40,44
1064892,2022-03-31,623,Weiz,Männer,50 bis 54 Jahre,B9999,unbestimmt (nur Pst),1,50,54
1064947,2022-03-31,630,Graz-West und Umgebung,Frauen,bis 19 Jahre,B9999,unbestimmt (nur Pst),8,0,19
1065002,2022-03-31,630,Graz-West und Umgebung,Frauen,20 bis 24 Jahre,B9999,unbestimmt (nur Pst),5,20,24
1065053,2022-03-31,630,Graz-West und Umgebung,Frauen,25 bis 29 Jahre,B9999,unbestimmt (nur Pst),1,25,29
1065103,2022-03-31,630,Graz-West und Umgebung,Frauen,30 bis 34 Jahre,B9999,unbestimmt (nur Pst),1,30,34
1065151,2022-03-31,630,Graz-West und Umgebung,Frauen,35 bis 39 Jahre,B9999,unbestimmt (nur Pst),1,35,39
1065324,2022-03-31,630,Graz-West und Umgebung,Männer,bis 19 Jahre,B9999,unbestimmt (nur Pst),10,0,19
1065389,2022-03-31,630,Graz-West und Umgebung,Männer,20 bis 24 Jahre,B9999,unbestimmt (nur Pst),3,20,24
1065461,2022-03-31,630,Graz-West und Umgebung,Männer,25 bis 29 Jahre,B9999,unbestimmt (nur Pst),2,25,29
1065662,2022-03-31,630,Graz-West und Umgebung,Männer,50 bis 54 Jahre,B9999,unbestimmt (nur Pst),1,50,54
1065719,2022-03-31,631,Graz-Ost,Frauen,bis 19 Jahre,B9999,unbestimmt (nur Pst),3,0,19
1065748,2022-03-31,631,Graz-Ost,Frauen,20 bis 24 Jahre,B9999,unbestimmt (nur Pst),5,20,24
1065789,2022-03-31,631,Graz-Ost,Frauen,25 bis 29 Jahre,B9999,unbestimmt (nur Pst),2,25,29
1065838,2022-03-31,631,Graz-Ost,Frauen,30 bis 34 Jahre,B9999,unbestimmt (nur Pst),1,30,34
1065973,2022-03-31,631,Graz-Ost,Frauen,50 bis 54 Jahre,B9999,unbestimmt (nur Pst),1,50,54
1066019,2022-03-31,631,Graz-Ost,Männer,bis 19 Jahre,B9999,unbestimmt (nur Pst),13,0,19
1066069,2022-03-31,631,Graz-Ost,Männer,20 bis 24 Jahre,B9999,unbestimmt (nur Pst),3,20,24
1066110,2022-03-31,631,Graz-Ost,Männer,25 bis 29 Jahre,B9999,unbestimmt (nur Pst),3,25,29
1066270,2022-03-31,701,Imst,Frauen,bis 19 Jahre,B9999,unbestimmt (nur Pst),1,0,19
1066286,2022-03-31,701,Imst,Frauen,25 bis 29 Jahre,B9999,unbestimmt (nur Pst),2,25,29
1066290,2022-03-31,701,Imst,Frauen,30 bis 34 Jahre,B9999,unbestimmt (nur Pst),2,30,34
1066301,2022-03-31,701,Imst,Frauen,35 bis 39 Jahre,B9999,unbestimmt (nur Pst),1,35,39
1066335,2022-03-31,701,Imst,Männer,bis 19 Jahre,B9999,unbestimmt (nur Pst),2,0,19
1066347,2022-03-31,701,Imst,Männer,25 bis 29 Jahre,B9999,unbestimmt (nur Pst),1,25,29
1066358,2022-03-31,701,Imst,Männer,35 bis 39 Jahre,B9999,unbestimmt (nur Pst),1,35,39
1066398,2022-03-31,702,Innsbruck,Frauen,bis 19 Jahre,B9999,unbestimmt (nur Pst),1,0,19
1066430,2022-03-31,702,Innsbruck,Frauen,20 bis 24 Jahre,B9999,unbestimmt (nur Pst),2,20,24
1066489,2022-03-31,702,Innsbruck,Frauen,30 bis 34 Jahre,B9999,unbestimmt (nur Pst),1,30,34
1066528,2022-03-31,702,Innsbruck,Frauen,35 bis 39 Jahre,B9999,unbestimmt (nur Pst),2,35,39
1066616,2022-03-31,702,Innsbruck,Frauen,50 bis 54 Jahre,B9999,unbestimmt (nur Pst),2,50,54
1066627,2022-03-31,702,Innsbruck,Frauen,55 bis 59 Jahre,B9999,unbestimmt (nur Pst),1,55,59
1066657,2022-03-31,702,Innsbruck,Männer,bis 19 Jahre,B9999,unbestimmt (nur Pst),3,0,19
1066698,2022-03-31,702,Innsbruck,Männer,20 bis 24 Jahre,B9999,unbestimmt (nur Pst),2,20,24
1066740,2022-03-31,702,Innsbruck,Männer,25 bis 29 Jahre,B9999,unbestimmt (nur Pst),2,25,29
1066773,2022-03-31,702,Innsbruck,Männer,30 bis 34 Jahre,B9999,unbestimmt (nur Pst),1,30,34
1066916,2022-03-31,704,Kitzbühel,Frauen,bis 19 Jahre,B9999,unbestimmt (nur Pst),1,0,19
1067016,2022-03-31,705,Kufstein,Frauen,bis 19 Jahre,B9999,unbestimmt (nur Pst),5,0,19
1067027,2022-03-31,705,Kufstein,Frauen,20 bis 24 Jahre,B9999,unbestimmt (nur Pst),1,20,24
1067098,2022-03-31,705,Kufstein,Frauen,45 bis 49 Jahre,B9999,unbestimmt (nur Pst),1,45,49
1067138,2022-03-31,705,Kufstein,Männer,bis 19 Jahre,B9999,unbestimmt (nur Pst),9,0,19
1067175,2022-03-31,705,Kufstein,Männer,25 bis 29 Jahre,B9999,unbestimmt (nur Pst),1,25,29
1067197,2022-03-31,705,Kufstein,Männer,35 bis 39 Jahre,B9999,unbestimmt (nur Pst),2,35,39
1067248,2022-03-31,706,Landeck,Frauen,bis 19 Jahre,B9999,unbestimmt (nur Pst),3,0,19
1067258,2022-03-31,706,Landeck,Frauen,20 bis 24 Jahre,B9999,unbestimmt (nur Pst),1,20,24
1067267,2022-03-31,706,Landeck,Frauen,25 bis 29 Jahre,B9999,unbestimmt (nur Pst),1,25,29
1067293,2022-03-31,706,Landeck,Männer,bis 19 Jahre,B9999,unbestimmt (nur Pst),2,0,19
1067327,2022-03-31,707,Lienz,Frauen,bis 19 Jahre,B9999,unbestimmt (nur Pst),4,0,19
1067377,2022-03-31,707,Lienz,Männer,bis 19 Jahre,B9999,unbestimmt (nur Pst),1,0,19
1067384,2022-03-31,707,Lienz,Männer,20 bis 24 Jahre,B9999,unbestimmt (nur Pst),1,20,24
1067434,2022-03-31,708,Reutte,Frauen,35 bis 39 Jahre,B9999,unbestimmt (nur Pst),1,35,39
1067506,2022-03-31,709,Schwaz,Frauen,bis 19 Jahre,B9999,unbestimmt (nur Pst),2,0,19
1067600,2022-03-31,709,Schwaz,Männer,bis 19 Jahre,B9999,unbestimmt (nur Pst),4,0,19
1067609,2022-03-31,709,Schwaz,Männer,20 bis 24 Jahre,B9999,unbestimmt (nur Pst),1,20,24
1067646,2022-03-31,709,Schwaz,Männer,35 bis 39 Jahre,B9999,unbestimmt (nur Pst),1,35,39
1067651,2022-03-31,709,Schwaz,Männer,40 bis 44 Jahre,B9999,unbestimmt (nur Pst),1,40,44
1067686,2022-03-31,801,Bludenz,Frauen,bis 19 Jahre,B9999,unbestimmt (nur Pst),1,0,19
1067718,2022-03-31,801,Bludenz,Frauen,20 bis 24 Jahre,B9999,unbestimmt (nur Pst),1,20,24
1067737,2022-03-31,801,Bludenz,Frauen,25 bis 29 Jahre,B9999,unbestimmt (nur Pst),1,25,29
1067817,2022-03-31,801,Bludenz,Männer,bis 19 Jahre,B9999,unbestimmt (nur Pst),1,0,19
1067853,2022-03-31,801,Bludenz,Männer,25 bis 29 Jahre,B9999,unbestimmt (nur Pst),1,25,29
1067929,2022-03-31,802,Bregenz,Frauen,bis 19 Jahre,B9999,unbestimmt (nur Pst),3,0,19
1067963,2022-03-31,802,Bregenz,Frauen,20 bis 24 Jahre,B9999,unbestimmt (nur Pst),1,20,24
1067994,2022-03-31,802,Bregenz,Frauen,25 bis 29 Jahre,B9999,unbestimmt (nur Pst),2,25,29
1068020,2022-03-31,802,Bregenz,Frauen,30 bis 34 Jahre,B9999,unbestimmt (nur Pst),1,30,34
1068066,2022-03-31,802,Bregenz,Frauen,40 bis 44 Jahre,B9999,unbestimmt (nur Pst),1,40,44
1068104,2022-03-31,802,Bregenz,Frauen,55 bis 59 Jahre,B9999,unbestimmt (nur Pst),1,55,59
1068138,2022-03-31,802,Bregenz,Männer,bis 19 Jahre,B9999,unbestimmt (nur Pst),2,0,19
1068203,2022-03-31,802,Bregenz,Männer,25 bis 29 Jahre,B9999,unbestimmt (nur Pst),1,25,29
1068242,2022-03-31,802,Bregenz,Männer,35 bis 39 Jahre,B9999,unbestimmt (nur Pst),1,35,39
1068309,2022-03-31,804,Dornbirn,Frauen,bis 19 Jahre,B9999,unbestimmt (nur Pst),2,0,19
1068347,2022-03-31,804,Dornbirn,Frauen,20 bis 24 Jahre,B9999,unbestimmt (nur Pst),3,20,24
1068371,2022-03-31,804,Dornbirn,Frauen,25 bis 29 Jahre,B9999,unbestimmt (nur Pst),1,25,29
1068393,2022-03-31,804,Dornbirn,Frauen,30 bis 34 Jahre,B9999,unbestimmt (nur Pst),1,30,34
1068507,2022-03-31,804,Dornbirn,Männer,bis 19 Jahre,B9999,unbestimmt (nur Pst),2,0,19
1068555,2022-03-31,804,Dornbirn,Männer,25 bis 29 Jahre,B9999,unbestimmt (nur Pst),3,25,29
1068655,2022-03-31,805,Feldkirch,Frauen,bis 19 Jahre,B9999,unbestimmt (nur Pst),3,0,19
1068686,2022-03-31,805,Feldkirch,Frauen,20 bis 24 Jahre,B9999,unbestimmt (nur Pst),4,20,24
1068708,2022-03-31,805,Feldkirch,Frauen,25 bis 29 Jahre,B9999,unbestimmt (nur Pst),5,25,29
1068733,2022-03-31,805,Feldkirch,Frauen,30 bis 34 Jahre,B9999,unbestimmt (nur Pst),1,30,34
1068779,2022-03-31,805,Feldkirch,Frauen,40 bis 44 Jahre,B9999,unbestimmt (nur Pst),1,40,44
1068798,2022-03-31,805,Feldkirch,Frauen,45 bis 49 Jahre,B9999,unbestimmt (nur Pst),1,45,49
1068846,2022-03-31,805,Feldkirch,Männer,bis 19 Jahre,B9999,unbestimmt (nur Pst),7,0,19
1068892,2022-03-31,805,Feldkirch,Männer,20 bis 24 Jahre,B9999,unbestimmt (nur Pst),6,20,24
1068919,2022-03-31,805,Feldkirch,Männer,25 bis 29 Jahre,B9999,unbestimmt (nur Pst),1,25,29
1068942,2022-03-31,805,Feldkirch,Männer,30 bis 34 Jahre,B9999,unbestimmt (nur Pst),1,30,34
1068961,2022-03-31,805,Feldkirch,Männer,35 bis 39 Jahre,B9999,unbestimmt (nur Pst),1,35,39
1068986,2022-03-31,805,Feldkirch,Männer,45 bis 49 Jahre,B9999,unbestimmt (nur Pst),1,45,49
1068997,2022-03-31,805,Feldkirch,Männer,50 bis 54 Jahre,B9999,unbestimmt (nur Pst),2,50,54
1071266,2022-03-31,963,Wien Währinger Gürtel,Frauen,25 bis 29 Jahre,B9999,unbestimmt (nur Pst),1,25,29
1071382,2022-03-31,963,Wien Währinger Gürtel,Frauen,40 bis 44 Jahre,B9999,unbestimmt (nur Pst),1,40,44
1071412,2022-03-31,963,Wien Währinger Gürtel,Frauen,45 bis 49 Jahre,B9999,unbestimmt (nur Pst),1,45,49
1071544,2022-03-31,963,Wien Währinger Gürtel,Männer,30 bis 34 Jahre,B9999,unbestimmt (nur Pst),1,30,34
1071703,2022-03-31,963,Wien Währinger Gürtel,Männer,55 bis 59 Jahre,B9999,unbestimmt (nur Pst),1,55,59
1073373,2022-03-31,966,Wien Hietzinger Kai,Frauen,25 bis 29 Jahre,B9999,unbestimmt (nur Pst),1,25,29
1073518,2022-03-31,966,Wien Hietzinger Kai,Frauen,40 bis 44 Jahre,B9999,unbestimmt (nur Pst),2,40,44
1073973,2022-03-31,967,Wien Huttengasse,Frauen,25 bis 29 Jahre,B9999,unbestimmt (nur Pst),1,25,29
1074194,2022-03-31,967,Wien Huttengasse,Frauen,45 bis 49 Jahre,B9999,unbestimmt (nur Pst),2,45,49
1074331,2022-03-31,967,Wien Huttengasse,Männer,25 bis 29 Jahre,B9999,unbestimmt (nur Pst),1,25,29
1074850,2022-03-31,968,Wien Schloßhofer Straße,Frauen,35 bis 39 Jahre,B9999,unbestimmt (nur Pst),1,35,39
1074899,2022-03-31,968,Wien Schloßhofer Straße,Frauen,40 bis 44 Jahre,B9999,unbestimmt (nur Pst),2,40,44
1076226,2022-03-31,974,Wien Austria Campus,Frauen,50 bis 54 Jahre,B9999,unbestimmt (nur Pst),1,50,54
1077081,2022-03-31,976,Wien Jugendliche I,Frauen,bis 19 Jahre,B9999,unbestimmt (nur Pst),12,0,19
1077175,2022-03-31,976,Wien Jugendliche I,Frauen,20 bis 24 Jahre,B9999,unbestimmt (nur Pst),4,20,24
1077287,2022-03-31,976,Wien Jugendliche I,Männer,bis 19 Jahre,B9999,unbestimmt (nur Pst),12,0,19
1077423,2022-03-31,976,Wien Jugendliche I,Männer,20 bis 24 Jahre,B9999,unbestimmt (nur Pst),5,20,24
1077521,2022-03-31,977,Wien Jugendliche II,Frauen,bis 19 Jahre,B9999,unbestimmt (nur Pst),19,0,19
1077619,2022-03-31,977,Wien Jugendliche II,Frauen,20 bis 24 Jahre,B9999,unbestimmt (nur Pst),7,20,24
1077730,2022-03-31,977,Wien Jugendliche II,Männer,bis 19 Jahre,B9999,unbestimmt (nur Pst),11,0,19
1077868,2022-03-31,977,Wien Jugendliche II,Männer,20 bis 24 Jahre,B9999,unbestimmt (nur Pst),4,20,24
1078023,2022-04-30,101,Eisenstadt,Männer,bis 19 Jahre,B9999,unbestimmt (nur Pst),3,0,19
1078123,2022-04-30,102,Mattersburg,Frauen,bis 19 Jahre,B9999,unbestimmt (nur Pst),4,0,19
1078134,2022-04-30,102,Mattersburg,Frauen,20 bis 24 Jahre,B9999,unbestimmt (nur Pst),1,20,24
1078168,2022-04-30,102,Mattersburg,Frauen,45 bis 49 Jahre,B9999,unbestimmt (nur Pst),1,45,49
1078188,2022-04-30,102,Mattersburg,Männer,bis 19 Jahre,B9999,unbestimmt (nur Pst),3,0,19
1078340,2022-04-30,103,Neusiedl am See,Männer,40 bis 44 Jahre,B9999,unbestimmt (nur Pst),1,40,44
1078529,2022-04-30,105,Oberwart,Frauen,bis 19 Jahre,B9999,unbestimmt (nur Pst),1,0,19
1078664,2022-04-30,105,Oberwart,Männer,bis 19 Jahre,B9999,unbestimmt (nur Pst),1,0,19
1078778,2022-04-30,106,Stegersbach,Frauen,bis 19 Jahre,B9999,unbestimmt (nur Pst),1,0,19
1078870,2022-04-30,106,Stegersbach,Männer,bis 19 Jahre,B9999,unbestimmt (nur Pst),1,0,19
1079101,2022-04-30,201,Feldkirchen,Männer,bis 19 Jahre,B9999,unbestimmt (nur Pst),1,0,19
1079229,2022-04-30,203,Klagenfurt,Frauen,25 bis 29 Jahre,B9999,unbestimmt (nur Pst),2,25,29
1079254,2022-04-30,203,Klagenfurt,Frauen,30 bis 34 Jahre,B9999,unbestimmt (nur Pst),2,30,34
1079304,2022-04-30,203,Klagenfurt,Frauen,40 bis 44 Jahre,B9999,unbestimmt (nur Pst),3,40,44
1079331,2022-04-30,203,Klagenfurt,Frauen,45 bis 49 Jahre,B9999,unbestimmt (nur Pst),1,45,49
1079385,2022-04-30,203,Klagenfurt,Männer,bis 19 Jahre,B9999,unbestimmt (nur Pst),3,0,19
1079411,2022-04-30,203,Klagenfurt,Männer,20 bis 24 Jahre,B9999,unbestimmt (nur Pst),1,20,24
1079438,2022-04-30,203,Klagenfurt,Männer,25 bis 29 Jahre,B9999,unbestimmt (nur Pst),2,25,29
1079466,2022-04-30,203,Klagenfurt,Männer,30 bis 34 Jahre,B9999,unbestimmt (nur Pst),1,30,34
1079505,2022-04-30,203,Klagenfurt,Männer,40 bis 44 Jahre,B9999,unbestimmt (nur Pst),2,40,44
1079537,2022-04-30,203,Klagenfurt,Männer,50 bis 54 Jahre,B9999,unbestimmt (nur Pst),2,50,54
1079549,2022-04-30,203,Klagenfurt,Männer,55 bis 59 Jahre,B9999,unbestimmt (nur Pst),1,55,59
1079565,2022-04-30,204,Spittal/Drau,Frauen,bis 19 Jahre,B9999,unbestimmt (nur Pst),2,0,19
1079665,2022-04-30,204,Spittal/Drau,Männer,bis 19 Jahre,B9999,unbestimmt (nur Pst),1,0,19
1080072,2022-04-30,206,Villach,Frauen,45 bis 49 Jahre,B9999,unbestimmt (nur Pst),1,45,49
1080216,2022-04-30,206,Villach,Männer,35 bis 39 Jahre,B9999,unbestimmt (nur Pst),1,35,39
1080346,2022-04-30,207,Völkermarkt,Frauen,55 bis 59 Jahre,B9999,unbestimmt (nur Pst),1,55,59
1080361,2022-04-30,207,Völkermarkt,Männer,bis 19 Jahre,B9999,unbestimmt (nur Pst),1,0,19
1080447,2022-04-30,208,Wolfsberg,Frauen,25 bis 29 Jahre,B9999,unbestimmt (nur Pst),1,25,29
1080516,2022-04-30,208,Wolfsberg,Männer,bis 19 Jahre,B9999,unbestimmt (nur Pst),1,0,19
1080534,2022-04-30,208,Wolfsberg,Männer,20 bis 24 Jahre,B9999,unbestimmt (nur Pst),1,20,24
1080596,2022-04-30,301,Amstetten,Frauen,bis 19 Jahre,B9999,unbestimmt (nur Pst),7,0,19
1080617,2022-04-30,301,Amstetten,Frauen,20 bis 24 Jahre,B9999,unbestimmt (nur Pst),2,20,24
1080638,2022-04-30,301,Amstetten,Frauen,25 bis 29 Jahre,B9999,unbestimmt (nur Pst),2,25,29
1080743,2022-04-30,301,Amstetten,Männer,bis 19 Jahre,B9999,unbestimmt (nur Pst),7,0,19
1080780,2022-04-30,301,Amstetten,Männer,25 bis 29 Jahre,B9999,unbestimmt (nur Pst),1,25,29
1080798,2022-04-30,301,Amstetten,Männer,30 bis 34 Jahre,B9999,unbestimmt (nur Pst),1,30,34
1080902,2022-04-30,304,Baden neu,Frauen,bis 19 Jahre,B9999,unbestimmt (nur Pst),1,0,19
1080935,2022-04-30,304,Baden neu,Frauen,20 bis 24 Jahre,B9999,unbestimmt (nur Pst),4,20,24
1080959,2022-04-30,304,Baden neu,Frauen,25 bis 29 Jahre,B9999,unbestimmt (nur Pst),1,25,29
1080999,2022-04-30,304,Baden neu,Frauen,35 bis 39 Jahre,B9999,unbestimmt (nur Pst),1,35,39
1081022,2022-04-30,304,Baden neu,Frauen,40 bis 44 Jahre,B9999,unbestimmt (nur Pst),1,40,44
1081138,2022-04-30,304,Baden neu,Männer,20 bis 24 Jahre,B9999,unbestimmt (nur Pst),3,20,24
1081229,2022-04-30,304,Baden neu,Männer,45 bis 49 Jahre,B9999,unbestimmt (nur Pst),1,45,49
1081273,2022-04-30,306,Bruck/Leitha,Frauen,bis 19 Jahre,B9999,unbestimmt (nur Pst),5,0,19
1081289,2022-04-30,306,Bruck/Leitha,Frauen,20 bis 24 Jahre,B9999,unbestimmt (nur Pst),1,20,24
1081314,2022-04-30,306,Bruck/Leitha,Frauen,30 bis 34 Jahre,B9999,unbestimmt (nur Pst),1,30,34
1081383,2022-04-30,306,Bruck/Leitha,Männer,bis 19 Jahre,B9999,unbestimmt (nur Pst),1,0,19
1081400,2022-04-30,306,Bruck/Leitha,Männer,20 bis 24 Jahre,B9999,unbestimmt (nur Pst),1,20,24
1081447,2022-04-30,306,Bruck/Leitha,Männer,55 bis 59 Jahre,B9999,unbestimmt (nur Pst),1,55,59
1081474,2022-04-30,308,Gänserndorf,Frauen,bis 19 Jahre,B9999,unbestimmt (nur Pst),5,0,19
1081509,2022-04-30,308,Gänserndorf,Frauen,20 bis 24 Jahre,B9999,unbestimmt (nur Pst),1,20,24
1081632,2022-04-30,308,Gänserndorf,Frauen,55 bis 59 Jahre,B9999,unbestimmt (nur Pst),1,55,59
1081668,2022-04-30,308,Gänserndorf,Männer,bis 19 Jahre,B9999,unbestimmt (nur Pst),4,0,19
1081812,2022-04-30,311,Gmünd,Frauen,bis 19 Jahre,B9999,unbestimmt (nur Pst),1,0,19
1081858,2022-04-30,311,Gmünd,Frauen,55 bis 59 Jahre,B9999,unbestimmt (nur Pst),1,55,59
1081879,2022-04-30,311,Gmünd,Männer,bis 19 Jahre,B9999,unbestimmt (nur Pst),4,0,19
1081929,2022-04-30,312,Hollabrunn,Frauen,bis 19 Jahre,B9999,unbestimmt (nur Pst),1,0,19
1081967,2022-04-30,312,Hollabrunn,Frauen,30 bis 34 Jahre,B9999,unbestimmt (nur Pst),1,30,34
1082020,2022-04-30,312,Hollabrunn,Männer,bis 19 Jahre,B9999,unbestimmt (nur Pst),5,0,19
1082073,2022-04-30,312,Hollabrunn,Männer,55 bis 59 Jahre,B9999,unbestimmt (nur Pst),1,55,59
1082082,2022-04-30,313,Horn,Frauen,bis 19 Jahre,B9999,unbestimmt (nur Pst),2,0,19
1082089,2022-04-30,313,Horn,Frauen,20 bis 24 Jahre,B9999,unbestimmt (nur Pst),1,20,24
1082132,2022-04-30,313,Horn,Männer,20 bis 24 Jahre,B9999,unbestimmt (nur Pst),1,20,24
1082174,2022-04-30,314,Korneuburg,Frauen,bis 19 Jahre,B9999,unbestimmt (nur Pst),3,0,19
1082201,2022-04-30,314,Korneuburg,Frauen,20 bis 24 Jahre,B9999,unbestimmt (nur Pst),4,20,24
1082220,2022-04-30,314,Korneuburg,Frauen,25 bis 29 Jahre,B9999,unbestimmt (nur Pst),1,25,29
1082238,2022-04-30,314,Korneuburg,Frauen,30 bis 34 Jahre,B9999,unbestimmt (nur Pst),1,30,34
1082255,2022-04-30,314,Korneuburg,Frauen,35 bis 39 Jahre,B9999,unbestimmt (nur Pst),1,35,39
1082295,2022-04-30,314,Korneuburg,Frauen,45 bis 49 Jahre,B9999,unbestimmt (nur Pst),1,45,49
1082336,2022-04-30,314,Korneuburg,Männer,bis 19 Jahre,B9999,unbestimmt (nur Pst),8,0,19
1082452,2022-04-30,315,Krems,Frauen,bis 19 Jahre,B9999,unbestimmt (nur Pst),4,0,19
1082488,2022-04-30,315,Krems,Frauen,25 bis 29 Jahre,B9999,unbestimmt (nur Pst),3,25,29
1082583,2022-04-30,315,Krems,Männer,bis 19 Jahre,B9999,unbestimmt (nur Pst),4,0,19
1082658,2022-04-30,315,Krems,Männer,40 bis 44 Jahre,B9999,unbestimmt (nur Pst),1,40,44
1082705,2022-04-30,316,Lilienfeld,Frauen,20 bis 24 Jahre,B9999,unbestimmt (nur Pst),1,20,24
1082714,2022-04-30,316,Lilienfeld,Frauen,25 bis 29 Jahre,B9999,unbestimmt (nur Pst),1,25,29
1082752,2022-04-30,316,Lilienfeld,Frauen,45 bis 49 Jahre,B9999,unbestimmt (nur Pst),1,45,49
1082764,2022-04-30,316,Lilienfeld,Männer,bis 19 Jahre,B9999,unbestimmt (nur Pst),4,0,19
1082818,2022-04-30,317,Melk,Frauen,bis 19 Jahre,B9999,unbestimmt (nur Pst),1,0,19
1082829,2022-04-30,317,Melk,Frauen,20 bis 24 Jahre,B9999,unbestimmt (nur Pst),1,20,24
1083027,2022-04-30,319,Mistelbach,Frauen,bis 19 Jahre,B9999,unbestimmt (nur Pst),3,0,19
1083050,2022-04-30,319,Mistelbach,Frauen,20 bis 24 Jahre,B9999,unbestimmt (nur Pst),1,20,24
1083108,2022-04-30,319,Mistelbach,Frauen,45 bis 49 Jahre,B9999,unbestimmt (nur Pst),1,45,49
1083143,2022-04-30,319,Mistelbach,Männer,bis 19 Jahre,B9999,unbestimmt (nur Pst),2,0,19
1083165,2022-04-30,319,Mistelbach,Männer,20 bis 24 Jahre,B9999,unbestimmt (nur Pst),1,20,24
1083244,2022-04-30,321,Mödling,Frauen,bis 19 Jahre,B9999,unbestimmt (nur Pst),5,0,19
1083286,2022-04-30,321,Mödling,Frauen,25 bis 29 Jahre,B9999,unbestimmt (nur Pst),3,25,29
1083432,2022-04-30,321,Mödling,Männer,bis 19 Jahre,B9999,unbestimmt (nur Pst),7,0,19
1083467,2022-04-30,321,Mödling,Männer,20 bis 24 Jahre,B9999,unbestimmt (nur Pst),2,20,24
1083501,2022-04-30,321,Mödling,Männer,30 bis 34 Jahre,B9999,unbestimmt (nur Pst),1,30,34
1083616,2022-04-30,323,Neunkirchen,Frauen,bis 19 Jahre,B9999,unbestimmt (nur Pst),2,0,19
1083817,2022-04-30,323,Neunkirchen,Männer,25 bis 29 Jahre,B9999,unbestimmt (nur Pst),1,25,29
1083895,2022-04-30,323,Neunkirchen,Männer,55 bis 59 Jahre,B9999,unbestimmt (nur Pst),1,55,59
1083922,2022-04-30,326,St. Pölten,Frauen,bis 19 Jahre,B9999,unbestimmt (nur Pst),15,0,19
1083954,2022-04-30,326,St. Pölten,Frauen,20 bis 24 Jahre,B9999,unbestimmt (nur Pst),8,20,24
1083984,2022-04-30,326,St. Pölten,Frauen,25 bis 29 Jahre,B9999,unbestimmt (nur Pst),1,25,29
1084068,2022-04-30,326,St. Pölten,Frauen,40 bis 44 Jahre,B9999,unbestimmt (nur Pst),1,40,44
1084116,2022-04-30,326,St. Pölten,Frauen,50 bis 54 Jahre,B9999,unbestimmt (nur Pst),1,50,54
1084159,2022-04-30,326,St. Pölten,Männer,bis 19 Jahre,B9999,unbestimmt (nur Pst),19,0,19
1084197,2022-04-30,326,St. Pölten,Männer,20 bis 24 Jahre,B9999,unbestimmt (nur Pst),3,20,24
1084230,2022-04-30,326,St. Pölten,Männer,25 bis 29 Jahre,B9999,unbestimmt (nur Pst),3,25,29
1084287,2022-04-30,326,St. Pölten,Männer,35 bis 39 Jahre,B9999,unbestimmt (nur Pst),1,35,39
1084427,2022-04-30,328,Scheibbs,Männer,bis 19 Jahre,B9999,unbestimmt (nur Pst),2,0,19
1084497,2022-04-30,329,Schwechat,Frauen,bis 19 Jahre,B9999,unbestimmt (nur Pst),1,0,19
1084517,2022-04-30,329,Schwechat,Frauen,20 bis 24 Jahre,B9999,unbestimmt (nur Pst),2,20,24
1084635,2022-04-30,329,Schwechat,Männer,bis 19 Jahre,B9999,unbestimmt (nur Pst),1,0,19
1084759,2022-04-30,331,Tulln,Frauen,bis 19 Jahre,B9999,unbestimmt (nur Pst),6,0,19
1084783,2022-04-30,331,Tulln,Frauen,20 bis 24 Jahre,B9999,unbestimmt (nur Pst),2,20,24
1084839,2022-04-30,331,Tulln,Frauen,35 bis 39 Jahre,B9999,unbestimmt (nur Pst),1,35,39
1084859,2022-04-30,331,Tulln,Frauen,40 bis 44 Jahre,B9999,unbestimmt (nur Pst),1,40,44
1084892,2022-04-30,331,Tulln,Frauen,50 bis 54 Jahre,B9999,unbestimmt (nur Pst),1,50,54
1084917,2022-04-30,331,Tulln,Männer,bis 19 Jahre,B9999,unbestimmt (nur Pst),6,0,19
1084939,2022-04-30,331,Tulln,Männer,20 bis 24 Jahre,B9999,unbestimmt (nur Pst),2,20,24
1084951,2022-04-30,331,Tulln,Männer,25 bis 29 Jahre,B9999,unbestimmt (nur Pst),1,25,29
1085033,2022-04-30,332,Waidhofen/Thaya,Frauen,bis 19 Jahre,B9999,unbestimmt (nur Pst),1,0,19
1085050,2022-04-30,332,Waidhofen/Thaya,Frauen,20 bis 24 Jahre,B9999,unbestimmt (nur Pst),1,20,24
1085095,2022-04-30,332,Waidhofen/Thaya,Männer,bis 19 Jahre,B9999,unbestimmt (nur Pst),1,0,19
1085107,2022-04-30,332,Waidhofen/Thaya,Männer,20 bis 24 Jahre,B9999,unbestimmt (nur Pst),4,20,24
1085143,2022-04-30,333,Waidhofen/Ybbs,Frauen,bis 19 Jahre,B9999,unbestimmt (nur Pst),3,0,19
1085188,2022-04-30,333,Waidhofen/Ybbs,Männer,bis 19 Jahre,B9999,unbestimmt (nur Pst),2,0,19
1085195,2022-04-30,333,Waidhofen/Ybbs,Männer,20 bis 24 Jahre,B9999,unbestimmt (nur Pst),1,20,24
1085236,2022-04-30,334,Wr. Neustadt,Frauen,bis 19 Jahre,B9999,unbestimmt (nur Pst),1,0,19
1085719,2022-04-30,335,Zwettl,Männer,30 bis 34 Jahre,B9999,unbestimmt (nur Pst),1,30,34
1085754,2022-04-30,401,Braunau,Frauen,bis 19 Jahre,B9999,unbestimmt (nur Pst),12,0,19
1085777,2022-04-30,401,Braunau,Frauen,20 bis 24 Jahre,B9999,unbestimmt (nur Pst),6,20,24
1085796,2022-04-30,401,Braunau,Frauen,25 bis 29 Jahre,B9999,unbestimmt (nur Pst),2,25,29
1085817,2022-04-30,401,Braunau,Frauen,30 bis 34 Jahre,B9999,unbestimmt (nur Pst),3,30,34
1085837,2022-04-30,401,Braunau,Frauen,35 bis 39 Jahre,B9999,unbestimmt (nur Pst),1,35,39
1085878,2022-04-30,401,Braunau,Frauen,45 bis 49 Jahre,B9999,unbestimmt (nur Pst),3,45,49
1085894,2022-04-30,401,Braunau,Frauen,50 bis 54 Jahre,B9999,unbestimmt (nur Pst),1,50,54
1085922,2022-04-30,401,Braunau,Männer,bis 19 Jahre,B9999,unbestimmt (nur Pst),21,0,19
1085948,2022-04-30,401,Braunau,Männer,20 bis 24 Jahre,B9999,unbestimmt (nur Pst),5,20,24
1085970,2022-04-30,401,Braunau,Männer,25 bis 29 Jahre,B9999,unbestimmt (nur Pst),2,25,29
1085985,2022-04-30,401,Braunau,Männer,30 bis 34 Jahre,B9999,unbestimmt (nur Pst),1,30,34
1086026,2022-04-30,401,Braunau,Männer,45 bis 49 Jahre,B9999,unbestimmt (nur Pst),1,45,49
1086064,2022-04-30,402,Eferding,Frauen,bis 19 Jahre,B9999,unbestimmt (nur Pst),1,0,19
1086121,2022-04-30,402,Eferding,Männer,20 bis 24 Jahre,B9999,unbestimmt (nur Pst),1,20,24
1086146,2022-04-30,402,Eferding,Männer,45 bis 49 Jahre,B9999,unbestimmt (nur Pst),1,45,49
1086167,2022-04-30,403,Freistadt,Frauen,bis 19 Jahre,B9999,unbestimmt (nur Pst),2,0,19
1086199,2022-04-30,403,Freistadt,Frauen,25 bis 29 Jahre,B9999,unbestimmt (nur Pst),1,25,29
1086294,2022-04-30,403,Freistadt,Männer,20 bis 24 Jahre,B9999,unbestimmt (nur Pst),1,20,24
1086382,2022-04-30,404,Gmunden,Frauen,bis 19 Jahre,B9999,unbestimmt (nur Pst),1,0,19
1086410,2022-04-30,404,Gmunden,Frauen,20 bis 24 Jahre,B9999,unbestimmt (nur Pst),1,20,24
1086475,2022-04-30,404,Gmunden,Frauen,35 bis 39 Jahre,B9999,unbestimmt (nur Pst),1,35,39
1086554,2022-04-30,404,Gmunden,Männer,bis 19 Jahre,B9999,unbestimmt (nur Pst),6,0,19
1086580,2022-04-30,404,Gmunden,Männer,20 bis 24 Jahre,B9999,unbestimmt (nur Pst),1,20,24
1086619,2022-04-30,404,Gmunden,Männer,30 bis 34 Jahre,B9999,unbestimmt (nur Pst),1,30,34
1086699,2022-04-30,406,Grieskirchen,Frauen,bis 19 Jahre,B9999,unbestimmt (nur Pst),2,0,19
1086875,2022-04-30,407,Kirchdorf/Krems,Frauen,bis 19 Jahre,B9999,unbestimmt (nur Pst),2,0,19
1086905,2022-04-30,407,Kirchdorf/Krems,Frauen,25 bis 29 Jahre,B9999,unbestimmt (nur Pst),1,25,29
1086986,2022-04-30,407,Kirchdorf/Krems,Männer,bis 19 Jahre,B9999,unbestimmt (nur Pst),1,0,19
1087119,2022-04-30,409,Linz neu,Frauen,bis 19 Jahre,B9999,unbestimmt (nur Pst),36,0,19
1087162,2022-04-30,409,Linz neu,Frauen,20 bis 24 Jahre,B9999,unbestimmt (nur Pst),14,20,24
1087208,2022-04-30,409,Linz neu,Frauen,25 bis 29 Jahre,B9999,unbestimmt (nur Pst),6,25,29
1087250,2022-04-30,409,Linz neu,Frauen,30 bis 34 Jahre,B9999,unbestimmt (nur Pst),8,30,34
1087298,2022-04-30,409,Linz neu,Frauen,35 bis 39 Jahre,B9999,unbestimmt (nur Pst),2,35,39
1087343,2022-04-30,409,Linz neu,Frauen,40 bis 44 Jahre,B9999,unbestimmt (nur Pst),1,40,44
1087462,2022-04-30,409,Linz neu,Männer,bis 19 Jahre,B9999,unbestimmt (nur Pst),31,0,19
1087519,2022-04-30,409,Linz neu,Männer,20 bis 24 Jahre,B9999,unbestimmt (nur Pst),16,20,24
1087587,2022-04-30,409,Linz neu,Männer,25 bis 29 Jahre,B9999,unbestimmt (nur Pst),6,25,29
1087642,2022-04-30,409,Linz neu,Männer,30 bis 34 Jahre,B9999,unbestimmt (nur Pst),3,30,34
1087691,2022-04-30,409,Linz neu,Männer,35 bis 39 Jahre,B9999,unbestimmt (nur Pst),3,35,39
1087728,2022-04-30,409,Linz neu,Männer,40 bis 44 Jahre,B9999,unbestimmt (nur Pst),1,40,44
1087770,2022-04-30,409,Linz neu,Männer,45 bis 49 Jahre,B9999,unbestimmt (nur Pst),1,45,49
1087852,2022-04-30,411,Perg,Frauen,20 bis 24 Jahre,B9999,unbestimmt (nur Pst),2,20,24
1087975,2022-04-30,411,Perg,Männer,20 bis 24 Jahre,B9999,unbestimmt (nur Pst),2,20,24
1088065,2022-04-30,412,Ried im Innkreis,Frauen,bis 19 Jahre,B9999,unbestimmt (nur Pst),8,0,19
1088086,2022-04-30,412,Ried im Innkreis,Frauen,20 bis 24 Jahre,B9999,unbestimmt (nur Pst),2,20,24
1088103,2022-04-30,412,Ried im Innkreis,Frauen,25 bis 29 Jahre,B9999,unbestimmt (nur Pst),2,25,29
1088121,2022-04-30,412,Ried im Innkreis,Frauen,30 bis 34 Jahre,B9999,unbestimmt (nur Pst),1,30,34
1088150,2022-04-30,412,Ried im Innkreis,Frauen,40 bis 44 Jahre,B9999,unbestimmt (nur Pst),1,40,44
1088190,2022-04-30,412,Ried im Innkreis,Männer,bis 19 Jahre,B9999,unbestimmt (nur Pst),5,0,19
1088216,2022-04-30,412,Ried im Innkreis,Männer,20 bis 24 Jahre,B9999,unbestimmt (nur Pst),1,20,24
1088248,2022-04-30,412,Ried im Innkreis,Männer,30 bis 34 Jahre,B9999,unbestimmt (nur Pst),1,30,34
1088287,2022-04-30,412,Ried im Innkreis,Männer,60 bis 64 Jahre,B9999,unbestimmt (nur Pst),1,60,64
1088297,2022-04-30,413,Rohrbach,Frauen,bis 19 Jahre,B9999,unbestimmt (nur Pst),1,0,19
1088307,2022-04-30,413,Rohrbach,Frauen,20 bis 24 Jahre,B9999,unbestimmt (nur Pst),1,20,24
1088318,2022-04-30,413,Rohrbach,Frauen,25 bis 29 Jahre,B9999,unbestimmt (nur Pst),1,25,29
1088356,2022-04-30,413,Rohrbach,Frauen,55 bis 59 Jahre,B9999,unbestimmt (nur Pst),1,55,59
1088365,2022-04-30,413,Rohrbach,Männer,bis 19 Jahre,B9999,unbestimmt (nur Pst),2,0,19
1088375,2022-04-30,413,Rohrbach,Männer,20 bis 24 Jahre,B9999,unbestimmt (nur Pst),2,20,24
1088410,2022-04-30,413,Rohrbach,Männer,40 bis 44 Jahre,B9999,unbestimmt (nur Pst),1,40,44
1088418,2022-04-30,413,Rohrbach,Männer,45 bis 49 Jahre,B9999,unbestimmt (nur Pst),1,45,49
1088435,2022-04-30,414,Schärding,Frauen,bis 19 Jahre,B9999,unbestimmt (nur Pst),1,0,19
1088511,2022-04-30,414,Schärding,Männer,bis 19 Jahre,B9999,unbestimmt (nur Pst),1,0,19
1088594,2022-04-30,415,Steyr,Frauen,bis 19 Jahre,B9999,unbestimmt (nur Pst),13,0,19
1088619,2022-04-30,415,Steyr,Frauen,20 bis 24 Jahre,B9999,unbestimmt (nur Pst),1,20,24
1088649,2022-04-30,415,Steyr,Frauen,25 bis 29 Jahre,B9999,unbestimmt (nur Pst),2,25,29
1088667,2022-04-30,415,Steyr,Frauen,30 bis 34 Jahre,B9999,unbestimmt (nur Pst),2,30,34
1088686,2022-04-30,415,Steyr,Frauen,35 bis 39 Jahre,B9999,unbestimmt (nur Pst),2,35,39
1088701,2022-04-30,415,Steyr,Frauen,40 bis 44 Jahre,B9999,unbestimmt (nur Pst),1,40,44
1088767,2022-04-30,415,Steyr,Männer,bis 19 Jahre,B9999,unbestimmt (nur Pst),14,0,19
1088797,2022-04-30,415,Steyr,Männer,20 bis 24 Jahre,B9999,unbestimmt (nur Pst),2,20,24
1088823,2022-04-30,415,Steyr,Männer,25 bis 29 Jahre,B9999,unbestimmt (nur Pst),1,25,29
1088952,2022-04-30,418,Vöcklabruck,Frauen,bis 19 Jahre,B9999,unbestimmt (nur Pst),3,0,19
1088979,2022-04-30,418,Vöcklabruck,Frauen,20 bis 24 Jahre,B9999,unbestimmt (nur Pst),1,20,24
1089131,2022-04-30,418,Vöcklabruck,Männer,bis 19 Jahre,B9999,unbestimmt (nur Pst),6,0,19
1089159,2022-04-30,418,Vöcklabruck,Männer,20 bis 24 Jahre,B9999,unbestimmt (nur Pst),1,20,24
1089291,2022-04-30,418,Vöcklabruck,Männer,55 bis 59 Jahre,B9999,unbestimmt (nur Pst),1,55,59
1089347,2022-04-30,419,Wels,Frauen,20 bis 24 Jahre,B9999,unbestimmt (nur Pst),1,20,24
1089513,2022-04-30,419,Wels,Männer,bis 19 Jahre,B9999,unbestimmt (nur Pst),2,0,19
1089589,2022-04-30,419,Wels,Männer,30 bis 34 Jahre,B9999,unbestimmt (nur Pst),1,30,34
1089699,2022-04-30,421,Traun,Frauen,bis 19 Jahre,B9999,unbestimmt (nur Pst),6,0,19
1089787,2022-04-30,421,Traun,Frauen,30 bis 34 Jahre,B9999,unbestimmt (nur Pst),1,30,34
1089812,2022-04-30,421,Traun,Frauen,35 bis 39 Jahre,B9999,unbestimmt (nur Pst),1,35,39
1089927,2022-04-30,421,Traun,Männer,bis 19 Jahre,B9999,unbestimmt (nur Pst),2,0,19
1090068,2022-04-30,421,Traun,Männer,40 bis 44 Jahre,B9999,unbestimmt (nur Pst),1,40,44
1090106,2022-04-30,421,Traun,Männer,50 bis 54 Jahre,B9999,unbestimmt (nur Pst),1,50,54
1090143,2022-04-30,501,Bischofshofen,Frauen,bis 19 Jahre,B9999,unbestimmt (nur Pst),1,0,19
1090160,2022-04-30,501,Bischofshofen,Frauen,20 bis 24 Jahre,B9999,unbestimmt (nur Pst),1,20,24
1090269,2022-04-30,501,Bischofshofen,Männer,bis 19 Jahre,B9999,unbestimmt (nur Pst),1,0,19
1090339,2022-04-30,503,Hallein,Frauen,bis 19 Jahre,B9999,unbestimmt (nur Pst),2,0,19
1090418,2022-04-30,503,Hallein,Männer,bis 19 Jahre,B9999,unbestimmt (nur Pst),3,0,19
1090668,2022-04-30,504,Salzburg,Frauen,35 bis 39 Jahre,B9999,unbestimmt (nur Pst),1,35,39
1090902,2022-04-30,504,Salzburg,Männer,25 bis 29 Jahre,B9999,unbestimmt (nur Pst),1,25,29
1091110,2022-04-30,506,Zell am See,Frauen,bis 19 Jahre,B9999,unbestimmt (nur Pst),2,0,19
1091193,2022-04-30,506,Zell am See,Männer,bis 19 Jahre,B9999,unbestimmt (nur Pst),2,0,19
1091256,2022-04-30,601,Bruck/Mur,Frauen,bis 19 Jahre,B9999,unbestimmt (nur Pst),8,0,19
1091280,2022-04-30,601,Bruck/Mur,Frauen,20 bis 24 Jahre,B9999,unbestimmt (nur Pst),1,20,24
1091398,2022-04-30,601,Bruck/Mur,Männer,bis 19 Jahre,B9999,unbestimmt (nur Pst),9,0,19
1091420,2022-04-30,601,Bruck/Mur,Männer,20 bis 24 Jahre,B9999,unbestimmt (nur Pst),1,20,24
1091534,2022-04-30,603,Deutschlandsberg,Frauen,20 bis 24 Jahre,B9999,unbestimmt (nur Pst),3,20,24
1091750,2022-04-30,604,Feldbach,Frauen,20 bis 24 Jahre,B9999,unbestimmt (nur Pst),2,20,24
1091811,2022-04-30,604,Feldbach,Frauen,40 bis 44 Jahre,B9999,unbestimmt (nur Pst),1,40,44
1091890,2022-04-30,604,Feldbach,Männer,25 bis 29 Jahre,B9999,unbestimmt (nur Pst),1,25,29
1091976,2022-04-30,606,Gleisdorf,Frauen,bis 19 Jahre,B9999,unbestimmt (nur Pst),2,0,19
1091987,2022-04-30,606,Gleisdorf,Frauen,20 bis 24 Jahre,B9999,unbestimmt (nur Pst),2,20,24
1092087,2022-04-30,606,Gleisdorf,Männer,20 bis 24 Jahre,B9999,unbestimmt (nur Pst),1,20,24
1092148,2022-04-30,609,Hartberg,Frauen,bis 19 Jahre,B9999,unbestimmt (nur Pst),1,0,19
1092312,2022-04-30,609,Hartberg,Männer,bis 19 Jahre,B9999,unbestimmt (nur Pst),4,0,19
1092334,2022-04-30,609,Hartberg,Männer,20 bis 24 Jahre,B9999,unbestimmt (nur Pst),2,20,24
1092590,2022-04-30,610,Judenburg,Männer,20 bis 24 Jahre,B9999,unbestimmt (nur Pst),1,20,24
1092747,2022-04-30,614,Leibnitz,Frauen,bis 19 Jahre,B9999,unbestimmt (nur Pst),3,0,19
1092798,2022-04-30,614,Leibnitz,Frauen,25 bis 29 Jahre,B9999,unbestimmt (nur Pst),1,25,29
1092942,2022-04-30,614,Leibnitz,Männer,20 bis 24 Jahre,B9999,unbestimmt (nur Pst),2,20,24
1093034,2022-04-30,616,Leoben,Frauen,bis 19 Jahre,B9999,unbestimmt (nur Pst),1,0,19
1093055,2022-04-30,616,Leoben,Frauen,20 bis 24 Jahre,B9999,unbestimmt (nur Pst),2,20,24
1093083,2022-04-30,616,Leoben,Frauen,30 bis 34 Jahre,B9999,unbestimmt (nur Pst),1,30,34
1093107,2022-04-30,616,Leoben,Frauen,40 bis 44 Jahre,B9999,unbestimmt (nur Pst),1,40,44
1093162,2022-04-30,616,Leoben,Männer,bis 19 Jahre,B9999,unbestimmt (nur Pst),3,0,19
1093185,2022-04-30,616,Leoben,Männer,20 bis 24 Jahre,B9999,unbestimmt (nur Pst),1,20,24
1093207,2022-04-30,616,Leoben,Männer,25 bis 29 Jahre,B9999,unbestimmt (nur Pst),1,25,29
1093315,2022-04-30,618,Liezen,Frauen,20 bis 24 Jahre,B9999,unbestimmt (nur Pst),1,20,24
1093413,2022-04-30,618,Liezen,Männer,bis 19 Jahre,B9999,unbestimmt (nur Pst),1,0,19
1093515,2022-04-30,621,Mürzzuschlag,Frauen,bis 19 Jahre,B9999,unbestimmt (nur Pst),2,0,19
1093528,2022-04-30,621,Mürzzuschlag,Frauen,20 bis 24 Jahre,B9999,unbestimmt (nur Pst),1,20,24
1093604,2022-04-30,621,Mürzzuschlag,Männer,bis 19 Jahre,B9999,unbestimmt (nur Pst),5,0,19
1093618,2022-04-30,621,Mürzzuschlag,Männer,20 bis 24 Jahre,B9999,unbestimmt (nur Pst),2,20,24
1093700,2022-04-30,622,Voitsberg,Frauen,bis 19 Jahre,B9999,unbestimmt (nur Pst),2,0,19
1093720,2022-04-30,622,Voitsberg,Frauen,20 bis 24 Jahre,B9999,unbestimmt (nur Pst),1,20,24
1093811,2022-04-30,622,Voitsberg,Männer,bis 19 Jahre,B9999,unbestimmt (nur Pst),2,0,19
1093905,2022-04-30,623,Weiz,Frauen,bis 19 Jahre,B9999,unbestimmt (nur Pst),2,0,19
1093932,2022-04-30,623,Weiz,Frauen,30 bis 34 Jahre,B9999,unbestimmt (nur Pst),1,30,34
1093944,2022-04-30,623,Weiz,Frauen,35 bis 39 Jahre,B9999,unbestimmt (nur Pst),1,35,39
1093973,2022-04-30,623,Weiz,Frauen,55 bis 59 Jahre,B9999,unbestimmt (nur Pst),1,55,59
1094018,2022-04-30,623,Weiz,Männer,30 bis 34 Jahre,B9999,unbestimmt (nur Pst),1,30,34
1094030,2022-04-30,623,Weiz,Männer,40 bis 44 Jahre,B9999,unbestimmt (nur Pst),2,40,44
1094042,2022-04-30,623,Weiz,Männer,50 bis 54 Jahre,B9999,unbestimmt (nur Pst),1,50,54
1094098,2022-04-30,630,Graz-West und Umgebung,Frauen,bis 19 Jahre,B9999,unbestimmt (nur Pst),10,0,19
1094156,2022-04-30,630,Graz-West und Umgebung,Frauen,20 bis 24 Jahre,B9999,unbestimmt (nur Pst),4,20,24
1094209,2022-04-30,630,Graz-West und Umgebung,Frauen,25 bis 29 Jahre,B9999,unbestimmt (nur Pst),1,25,29
1094261,2022-04-30,630,Graz-West und Umgebung,Frauen,30 bis 34 Jahre,B9999,unbestimmt (nur Pst),1,30,34
1094310,2022-04-30,630,Graz-West und Umgebung,Frauen,35 bis 39 Jahre,B9999,unbestimmt (nur Pst),1,35,39
1094491,2022-04-30,630,Graz-West und Umgebung,Männer,bis 19 Jahre,B9999,unbestimmt (nur Pst),11,0,19
1094549,2022-04-30,630,Graz-West und Umgebung,Männer,20 bis 24 Jahre,B9999,unbestimmt (nur Pst),3,20,24
1094619,2022-04-30,630,Graz-West und Umgebung,Männer,25 bis 29 Jahre,B9999,unbestimmt (nur Pst),2,25,29
1094810,2022-04-30,630,Graz-West und Umgebung,Männer,50 bis 54 Jahre,B9999,unbestimmt (nur Pst),1,50,54
1094871,2022-04-30,631,Graz-Ost,Frauen,bis 19 Jahre,B9999,unbestimmt (nur Pst),3,0,19
1094900,2022-04-30,631,Graz-Ost,Frauen,20 bis 24 Jahre,B9999,unbestimmt (nur Pst),5,20,24
1094945,2022-04-30,631,Graz-Ost,Frauen,25 bis 29 Jahre,B9999,unbestimmt (nur Pst),1,25,29
1094992,2022-04-30,631,Graz-Ost,Frauen,30 bis 34 Jahre,B9999,unbestimmt (nur Pst),3,30,34
1095037,2022-04-30,631,Graz-Ost,Frauen,35 bis 39 Jahre,B9999,unbestimmt (nur Pst),1,35,39
1095075,2022-04-30,631,Graz-Ost,Frauen,40 bis 44 Jahre,B9999,unbestimmt (nur Pst),1,40,44
1095124,2022-04-30,631,Graz-Ost,Frauen,50 bis 54 Jahre,B9999,unbestimmt (nur Pst),1,50,54
1095170,2022-04-30,631,Graz-Ost,Männer,bis 19 Jahre,B9999,unbestimmt (nur Pst),12,0,19
1095218,2022-04-30,631,Graz-Ost,Männer,20 bis 24 Jahre,B9999,unbestimmt (nur Pst),2,20,24
1095257,2022-04-30,631,Graz-Ost,Männer,25 bis 29 Jahre,B9999,unbestimmt (nur Pst),3,25,29
1095441,2022-04-30,701,Imst,Frauen,25 bis 29 Jahre,B9999,unbestimmt (nur Pst),2,25,29
1095447,2022-04-30,701,Imst,Frauen,30 bis 34 Jahre,B9999,unbestimmt (nur Pst),2,30,34
1095453,2022-04-30,701,Imst,Frauen,35 bis 39 Jahre,B9999,unbestimmt (nur Pst),1,35,39
1095491,2022-04-30,701,Imst,Männer,bis 19 Jahre,B9999,unbestimmt (nur Pst),2,0,19
1095518,2022-04-30,701,Imst,Männer,35 bis 39 Jahre,B9999,unbestimmt (nur Pst),1,35,39
1095559,2022-04-30,702,Innsbruck,Frauen,bis 19 Jahre,B9999,unbestimmt (nur Pst),1,0,19
1095593,2022-04-30,702,Innsbruck,Frauen,20 bis 24 Jahre,B9999,unbestimmt (nur Pst),2,20,24
1095653,2022-04-30,702,Innsbruck,Frauen,30 bis 34 Jahre,B9999,unbestimmt (nur Pst),1,30,34
1095691,2022-04-30,702,Innsbruck,Frauen,35 bis 39 Jahre,B9999,unbestimmt (nur Pst),2,35,39
1095786,2022-04-30,702,Innsbruck,Frauen,50 bis 54 Jahre,B9999,unbestimmt (nur Pst),1,50,54
1095797,2022-04-30,702,Innsbruck,Frauen,55 bis 59 Jahre,B9999,unbestimmt (nur Pst),1,55,59
1095828,2022-04-30,702,Innsbruck,Männer,bis 19 Jahre,B9999,unbestimmt (nur Pst),4,0,19
1095869,2022-04-30,702,Innsbruck,Männer,20 bis 24 Jahre,B9999,unbestimmt (nur Pst),4,20,24
1095908,2022-04-30,702,Innsbruck,Männer,25 bis 29 Jahre,B9999,unbestimmt (nur Pst),2,25,29
1095942,2022-04-30,702,Innsbruck,Männer,30 bis 34 Jahre,B9999,unbestimmt (nur Pst),1,30,34
1096089,2022-04-30,704,Kitzbühel,Frauen,bis 19 Jahre,B9999,unbestimmt (nur Pst),1,0,19
1096216,2022-04-30,705,Kufstein,Frauen,bis 19 Jahre,B9999,unbestimmt (nur Pst),5,0,19
1096226,2022-04-30,705,Kufstein,Frauen,20 bis 24 Jahre,B9999,unbestimmt (nur Pst),1,20,24
1096300,2022-04-30,705,Kufstein,Frauen,45 bis 49 Jahre,B9999,unbestimmt (nur Pst),1,45,49
1096338,2022-04-30,705,Kufstein,Männer,bis 19 Jahre,B9999,unbestimmt (nur Pst),8,0,19
1096359,2022-04-30,705,Kufstein,Männer,20 bis 24 Jahre,B9999,unbestimmt (nur Pst),1,20,24
1096377,2022-04-30,705,Kufstein,Männer,25 bis 29 Jahre,B9999,unbestimmt (nur Pst),1,25,29
1096397,2022-04-30,705,Kufstein,Männer,35 bis 39 Jahre,B9999,unbestimmt (nur Pst),1,35,39
1096449,2022-04-30,706,Landeck,Frauen,bis 19 Jahre,B9999,unbestimmt (nur Pst),3,0,19
1096459,2022-04-30,706,Landeck,Frauen,20 bis 24 Jahre,B9999,unbestimmt (nur Pst),1,20,24
1096467,2022-04-30,706,Landeck,Frauen,25 bis 29 Jahre,B9999,unbestimmt (nur Pst),1,25,29
1096490,2022-04-30,706,Landeck,Männer,bis 19 Jahre,B9999,unbestimmt (nur Pst),2,0,19
1096526,2022-04-30,707,Lienz,Frauen,bis 19 Jahre,B9999,unbestimmt (nur Pst),3,0,19
1096586,2022-04-30,707,Lienz,Männer,bis 19 Jahre,B9999,unbestimmt (nur Pst),1,0,19
1096593,2022-04-30,707,Lienz,Männer,20 bis 24 Jahre,B9999,unbestimmt (nur Pst),1,20,24
1096649,2022-04-30,708,Reutte,Frauen,35 bis 39 Jahre,B9999,unbestimmt (nur Pst),1,35,39
1096724,2022-04-30,709,Schwaz,Frauen,bis 19 Jahre,B9999,unbestimmt (nur Pst),2,0,19
1096809,2022-04-30,709,Schwaz,Männer,bis 19 Jahre,B9999,unbestimmt (nur Pst),2,0,19
1096819,2022-04-30,709,Schwaz,Männer,20 bis 24 Jahre,B9999,unbestimmt (nur Pst),1,20,24
1096854,2022-04-30,709,Schwaz,Männer,35 bis 39 Jahre,B9999,unbestimmt (nur Pst),1,35,39
1096860,2022-04-30,709,Schwaz,Männer,40 bis 44 Jahre,B9999,unbestimmt (nur Pst),1,40,44
1096891,2022-04-30,801,Bludenz,Frauen,bis 19 Jahre,B9999,unbestimmt (nur Pst),1,0,19
1096922,2022-04-30,801,Bludenz,Frauen,20 bis 24 Jahre,B9999,unbestimmt (nur Pst),1,20,24
1096941,2022-04-30,801,Bludenz,Frauen,25 bis 29 Jahre,B9999,unbestimmt (nur Pst),1,25,29
1097017,2022-04-30,801,Bludenz,Männer,bis 19 Jahre,B9999,unbestimmt (nur Pst),1,0,19
1097052,2022-04-30,801,Bludenz,Männer,25 bis 29 Jahre,B9999,unbestimmt (nur Pst),1,25,29
1097131,2022-04-30,802,Bregenz,Frauen,bis 19 Jahre,B9999,unbestimmt (nur Pst),3,0,19
1097158,2022-04-30,802,Bregenz,Frauen,20 bis 24 Jahre,B9999,unbestimmt (nur Pst),2,20,24
1097186,2022-04-30,802,Bregenz,Frauen,25 bis 29 Jahre,B9999,unbestimmt (nur Pst),2,25,29
1097213,2022-04-30,802,Bregenz,Frauen,30 bis 34 Jahre,B9999,unbestimmt (nur Pst),1,30,34
1097255,2022-04-30,802,Bregenz,Frauen,40 bis 44 Jahre,B9999,unbestimmt (nur Pst),1,40,44
1097333,2022-04-30,802,Bregenz,Männer,bis 19 Jahre,B9999,unbestimmt (nur Pst),3,0,19
1097368,2022-04-30,802,Bregenz,Männer,20 bis 24 Jahre,B9999,unbestimmt (nur Pst),2,20,24
1097397,2022-04-30,802,Bregenz,Männer,25 bis 29 Jahre,B9999,unbestimmt (nur Pst),1,25,29
1097430,2022-04-30,802,Bregenz,Männer,35 bis 39 Jahre,B9999,unbestimmt (nur Pst),1,35,39
1097489,2022-04-30,804,Dornbirn,Frauen,bis 19 Jahre,B9999,unbestimmt (nur Pst),2,0,19
1097527,2022-04-30,804,Dornbirn,Frauen,20 bis 24 Jahre,B9999,unbestimmt (nur Pst),2,20,24
1097549,2022-04-30,804,Dornbirn,Frauen,25 bis 29 Jahre,B9999,unbestimmt (nur Pst),1,25,29
1097569,2022-04-30,804,Dornbirn,Frauen,30 bis 34 Jahre,B9999,unbestimmt (nur Pst),1,30,34
1097676,2022-04-30,804,Dornbirn,Männer,bis 19 Jahre,B9999,unbestimmt (nur Pst),3,0,19
1097728,2022-04-30,804,Dornbirn,Männer,25 bis 29 Jahre,B9999,unbestimmt (nur Pst),2,25,29
1097835,2022-04-30,805,Feldkirch,Frauen,bis 19 Jahre,B9999,unbestimmt (nur Pst),2,0,19
1097867,2022-04-30,805,Feldkirch,Frauen,20 bis 24 Jahre,B9999,unbestimmt (nur Pst),9,20,24
1097893,2022-04-30,805,Feldkirch,Frauen,25 bis 29 Jahre,B9999,unbestimmt (nur Pst),6,25,29
1097941,2022-04-30,805,Feldkirch,Frauen,35 bis 39 Jahre,B9999,unbestimmt (nur Pst),2,35,39
1097964,2022-04-30,805,Feldkirch,Frauen,40 bis 44 Jahre,B9999,unbestimmt (nur Pst),2,40,44
1097983,2022-04-30,805,Feldkirch,Frauen,45 bis 49 Jahre,B9999,unbestimmt (nur Pst),1,45,49
1098028,2022-04-30,805,Feldkirch,Männer,bis 19 Jahre,B9999,unbestimmt (nur Pst),6,0,19
1098064,2022-04-30,805,Feldkirch,Männer,20 bis 24 Jahre,B9999,unbestimmt (nur Pst),7,20,24
1098097,2022-04-30,805,Feldkirch,Männer,25 bis 29 Jahre,B9999,unbestimmt (nur Pst),3,25,29
1098143,2022-04-30,805,Feldkirch,Männer,35 bis 39 Jahre,B9999,unbestimmt (nur Pst),3,35,39
1098165,2022-04-30,805,Feldkirch,Männer,45 bis 49 Jahre,B9999,unbestimmt (nur Pst),2,45,49
1098179,2022-04-30,805,Feldkirch,Männer,50 bis 54 Jahre,B9999,unbestimmt (nur Pst),2,50,54
1098226,2022-04-30,958,Wien Johnstraße,Frauen,25 bis 29 Jahre,B9999,unbestimmt (nur Pst),1,25,29
1098903,2022-04-30,959,Wien Hauffgasse,Frauen,45 bis 49 Jahre,B9999,unbestimmt (nur Pst),1,45,49
1100572,2022-04-30,963,Wien Währinger Gürtel,Frauen,40 bis 44 Jahre,B9999,unbestimmt (nur Pst),1,40,44
1100613,2022-04-30,963,Wien Währinger Gürtel,Frauen,45 bis 49 Jahre,B9999,unbestimmt (nur Pst),1,45,49
1100750,2022-04-30,963,Wien Währinger Gürtel,Männer,30 bis 34 Jahre,B9999,unbestimmt (nur Pst),1,30,34
1100910,2022-04-30,963,Wien Währinger Gürtel,Männer,55 bis 59 Jahre,B9999,unbestimmt (nur Pst),1,55,59
1102607,2022-04-30,966,Wien Hietzinger Kai,Frauen,25 bis 29 Jahre,B9999,unbestimmt (nur Pst),1,25,29
1102744,2022-04-30,966,Wien Hietzinger Kai,Frauen,40 bis 44 Jahre,B9999,unbestimmt (nur Pst),1,40,44
1103211,2022-04-30,967,Wien Huttengasse,Frauen,25 bis 29 Jahre,B9999,unbestimmt (nur Pst),1,25,29
1103440,2022-04-30,967,Wien Huttengasse,Frauen,45 bis 49 Jahre,B9999,unbestimmt (nur Pst),2,45,49
1103575,2022-04-30,967,Wien Huttengasse,Männer,25 bis 29 Jahre,B9999,unbestimmt (nur Pst),1,25,29
1104102,2022-04-30,968,Wien Schloßhofer Straße,Frauen,35 bis 39 Jahre,B9999,unbestimmt (nur Pst),1,35,39
1104151,2022-04-30,968,Wien Schloßhofer Straße,Frauen,40 bis 44 Jahre,B9999,unbestimmt (nur Pst),3,40,44
1105378,2022-04-30,974,Wien Austria Campus,Frauen,35 bis 39 Jahre,B9999,unbestimmt (nur Pst),1,35,39
1105416,2022-04-30,974,Wien Austria Campus,Frauen,40 bis 44 Jahre,B9999,unbestimmt (nur Pst),1,40,44
1105469,2022-04-30,974,Wien Austria Campus,Frauen,50 bis 54 Jahre,B9999,unbestimmt (nur Pst),1,50,54
1106316,2022-04-30,976,Wien Jugendliche I,Frauen,bis 19 Jahre,B9999,unbestimmt (nur Pst),10,0,19
1106404,2022-04-30,976,Wien Jugendliche I,Frauen,20 bis 24 Jahre,B9999,unbestimmt (nur Pst),4,20,24
1106517,2022-04-30,976,Wien Jugendliche I,Männer,bis 19 Jahre,B9999,unbestimmt (nur Pst),14,0,19
1106653,2022-04-30,976,Wien Jugendliche I,Männer,20 bis 24 Jahre,B9999,unbestimmt (nur Pst),7,20,24
1106756,2022-04-30,977,Wien Jugendliche II,Frauen,bis 19 Jahre,B9999,unbestimmt (nur Pst),13,0,19
1106856,2022-04-30,977,Wien Jugendliche II,Frauen,20 bis 24 Jahre,B9999,unbestimmt (nur Pst),4,20,24
1106968,2022-04-30,977,Wien Jugendliche II,Männer,bis 19 Jahre,B9999,unbestimmt (nur Pst),6,0,19
1107094,2022-04-30,977,Wien Jugendliche II,Männer,20 bis 24 Jahre,B9999,unbestimmt (nur Pst),4,20,24
1107250,2022-05-31,101,Eisenstadt,Männer,bis 19 Jahre,B9999,unbestimmt (nur Pst),4,0,19
1107345,2022-05-31,102,Mattersburg,Frauen,bis 19 Jahre,B9999,unbestimmt (nur Pst),4,0,19
1107356,2022-05-31,102,Mattersburg,Frauen,20 bis 24 Jahre,B9999,unbestimmt (nur Pst),1,20,24
1107391,2022-05-31,102,Mattersburg,Frauen,45 bis 49 Jahre,B9999,unbestimmt (nur Pst),1,45,49
1107411,2022-05-31,102,Mattersburg,Männer,bis 19 Jahre,B9999,unbestimmt (nur Pst),3,0,19
1107559,2022-05-31,103,Neusiedl am See,Männer,40 bis 44 Jahre,B9999,unbestimmt (nur Pst),1,40,44
1107802,2022-05-31,105,Oberwart,Frauen,30 bis 34 Jahre,B9999,unbestimmt (nur Pst),1,30,34
1107866,2022-05-31,105,Oberwart,Frauen,50 bis 54 Jahre,B9999,unbestimmt (nur Pst),1,50,54
1108001,2022-05-31,106,Stegersbach,Frauen,bis 19 Jahre,B9999,unbestimmt (nur Pst),1,0,19
1108092,2022-05-31,106,Stegersbach,Männer,bis 19 Jahre,B9999,unbestimmt (nur Pst),1,0,19
1108307,2022-05-31,201,Feldkirchen,Männer,bis 19 Jahre,B9999,unbestimmt (nur Pst),1,0,19
1108387,2022-05-31,203,Klagenfurt,Frauen,bis 19 Jahre,B9999,unbestimmt (nur Pst),1,0,19
1108443,2022-05-31,203,Klagenfurt,Frauen,25 bis 29 Jahre,B9999,unbestimmt (nur Pst),2,25,29
1108469,2022-05-31,203,Klagenfurt,Frauen,30 bis 34 Jahre,B9999,unbestimmt (nur Pst),2,30,34
1108519,2022-05-31,203,Klagenfurt,Frauen,40 bis 44 Jahre,B9999,unbestimmt (nur Pst),3,40,44
1108543,2022-05-31,203,Klagenfurt,Frauen,45 bis 49 Jahre,B9999,unbestimmt (nur Pst),1,45,49
1108596,2022-05-31,203,Klagenfurt,Männer,bis 19 Jahre,B9999,unbestimmt (nur Pst),4,0,19
1108630,2022-05-31,203,Klagenfurt,Männer,20 bis 24 Jahre,B9999,unbestimmt (nur Pst),1,20,24
1108659,2022-05-31,203,Klagenfurt,Männer,25 bis 29 Jahre,B9999,unbestimmt (nur Pst),2,25,29
1108683,2022-05-31,203,Klagenfurt,Männer,30 bis 34 Jahre,B9999,unbestimmt (nur Pst),1,30,34
1108722,2022-05-31,203,Klagenfurt,Männer,40 bis 44 Jahre,B9999,unbestimmt (nur Pst),2,40,44
1108741,2022-05-31,203,Klagenfurt,Männer,45 bis 49 Jahre,B9999,unbestimmt (nur Pst),1,45,49
1108754,2022-05-31,203,Klagenfurt,Männer,50 bis 54 Jahre,B9999,unbestimmt (nur Pst),1,50,54
1108765,2022-05-31,203,Klagenfurt,Männer,55 bis 59 Jahre,B9999,unbestimmt (nur Pst),1,55,59
1108782,2022-05-31,204,Spittal/Drau,Frauen,bis 19 Jahre,B9999,unbestimmt (nur Pst),1,0,19
1108881,2022-05-31,204,Spittal/Drau,Männer,bis 19 Jahre,B9999,unbestimmt (nur Pst),1,0,19
1109433,2022-05-31,206,Villach,Männer,35 bis 39 Jahre,B9999,unbestimmt (nur Pst),1,35,39
1109550,2022-05-31,207,Völkermarkt,Frauen,40 bis 44 Jahre,B9999,unbestimmt (nur Pst),1,40,44
1109583,2022-05-31,207,Völkermarkt,Männer,bis 19 Jahre,B9999,unbestimmt (nur Pst),1,0,19
1109678,2022-05-31,208,Wolfsberg,Frauen,25 bis 29 Jahre,B9999,unbestimmt (nur Pst),1,25,29
1109751,2022-05-31,208,Wolfsberg,Männer,bis 19 Jahre,B9999,unbestimmt (nur Pst),1,0,19
1109766,2022-05-31,208,Wolfsberg,Männer,20 bis 24 Jahre,B9999,unbestimmt (nur Pst),1,20,24
1109827,2022-05-31,301,Amstetten,Frauen,bis 19 Jahre,B9999,unbestimmt (nur Pst),5,0,19
1109850,2022-05-31,301,Amstetten,Frauen,20 bis 24 Jahre,B9999,unbestimmt (nur Pst),2,20,24
1109871,2022-05-31,301,Amstetten,Frauen,25 bis 29 Jahre,B9999,unbestimmt (nur Pst),1,25,29
1109891,2022-05-31,301,Amstetten,Frauen,30 bis 34 Jahre,B9999,unbestimmt (nur Pst),1,30,34
1109977,2022-05-31,301,Amstetten,Männer,bis 19 Jahre,B9999,unbestimmt (nur Pst),8,0,19
1109992,2022-05-31,301,Amstetten,Männer,20 bis 24 Jahre,B9999,unbestimmt (nur Pst),1,20,24
1110030,2022-05-31,301,Amstetten,Männer,30 bis 34 Jahre,B9999,unbestimmt (nur Pst),1,30,34
1110127,2022-05-31,304,Baden neu,Frauen,bis 19 Jahre,B9999,unbestimmt (nur Pst),1,0,19
1110157,2022-05-31,304,Baden neu,Frauen,20 bis 24 Jahre,B9999,unbestimmt (nur Pst),4,20,24
1110181,2022-05-31,304,Baden neu,Frauen,25 bis 29 Jahre,B9999,unbestimmt (nur Pst),1,25,29
1110222,2022-05-31,304,Baden neu,Frauen,35 bis 39 Jahre,B9999,unbestimmt (nur Pst),1,35,39
1110244,2022-05-31,304,Baden neu,Frauen,40 bis 44 Jahre,B9999,unbestimmt (nur Pst),1,40,44
1110318,2022-05-31,304,Baden neu,Männer,bis 19 Jahre,B9999,unbestimmt (nur Pst),2,0,19
1110362,2022-05-31,304,Baden neu,Männer,20 bis 24 Jahre,B9999,unbestimmt (nur Pst),3,20,24
1110450,2022-05-31,304,Baden neu,Männer,45 bis 49 Jahre,B9999,unbestimmt (nur Pst),1,45,49
1110499,2022-05-31,306,Bruck/Leitha,Frauen,bis 19 Jahre,B9999,unbestimmt (nur Pst),3,0,19
1110516,2022-05-31,306,Bruck/Leitha,Frauen,20 bis 24 Jahre,B9999,unbestimmt (nur Pst),1,20,24
1110539,2022-05-31,306,Bruck/Leitha,Frauen,30 bis 34 Jahre,B9999,unbestimmt (nur Pst),1,30,34
1110598,2022-05-31,306,Bruck/Leitha,Männer,bis 19 Jahre,B9999,unbestimmt (nur Pst),1,0,19
1110615,2022-05-31,306,Bruck/Leitha,Männer,20 bis 24 Jahre,B9999,unbestimmt (nur Pst),1,20,24
1110690,2022-05-31,308,Gänserndorf,Frauen,bis 19 Jahre,B9999,unbestimmt (nur Pst),4,0,19
1110883,2022-05-31,308,Gänserndorf,Männer,bis 19 Jahre,B9999,unbestimmt (nur Pst),2,0,19
1111022,2022-05-31,311,Gmünd,Frauen,bis 19 Jahre,B9999,unbestimmt (nur Pst),2,0,19
1111070,2022-05-31,311,Gmünd,Frauen,55 bis 59 Jahre,B9999,unbestimmt (nur Pst),1,55,59
1111090,2022-05-31,311,Gmünd,Männer,bis 19 Jahre,B9999,unbestimmt (nur Pst),4,0,19
1111138,2022-05-31,312,Hollabrunn,Frauen,bis 19 Jahre,B9999,unbestimmt (nur Pst),3,0,19
1111167,2022-05-31,312,Hollabrunn,Frauen,25 bis 29 Jahre,B9999,unbestimmt (nur Pst),1,25,29
1111180,2022-05-31,312,Hollabrunn,Frauen,30 bis 34 Jahre,B9999,unbestimmt (nur Pst),1,30,34
1111191,2022-05-31,312,Hollabrunn,Frauen,35 bis 39 Jahre,B9999,unbestimmt (nur Pst),1,35,39
1111233,2022-05-31,312,Hollabrunn,Männer,bis 19 Jahre,B9999,unbestimmt (nur Pst),5,0,19
1111293,2022-05-31,312,Hollabrunn,Männer,55 bis 59 Jahre,B9999,unbestimmt (nur Pst),1,55,59
1111302,2022-05-31,313,Horn,Frauen,bis 19 Jahre,B9999,unbestimmt (nur Pst),2,0,19
1111308,2022-05-31,313,Horn,Frauen,20 bis 24 Jahre,B9999,unbestimmt (nur Pst),1,20,24
1111350,2022-05-31,313,Horn,Männer,20 bis 24 Jahre,B9999,unbestimmt (nur Pst),1,20,24
1111390,2022-05-31,314,Korneuburg,Frauen,bis 19 Jahre,B9999,unbestimmt (nur Pst),3,0,19
1111413,2022-05-31,314,Korneuburg,Frauen,20 bis 24 Jahre,B9999,unbestimmt (nur Pst),3,20,24
1111431,2022-05-31,314,Korneuburg,Frauen,25 bis 29 Jahre,B9999,unbestimmt (nur Pst),2,25,29
1111450,2022-05-31,314,Korneuburg,Frauen,30 bis 34 Jahre,B9999,unbestimmt (nur Pst),1,30,34
1111466,2022-05-31,314,Korneuburg,Frauen,35 bis 39 Jahre,B9999,unbestimmt (nur Pst),1,35,39
1111501,2022-05-31,314,Korneuburg,Frauen,45 bis 49 Jahre,B9999,unbestimmt (nur Pst),1,45,49
1111537,2022-05-31,314,Korneuburg,Männer,bis 19 Jahre,B9999,unbestimmt (nur Pst),7,0,19
1111645,2022-05-31,315,Krems,Frauen,bis 19 Jahre,B9999,unbestimmt (nur Pst),4,0,19
1111684,2022-05-31,315,Krems,Frauen,25 bis 29 Jahre,B9999,unbestimmt (nur Pst),3,25,29
1111782,2022-05-31,315,Krems,Männer,bis 19 Jahre,B9999,unbestimmt (nur Pst),4,0,19
1111893,2022-05-31,316,Lilienfeld,Frauen,bis 19 Jahre,B9999,unbestimmt (nur Pst),1,0,19
1111902,2022-05-31,316,Lilienfeld,Frauen,20 bis 24 Jahre,B9999,unbestimmt (nur Pst),2,20,24
1111935,2022-05-31,316,Lilienfeld,Frauen,40 bis 44 Jahre,B9999,unbestimmt (nur Pst),1,40,44
1111941,2022-05-31,316,Lilienfeld,Frauen,45 bis 49 Jahre,B9999,unbestimmt (nur Pst),1,45,49
1111953,2022-05-31,316,Lilienfeld,Männer,bis 19 Jahre,B9999,unbestimmt (nur Pst),4,0,19
1112001,2022-05-31,317,Melk,Frauen,bis 19 Jahre,B9999,unbestimmt (nur Pst),1,0,19
1112012,2022-05-31,317,Melk,Frauen,20 bis 24 Jahre,B9999,unbestimmt (nur Pst),1,20,24
1112210,2022-05-31,319,Mistelbach,Frauen,bis 19 Jahre,B9999,unbestimmt (nur Pst),3,0,19
1112229,2022-05-31,319,Mistelbach,Frauen,20 bis 24 Jahre,B9999,unbestimmt (nur Pst),1,20,24
1112325,2022-05-31,319,Mistelbach,Männer,bis 19 Jahre,B9999,unbestimmt (nur Pst),2,0,19
1112345,2022-05-31,319,Mistelbach,Männer,20 bis 24 Jahre,B9999,unbestimmt (nur Pst),1,20,24
1112418,2022-05-31,321,Mödling,Frauen,bis 19 Jahre,B9999,unbestimmt (nur Pst),4,0,19
1112469,2022-05-31,321,Mödling,Frauen,25 bis 29 Jahre,B9999,unbestimmt (nur Pst),3,25,29
1112578,2022-05-31,321,Mödling,Frauen,50 bis 54 Jahre,B9999,unbestimmt (nur Pst),1,50,54
1112616,2022-05-31,321,Mödling,Männer,bis 19 Jahre,B9999,unbestimmt (nur Pst),5,0,19
1112651,2022-05-31,321,Mödling,Männer,20 bis 24 Jahre,B9999,unbestimmt (nur Pst),2,20,24
1112691,2022-05-31,321,Mödling,Männer,30 bis 34 Jahre,B9999,unbestimmt (nur Pst),1,30,34
1112810,2022-05-31,323,Neunkirchen,Frauen,bis 19 Jahre,B9999,unbestimmt (nur Pst),2,0,19
1113006,2022-05-31,323,Neunkirchen,Männer,25 bis 29 Jahre,B9999,unbestimmt (nur Pst),1,25,29
1113089,2022-05-31,323,Neunkirchen,Männer,55 bis 59 Jahre,B9999,unbestimmt (nur Pst),1,55,59
1113115,2022-05-31,326,St. Pölten,Frauen,bis 19 Jahre,B9999,unbestimmt (nur Pst),16,0,19
1113148,2022-05-31,326,St. Pölten,Frauen,20 bis 24 Jahre,B9999,unbestimmt (nur Pst),5,20,24
1113179,2022-05-31,326,St. Pölten,Frauen,25 bis 29 Jahre,B9999,unbestimmt (nur Pst),2,25,29
1113272,2022-05-31,326,St. Pölten,Frauen,40 bis 44 Jahre,B9999,unbestimmt (nur Pst),3,40,44
1113295,2022-05-31,326,St. Pölten,Frauen,45 bis 49 Jahre,B9999,unbestimmt (nur Pst),1,45,49
1113316,2022-05-31,326,St. Pölten,Frauen,50 bis 54 Jahre,B9999,unbestimmt (nur Pst),1,50,54
1113359,2022-05-31,326,St. Pölten,Männer,bis 19 Jahre,B9999,unbestimmt (nur Pst),19,0,19
1113394,2022-05-31,326,St. Pölten,Männer,20 bis 24 Jahre,B9999,unbestimmt (nur Pst),1,20,24
1113426,2022-05-31,326,St. Pölten,Männer,25 bis 29 Jahre,B9999,unbestimmt (nur Pst),3,25,29
1113483,2022-05-31,326,St. Pölten,Männer,35 bis 39 Jahre,B9999,unbestimmt (nur Pst),1,35,39
1113506,2022-05-31,326,St. Pölten,Männer,40 bis 44 Jahre,B9999,unbestimmt (nur Pst),1,40,44
1113538,2022-05-31,326,St. Pölten,Männer,50 bis 54 Jahre,B9999,unbestimmt (nur Pst),1,50,54
1113579,2022-05-31,328,Scheibbs,Frauen,20 bis 24 Jahre,B9999,unbestimmt (nur Pst),1,20,24
1113626,2022-05-31,328,Scheibbs,Männer,bis 19 Jahre,B9999,unbestimmt (nur Pst),1,0,19
1113698,2022-05-31,329,Schwechat,Frauen,bis 19 Jahre,B9999,unbestimmt (nur Pst),1,0,19
1113718,2022-05-31,329,Schwechat,Frauen,20 bis 24 Jahre,B9999,unbestimmt (nur Pst),2,20,24
1113834,2022-05-31,329,Schwechat,Männer,bis 19 Jahre,B9999,unbestimmt (nur Pst),2,0,19
1113946,2022-05-31,331,Tulln,Frauen,bis 19 Jahre,B9999,unbestimmt (nur Pst),5,0,19
1113972,2022-05-31,331,Tulln,Frauen,20 bis 24 Jahre,B9999,unbestimmt (nur Pst),3,20,24
1114038,2022-05-31,331,Tulln,Frauen,40 bis 44 Jahre,B9999,unbestimmt (nur Pst),1,40,44
1114071,2022-05-31,331,Tulln,Frauen,50 bis 54 Jahre,B9999,unbestimmt (nur Pst),1,50,54
1114097,2022-05-31,331,Tulln,Männer,bis 19 Jahre,B9999,unbestimmt (nur Pst),5,0,19
1114122,2022-05-31,331,Tulln,Männer,20 bis 24 Jahre,B9999,unbestimmt (nur Pst),2,20,24
1114133,2022-05-31,331,Tulln,Männer,25 bis 29 Jahre,B9999,unbestimmt (nur Pst),1,25,29
1114213,2022-05-31,332,Waidhofen/Thaya,Frauen,bis 19 Jahre,B9999,unbestimmt (nur Pst),1,0,19
1114277,2022-05-31,332,Waidhofen/Thaya,Männer,20 bis 24 Jahre,B9999,unbestimmt (nur Pst),3,20,24
1114306,2022-05-31,333,Waidhofen/Ybbs,Frauen,bis 19 Jahre,B9999,unbestimmt (nur Pst),3,0,19
1114318,2022-05-31,333,Waidhofen/Ybbs,Frauen,20 bis 24 Jahre,B9999,unbestimmt (nur Pst),1,20,24
1114353,2022-05-31,333,Waidhofen/Ybbs,Männer,bis 19 Jahre,B9999,unbestimmt (nur Pst),2,0,19
1114359,2022-05-31,333,Waidhofen/Ybbs,Männer,20 bis 24 Jahre,B9999,unbestimmt (nur Pst),1,20,24
1114401,2022-05-31,334,Wr. Neustadt,Frauen,bis 19 Jahre,B9999,unbestimmt (nur Pst),1,0,19
1114881,2022-05-31,335,Zwettl,Männer,30 bis 34 Jahre,B9999,unbestimmt (nur Pst),1,30,34
1114913,2022-05-31,401,Braunau,Frauen,bis 19 Jahre,B9999,unbestimmt (nur Pst),13,0,19
1114937,2022-05-31,401,Braunau,Frauen,20 bis 24 Jahre,B9999,unbestimmt (nur Pst),8,20,24
1114958,2022-05-31,401,Braunau,Frauen,25 bis 29 Jahre,B9999,unbestimmt (nur Pst),3,25,29
1114977,2022-05-31,401,Braunau,Frauen,30 bis 34 Jahre,B9999,unbestimmt (nur Pst),3,30,34
1114996,2022-05-31,401,Braunau,Frauen,35 bis 39 Jahre,B9999,unbestimmt (nur Pst),1,35,39
1115036,2022-05-31,401,Braunau,Frauen,45 bis 49 Jahre,B9999,unbestimmt (nur Pst),2,45,49
1115049,2022-05-31,401,Braunau,Frauen,50 bis 54 Jahre,B9999,unbestimmt (nur Pst),1,50,54
1115077,2022-05-31,401,Braunau,Männer,bis 19 Jahre,B9999,unbestimmt (nur Pst),19,0,19
1115104,2022-05-31,401,Braunau,Männer,20 bis 24 Jahre,B9999,unbestimmt (nur Pst),7,20,24
1115126,2022-05-31,401,Braunau,Männer,25 bis 29 Jahre,B9999,unbestimmt (nur Pst),2,25,29
1115182,2022-05-31,401,Braunau,Männer,45 bis 49 Jahre,B9999,unbestimmt (nur Pst),1,45,49
1115218,2022-05-31,402,Eferding,Frauen,bis 19 Jahre,B9999,unbestimmt (nur Pst),2,0,19
1115283,2022-05-31,402,Eferding,Männer,20 bis 24 Jahre,B9999,unbestimmt (nur Pst),1,20,24
1115307,2022-05-31,402,Eferding,Männer,45 bis 49 Jahre,B9999,unbestimmt (nur Pst),1,45,49
1115328,2022-05-31,403,Freistadt,Frauen,bis 19 Jahre,B9999,unbestimmt (nur Pst),2,0,19
1115361,2022-05-31,403,Freistadt,Frauen,25 bis 29 Jahre,B9999,unbestimmt (nur Pst),1,25,29
1115453,2022-05-31,403,Freistadt,Männer,20 bis 24 Jahre,B9999,unbestimmt (nur Pst),1,20,24
1115536,2022-05-31,404,Gmunden,Frauen,bis 19 Jahre,B9999,unbestimmt (nur Pst),1,0,19
1115564,2022-05-31,404,Gmunden,Frauen,20 bis 24 Jahre,B9999,unbestimmt (nur Pst),1,20,24
1115590,2022-05-31,404,Gmunden,Frauen,25 bis 29 Jahre,B9999,unbestimmt (nur Pst),1,25,29
1115627,2022-05-31,404,Gmunden,Frauen,35 bis 39 Jahre,B9999,unbestimmt (nur Pst),1,35,39
1115710,2022-05-31,404,Gmunden,Männer,bis 19 Jahre,B9999,unbestimmt (nur Pst),6,0,19
1115739,2022-05-31,404,Gmunden,Männer,20 bis 24 Jahre,B9999,unbestimmt (nur Pst),2,20,24
1115776,2022-05-31,404,Gmunden,Männer,30 bis 34 Jahre,B9999,unbestimmt (nur Pst),1,30,34
1115847,2022-05-31,404,Gmunden,Männer,60 bis 64 Jahre,B9999,unbestimmt (nur Pst),1,60,64
1115861,2022-05-31,406,Grieskirchen,Frauen,bis 19 Jahre,B9999,unbestimmt (nur Pst),2,0,19
1116037,2022-05-31,407,Kirchdorf/Krems,Frauen,bis 19 Jahre,B9999,unbestimmt (nur Pst),2,0,19
1116070,2022-05-31,407,Kirchdorf/Krems,Frauen,25 bis 29 Jahre,B9999,unbestimmt (nur Pst),1,25,29
1116123,2022-05-31,407,Kirchdorf/Krems,Frauen,45 bis 49 Jahre,B9999,unbestimmt (nur Pst),1,45,49
1116131,2022-05-31,407,Kirchdorf/Krems,Frauen,50 bis 54 Jahre,B9999,unbestimmt (nur Pst),1,50,54
1116157,2022-05-31,407,Kirchdorf/Krems,Männer,bis 19 Jahre,B9999,unbestimmt (nur Pst),2,0,19
1116245,2022-05-31,407,Kirchdorf/Krems,Männer,50 bis 54 Jahre,B9999,unbestimmt (nur Pst),1,50,54
1116286,2022-05-31,409,Linz neu,Frauen,bis 19 Jahre,B9999,unbestimmt (nur Pst),40,0,19
1116331,2022-05-31,409,Linz neu,Frauen,20 bis 24 Jahre,B9999,unbestimmt (nur Pst),16,20,24
1116382,2022-05-31,409,Linz neu,Frauen,25 bis 29 Jahre,B9999,unbestimmt (nur Pst),7,25,29
1116426,2022-05-31,409,Linz neu,Frauen,30 bis 34 Jahre,B9999,unbestimmt (nur Pst),8,30,34
1116477,2022-05-31,409,Linz neu,Frauen,35 bis 39 Jahre,B9999,unbestimmt (nur Pst),3,35,39
1116521,2022-05-31,409,Linz neu,Frauen,40 bis 44 Jahre,B9999,unbestimmt (nur Pst),1,40,44
1116645,2022-05-31,409,Linz neu,Männer,bis 19 Jahre,B9999,unbestimmt (nur Pst),34,0,19
1116707,2022-05-31,409,Linz neu,Männer,20 bis 24 Jahre,B9999,unbestimmt (nur Pst),19,20,24
1116773,2022-05-31,409,Linz neu,Männer,25 bis 29 Jahre,B9999,unbestimmt (nur Pst),4,25,29
1116827,2022-05-31,409,Linz neu,Männer,30 bis 34 Jahre,B9999,unbestimmt (nur Pst),3,30,34
1116875,2022-05-31,409,Linz neu,Männer,35 bis 39 Jahre,B9999,unbestimmt (nur Pst),3,35,39
1116914,2022-05-31,409,Linz neu,Männer,40 bis 44 Jahre,B9999,unbestimmt (nur Pst),2,40,44
1116953,2022-05-31,409,Linz neu,Männer,45 bis 49 Jahre,B9999,unbestimmt (nur Pst),1,45,49
1117049,2022-05-31,411,Perg,Frauen,20 bis 24 Jahre,B9999,unbestimmt (nur Pst),2,20,24
1117172,2022-05-31,411,Perg,Männer,20 bis 24 Jahre,B9999,unbestimmt (nur Pst),1,20,24
1117258,2022-05-31,412,Ried im Innkreis,Frauen,bis 19 Jahre,B9999,unbestimmt (nur Pst),10,0,19
1117277,2022-05-31,412,Ried im Innkreis,Frauen,20 bis 24 Jahre,B9999,unbestimmt (nur Pst),2,20,24
1117298,2022-05-31,412,Ried im Innkreis,Frauen,25 bis 29 Jahre,B9999,unbestimmt (nur Pst),2,25,29
1117315,2022-05-31,412,Ried im Innkreis,Frauen,30 bis 34 Jahre,B9999,unbestimmt (nur Pst),2,30,34
1117332,2022-05-31,412,Ried im Innkreis,Frauen,35 bis 39 Jahre,B9999,unbestimmt (nur Pst),2,35,39
1117344,2022-05-31,412,Ried im Innkreis,Frauen,40 bis 44 Jahre,B9999,unbestimmt (nur Pst),1,40,44
1117371,2022-05-31,412,Ried im Innkreis,Frauen,55 bis 59 Jahre,B9999,unbestimmt (nur Pst),1,55,59
1117387,2022-05-31,412,Ried im Innkreis,Männer,bis 19 Jahre,B9999,unbestimmt (nur Pst),2,0,19
1117415,2022-05-31,412,Ried im Innkreis,Männer,20 bis 24 Jahre,B9999,unbestimmt (nur Pst),2,20,24
1117451,2022-05-31,412,Ried im Innkreis,Männer,30 bis 34 Jahre,B9999,unbestimmt (nur Pst),1,30,34
1117493,2022-05-31,412,Ried im Innkreis,Männer,60 bis 64 Jahre,B9999,unbestimmt (nur Pst),1,60,64
1117494,2022-05-31,412,Ried im Innkreis,Männer,65 Jahre und älter,B9999,unbestimmt (nur Pst),1,65,99
1117507,2022-05-31,413,Rohrbach,Frauen,bis 19 Jahre,B9999,unbestimmt (nur Pst),1,0,19
1117516,2022-05-31,413,Rohrbach,Frauen,20 bis 24 Jahre,B9999,unbestimmt (nur Pst),1,20,24
1117563,2022-05-31,413,Rohrbach,Frauen,55 bis 59 Jahre,B9999,unbestimmt (nur Pst),1,55,59
1117573,2022-05-31,413,Rohrbach,Männer,bis 19 Jahre,B9999,unbestimmt (nur Pst),2,0,19
1117583,2022-05-31,413,Rohrbach,Männer,20 bis 24 Jahre,B9999,unbestimmt (nur Pst),1,20,24
1117613,2022-05-31,413,Rohrbach,Männer,40 bis 44 Jahre,B9999,unbestimmt (nur Pst),1,40,44
1117621,2022-05-31,413,Rohrbach,Männer,45 bis 49 Jahre,B9999,unbestimmt (nur Pst),1,45,49
1117638,2022-05-31,414,Schärding,Frauen,bis 19 Jahre,B9999,unbestimmt (nur Pst),1,0,19
1117713,2022-05-31,414,Schärding,Männer,bis 19 Jahre,B9999,unbestimmt (nur Pst),1,0,19
1117793,2022-05-31,415,Steyr,Frauen,bis 19 Jahre,B9999,unbestimmt (nur Pst),13,0,19
1117821,2022-05-31,415,Steyr,Frauen,20 bis 24 Jahre,B9999,unbestimmt (nur Pst),1,20,24
1117850,2022-05-31,415,Steyr,Frauen,25 bis 29 Jahre,B9999,unbestimmt (nur Pst),2,25,29
1117873,2022-05-31,415,Steyr,Frauen,30 bis 34 Jahre,B9999,unbestimmt (nur Pst),2,30,34
1117897,2022-05-31,415,Steyr,Frauen,35 bis 39 Jahre,B9999,unbestimmt (nur Pst),2,35,39
1117913,2022-05-31,415,Steyr,Frauen,40 bis 44 Jahre,B9999,unbestimmt (nur Pst),1,40,44
1117981,2022-05-31,415,Steyr,Männer,bis 19 Jahre,B9999,unbestimmt (nur Pst),14,0,19
1118013,2022-05-31,415,Steyr,Männer,20 bis 24 Jahre,B9999,unbestimmt (nur Pst),4,20,24
1118037,2022-05-31,415,Steyr,Männer,25 bis 29 Jahre,B9999,unbestimmt (nur Pst),2,25,29
1118165,2022-05-31,418,Vöcklabruck,Frauen,bis 19 Jahre,B9999,unbestimmt (nur Pst),4,0,19
1118189,2022-05-31,418,Vöcklabruck,Frauen,20 bis 24 Jahre,B9999,unbestimmt (nur Pst),1,20,24
1118205,2022-05-31,418,Vöcklabruck,Frauen,25 bis 29 Jahre,B9999,unbestimmt (nur Pst),1,25,29
1118276,2022-05-31,418,Vöcklabruck,Frauen,40 bis 44 Jahre,B9999,unbestimmt (nur Pst),1,40,44
1118345,2022-05-31,418,Vöcklabruck,Männer,bis 19 Jahre,B9999,unbestimmt (nur Pst),5,0,19
1118491,2022-05-31,418,Vöcklabruck,Männer,55 bis 59 Jahre,B9999,unbestimmt (nur Pst),1,55,59
1118549,2022-05-31,419,Wels,Frauen,20 bis 24 Jahre,B9999,unbestimmt (nur Pst),1,20,24
1118724,2022-05-31,419,Wels,Männer,bis 19 Jahre,B9999,unbestimmt (nur Pst),2,0,19
1118806,2022-05-31,419,Wels,Männer,30 bis 34 Jahre,B9999,unbestimmt (nur Pst),1,30,34
1118909,2022-05-31,421,Traun,Frauen,bis 19 Jahre,B9999,unbestimmt (nur Pst),6,0,19
1118994,2022-05-31,421,Traun,Frauen,30 bis 34 Jahre,B9999,unbestimmt (nur Pst),1,30,34
1119024,2022-05-31,421,Traun,Frauen,35 bis 39 Jahre,B9999,unbestimmt (nur Pst),1,35,39
1119051,2022-05-31,421,Traun,Frauen,40 bis 44 Jahre,B9999,unbestimmt (nur Pst),1,40,44
1119146,2022-05-31,421,Traun,Männer,bis 19 Jahre,B9999,unbestimmt (nur Pst),2,0,19
1119278,2022-05-31,421,Traun,Männer,40 bis 44 Jahre,B9999,unbestimmt (nur Pst),1,40,44
1119315,2022-05-31,421,Traun,Männer,50 bis 54 Jahre,B9999,unbestimmt (nur Pst),1,50,54
1119350,2022-05-31,501,Bischofshofen,Frauen,bis 19 Jahre,B9999,unbestimmt (nur Pst),1,0,19
1119367,2022-05-31,501,Bischofshofen,Frauen,20 bis 24 Jahre,B9999,unbestimmt (nur Pst),1,20,24
1119385,2022-05-31,501,Bischofshofen,Frauen,25 bis 29 Jahre,B9999,unbestimmt (nur Pst),1,25,29
1119456,2022-05-31,501,Bischofshofen,Frauen,40 bis 44 Jahre,B9999,unbestimmt (nur Pst),1,40,44
1119471,2022-05-31,501,Bischofshofen,Frauen,45 bis 49 Jahre,B9999,unbestimmt (nur Pst),1,45,49
1119508,2022-05-31,501,Bischofshofen,Männer,bis 19 Jahre,B9999,unbestimmt (nur Pst),1,0,19
1119579,2022-05-31,503,Hallein,Frauen,bis 19 Jahre,B9999,unbestimmt (nur Pst),2,0,19
1119660,2022-05-31,503,Hallein,Männer,bis 19 Jahre,B9999,unbestimmt (nur Pst),4,0,19
1119740,2022-05-31,504,Salzburg,Frauen,bis 19 Jahre,B9999,unbestimmt (nur Pst),1,0,19
1119828,2022-05-31,504,Salzburg,Frauen,25 bis 29 Jahre,B9999,unbestimmt (nur Pst),1,25,29
1119912,2022-05-31,504,Salzburg,Frauen,35 bis 39 Jahre,B9999,unbestimmt (nur Pst),2,35,39
1119945,2022-05-31,504,Salzburg,Frauen,40 bis 44 Jahre,B9999,unbestimmt (nur Pst),1,40,44
1119996,2022-05-31,504,Salzburg,Frauen,50 bis 54 Jahre,B9999,unbestimmt (nur Pst),1,50,54
1120012,2022-05-31,504,Salzburg,Frauen,60 bis 64 Jahre,B9999,unbestimmt (nur Pst),1,60,64
1120059,2022-05-31,504,Salzburg,Männer,bis 19 Jahre,B9999,unbestimmt (nur Pst),1,0,19
1120151,2022-05-31,504,Salzburg,Männer,25 bis 29 Jahre,B9999,unbestimmt (nur Pst),1,25,29
1120257,2022-05-31,504,Salzburg,Männer,40 bis 44 Jahre,B9999,unbestimmt (nur Pst),1,40,44
1120309,2022-05-31,504,Salzburg,Männer,50 bis 54 Jahre,B9999,unbestimmt (nur Pst),1,50,54
1120374,2022-05-31,506,Zell am See,Frauen,bis 19 Jahre,B9999,unbestimmt (nur Pst),2,0,19
1120395,2022-05-31,506,Zell am See,Frauen,25 bis 29 Jahre,B9999,unbestimmt (nur Pst),2,25,29
1120468,2022-05-31,506,Zell am See,Männer,bis 19 Jahre,B9999,unbestimmt (nur Pst),4,0,19
1120482,2022-05-31,506,Zell am See,Männer,20 bis 24 Jahre,B9999,unbestimmt (nur Pst),1,20,24
1120498,2022-05-31,506,Zell am See,Männer,35 bis 39 Jahre,B9999,unbestimmt (nur Pst),1,35,39
1120539,2022-05-31,601,Bruck/Mur,Frauen,bis 19 Jahre,B9999,unbestimmt (nur Pst),9,0,19
1120562,2022-05-31,601,Bruck/Mur,Frauen,20 bis 24 Jahre,B9999,unbestimmt (nur Pst),1,20,24
1120667,2022-05-31,601,Bruck/Mur,Männer,bis 19 Jahre,B9999,unbestimmt (nur Pst),10,0,19
1120688,2022-05-31,601,Bruck/Mur,Männer,20 bis 24 Jahre,B9999,unbestimmt (nur Pst),2,20,24
1120804,2022-05-31,603,Deutschlandsberg,Frauen,20 bis 24 Jahre,B9999,unbestimmt (nur Pst),3,20,24
1121025,2022-05-31,604,Feldbach,Frauen,20 bis 24 Jahre,B9999,unbestimmt (nur Pst),2,20,24
1121083,2022-05-31,604,Feldbach,Frauen,40 bis 44 Jahre,B9999,unbestimmt (nur Pst),1,40,44
1121165,2022-05-31,604,Feldbach,Männer,25 bis 29 Jahre,B9999,unbestimmt (nur Pst),1,25,29
1121247,2022-05-31,606,Gleisdorf,Frauen,bis 19 Jahre,B9999,unbestimmt (nur Pst),2,0,19
1121361,2022-05-31,606,Gleisdorf,Männer,20 bis 24 Jahre,B9999,unbestimmt (nur Pst),1,20,24
1121604,2022-05-31,609,Hartberg,Männer,bis 19 Jahre,B9999,unbestimmt (nur Pst),4,0,19
1121625,2022-05-31,609,Hartberg,Männer,20 bis 24 Jahre,B9999,unbestimmt (nur Pst),2,20,24
1121876,2022-05-31,610,Judenburg,Männer,20 bis 24 Jahre,B9999,unbestimmt (nur Pst),1,20,24
1121962,2022-05-31,611,Murau,Frauen,30 bis 34 Jahre,B9999,unbestimmt (nur Pst),1,30,34
1122021,2022-05-31,614,Leibnitz,Frauen,bis 19 Jahre,B9999,unbestimmt (nur Pst),3,0,19
1122076,2022-05-31,614,Leibnitz,Frauen,25 bis 29 Jahre,B9999,unbestimmt (nur Pst),1,25,29
1122223,2022-05-31,614,Leibnitz,Männer,20 bis 24 Jahre,B9999,unbestimmt (nur Pst),2,20,24
1122319,2022-05-31,616,Leoben,Frauen,bis 19 Jahre,B9999,unbestimmt (nur Pst),1,0,19
1122341,2022-05-31,616,Leoben,Frauen,20 bis 24 Jahre,B9999,unbestimmt (nur Pst),2,20,24
1122364,2022-05-31,616,Leoben,Frauen,30 bis 34 Jahre,B9999,unbestimmt (nur Pst),1,30,34
1122395,2022-05-31,616,Leoben,Frauen,40 bis 44 Jahre,B9999,unbestimmt (nur Pst),1,40,44
1122445,2022-05-31,616,Leoben,Männer,bis 19 Jahre,B9999,unbestimmt (nur Pst),4,0,19
1122490,2022-05-31,616,Leoben,Männer,25 bis 29 Jahre,B9999,unbestimmt (nur Pst),1,25,29
1122581,2022-05-31,618,Liezen,Frauen,20 bis 24 Jahre,B9999,unbestimmt (nur Pst),2,20,24
1122675,2022-05-31,618,Liezen,Männer,bis 19 Jahre,B9999,unbestimmt (nur Pst),1,0,19
1122781,2022-05-31,621,Mürzzuschlag,Frauen,bis 19 Jahre,B9999,unbestimmt (nur Pst),2,0,19
1122793,2022-05-31,621,Mürzzuschlag,Frauen,20 bis 24 Jahre,B9999,unbestimmt (nur Pst),1,20,24
1122864,2022-05-31,621,Mürzzuschlag,Männer,bis 19 Jahre,B9999,unbestimmt (nur Pst),5,0,19
1122876,2022-05-31,621,Mürzzuschlag,Männer,20 bis 24 Jahre,B9999,unbestimmt (nur Pst),2,20,24
1122960,2022-05-31,622,Voitsberg,Frauen,bis 19 Jahre,B9999,unbestimmt (nur Pst),1,0,19
1122982,2022-05-31,622,Voitsberg,Frauen,20 bis 24 Jahre,B9999,unbestimmt (nur Pst),1,20,24
1123080,2022-05-31,622,Voitsberg,Männer,bis 19 Jahre,B9999,unbestimmt (nur Pst),1,0,19
1123173,2022-05-31,623,Weiz,Frauen,bis 19 Jahre,B9999,unbestimmt (nur Pst),2,0,19
1123195,2022-05-31,623,Weiz,Frauen,30 bis 34 Jahre,B9999,unbestimmt (nur Pst),1,30,34
1123208,2022-05-31,623,Weiz,Frauen,35 bis 39 Jahre,B9999,unbestimmt (nur Pst),1,35,39
1123218,2022-05-31,623,Weiz,Frauen,40 bis 44 Jahre,B9999,unbestimmt (nur Pst),1,40,44
1123273,2022-05-31,623,Weiz,Männer,30 bis 34 Jahre,B9999,unbestimmt (nur Pst),1,30,34
1123285,2022-05-31,623,Weiz,Männer,40 bis 44 Jahre,B9999,unbestimmt (nur Pst),2,40,44
1123297,2022-05-31,623,Weiz,Männer,50 bis 54 Jahre,B9999,unbestimmt (nur Pst),1,50,54
1123353,2022-05-31,630,Graz-West und Umgebung,Frauen,bis 19 Jahre,B9999,unbestimmt (nur Pst),8,0,19
1123407,2022-05-31,630,Graz-West und Umgebung,Frauen,20 bis 24 Jahre,B9999,unbestimmt (nur Pst),4,20,24
1123460,2022-05-31,630,Graz-West und Umgebung,Frauen,25 bis 29 Jahre,B9999,unbestimmt (nur Pst),1,25,29
1123510,2022-05-31,630,Graz-West und Umgebung,Frauen,30 bis 34 Jahre,B9999,unbestimmt (nur Pst),1,30,34
1123561,2022-05-31,630,Graz-West und Umgebung,Frauen,35 bis 39 Jahre,B9999,unbestimmt (nur Pst),1,35,39
1123755,2022-05-31,630,Graz-West und Umgebung,Männer,bis 19 Jahre,B9999,unbestimmt (nur Pst),12,0,19
1123821,2022-05-31,630,Graz-West und Umgebung,Männer,20 bis 24 Jahre,B9999,unbestimmt (nur Pst),2,20,24
1123887,2022-05-31,630,Graz-West und Umgebung,Männer,25 bis 29 Jahre,B9999,unbestimmt (nur Pst),2,25,29
1124152,2022-05-31,631,Graz-Ost,Frauen,bis 19 Jahre,B9999,unbestimmt (nur Pst),3,0,19
1124174,2022-05-31,631,Graz-Ost,Frauen,20 bis 24 Jahre,B9999,unbestimmt (nur Pst),3,20,24
1124220,2022-05-31,631,Graz-Ost,Frauen,25 bis 29 Jahre,B9999,unbestimmt (nur Pst),2,25,29
1124264,2022-05-31,631,Graz-Ost,Frauen,30 bis 34 Jahre,B9999,unbestimmt (nur Pst),3,30,34
1124312,2022-05-31,631,Graz-Ost,Frauen,35 bis 39 Jahre,B9999,unbestimmt (nur Pst),1,35,39
1124353,2022-05-31,631,Graz-Ost,Frauen,40 bis 44 Jahre,B9999,unbestimmt (nur Pst),1,40,44
1124383,2022-05-31,631,Graz-Ost,Frauen,45 bis 49 Jahre,B9999,unbestimmt (nur Pst),1,45,49
1124452,2022-05-31,631,Graz-Ost,Männer,bis 19 Jahre,B9999,unbestimmt (nur Pst),11,0,19
1124496,2022-05-31,631,Graz-Ost,Männer,20 bis 24 Jahre,B9999,unbestimmt (nur Pst),2,20,24
1124537,2022-05-31,631,Graz-Ost,Männer,25 bis 29 Jahre,B9999,unbestimmt (nur Pst),3,25,29
1124723,2022-05-31,701,Imst,Frauen,25 bis 29 Jahre,B9999,unbestimmt (nur Pst),1,25,29
1124732,2022-05-31,701,Imst,Frauen,30 bis 34 Jahre,B9999,unbestimmt (nur Pst),2,30,34
1124738,2022-05-31,701,Imst,Frauen,35 bis 39 Jahre,B9999,unbestimmt (nur Pst),1,35,39
1124778,2022-05-31,701,Imst,Männer,bis 19 Jahre,B9999,unbestimmt (nur Pst),1,0,19
1124808,2022-05-31,701,Imst,Männer,35 bis 39 Jahre,B9999,unbestimmt (nur Pst),1,35,39
1124824,2022-05-31,701,Imst,Männer,50 bis 54 Jahre,B9999,unbestimmt (nur Pst),1,50,54
1124852,2022-05-31,702,Innsbruck,Frauen,bis 19 Jahre,B9999,unbestimmt (nur Pst),1,0,19
1124886,2022-05-31,702,Innsbruck,Frauen,20 bis 24 Jahre,B9999,unbestimmt (nur Pst),2,20,24
1124948,2022-05-31,702,Innsbruck,Frauen,30 bis 34 Jahre,B9999,unbestimmt (nur Pst),2,30,34
1124987,2022-05-31,702,Innsbruck,Frauen,35 bis 39 Jahre,B9999,unbestimmt (nur Pst),2,35,39
1125080,2022-05-31,702,Innsbruck,Frauen,50 bis 54 Jahre,B9999,unbestimmt (nur Pst),1,50,54
1125089,2022-05-31,702,Innsbruck,Frauen,55 bis 59 Jahre,B9999,unbestimmt (nur Pst),1,55,59
1125115,2022-05-31,702,Innsbruck,Männer,bis 19 Jahre,B9999,unbestimmt (nur Pst),6,0,19
1125158,2022-05-31,702,Innsbruck,Männer,20 bis 24 Jahre,B9999,unbestimmt (nur Pst),4,20,24
1125197,2022-05-31,702,Innsbruck,Männer,25 bis 29 Jahre,B9999,unbestimmt (nur Pst),2,25,29
1125495,2022-05-31,705,Kufstein,Frauen,bis 19 Jahre,B9999,unbestimmt (nur Pst),4,0,19
1125508,2022-05-31,705,Kufstein,Frauen,20 bis 24 Jahre,B9999,unbestimmt (nur Pst),1,20,24
1125581,2022-05-31,705,Kufstein,Frauen,45 bis 49 Jahre,B9999,unbestimmt (nur Pst),1,45,49
1125621,2022-05-31,705,Kufstein,Männer,bis 19 Jahre,B9999,unbestimmt (nur Pst),8,0,19
1125646,2022-05-31,705,Kufstein,Männer,20 bis 24 Jahre,B9999,unbestimmt (nur Pst),1,20,24
1125664,2022-05-31,705,Kufstein,Männer,25 bis 29 Jahre,B9999,unbestimmt (nur Pst),1,25,29
1125693,2022-05-31,705,Kufstein,Männer,35 bis 39 Jahre,B9999,unbestimmt (nur Pst),1,35,39
1125746,2022-05-31,706,Landeck,Frauen,bis 19 Jahre,B9999,unbestimmt (nur Pst),2,0,19
1125757,2022-05-31,706,Landeck,Frauen,20 bis 24 Jahre,B9999,unbestimmt (nur Pst),1,20,24
1125767,2022-05-31,706,Landeck,Frauen,25 bis 29 Jahre,B9999,unbestimmt (nur Pst),1,25,29
1125801,2022-05-31,706,Landeck,Männer,bis 19 Jahre,B9999,unbestimmt (nur Pst),1,0,19
1125843,2022-05-31,707,Lienz,Frauen,bis 19 Jahre,B9999,unbestimmt (nur Pst),3,0,19
1125887,2022-05-31,707,Lienz,Männer,bis 19 Jahre,B9999,unbestimmt (nur Pst),2,0,19
1125950,2022-05-31,708,Reutte,Frauen,35 bis 39 Jahre,B9999,unbestimmt (nur Pst),1,35,39
1126020,2022-05-31,709,Schwaz,Frauen,bis 19 Jahre,B9999,unbestimmt (nur Pst),1,0,19
1126066,2022-05-31,709,Schwaz,Frauen,35 bis 39 Jahre,B9999,unbestimmt (nur Pst),1,35,39
1126098,2022-05-31,709,Schwaz,Frauen,45 bis 49 Jahre,B9999,unbestimmt (nur Pst),1,45,49
1126124,2022-05-31,709,Schwaz,Männer,bis 19 Jahre,B9999,unbestimmt (nur Pst),2,0,19
1126152,2022-05-31,709,Schwaz,Männer,25 bis 29 Jahre,B9999,unbestimmt (nur Pst),1,25,29
1126179,2022-05-31,709,Schwaz,Männer,40 bis 44 Jahre,B9999,unbestimmt (nur Pst),1,40,44
1126200,2022-05-31,709,Schwaz,Männer,55 bis 59 Jahre,B9999,unbestimmt (nur Pst),1,55,59
1126212,2022-05-31,801,Bludenz,Frauen,bis 19 Jahre,B9999,unbestimmt (nur Pst),1,0,19
1126245,2022-05-31,801,Bludenz,Frauen,20 bis 24 Jahre,B9999,unbestimmt (nur Pst),1,20,24
1126264,2022-05-31,801,Bludenz,Frauen,25 bis 29 Jahre,B9999,unbestimmt (nur Pst),2,25,29
1126349,2022-05-31,801,Bludenz,Männer,bis 19 Jahre,B9999,unbestimmt (nur Pst),1,0,19
1126385,2022-05-31,801,Bludenz,Männer,25 bis 29 Jahre,B9999,unbestimmt (nur Pst),1,25,29
1126454,2022-05-31,802,Bregenz,Frauen,bis 19 Jahre,B9999,unbestimmt (nur Pst),3,0,19
1126480,2022-05-31,802,Bregenz,Frauen,20 bis 24 Jahre,B9999,unbestimmt (nur Pst),2,20,24
1126511,2022-05-31,802,Bregenz,Frauen,25 bis 29 Jahre,B9999,unbestimmt (nur Pst),1,25,29
1126567,2022-05-31,802,Bregenz,Frauen,35 bis 39 Jahre,B9999,unbestimmt (nur Pst),1,35,39
1126588,2022-05-31,802,Bregenz,Frauen,40 bis 44 Jahre,B9999,unbestimmt (nur Pst),1,40,44
1126660,2022-05-31,802,Bregenz,Männer,bis 19 Jahre,B9999,unbestimmt (nur Pst),3,0,19
1126694,2022-05-31,802,Bregenz,Männer,20 bis 24 Jahre,B9999,unbestimmt (nur Pst),2,20,24
1126754,2022-05-31,802,Bregenz,Männer,35 bis 39 Jahre,B9999,unbestimmt (nur Pst),1,35,39
1126807,2022-05-31,804,Dornbirn,Frauen,bis 19 Jahre,B9999,unbestimmt (nur Pst),2,0,19
1126842,2022-05-31,804,Dornbirn,Frauen,20 bis 24 Jahre,B9999,unbestimmt (nur Pst),2,20,24
1126868,2022-05-31,804,Dornbirn,Frauen,25 bis 29 Jahre,B9999,unbestimmt (nur Pst),1,25,29
1126889,2022-05-31,804,Dornbirn,Frauen,30 bis 34 Jahre,B9999,unbestimmt (nur Pst),1,30,34
1126938,2022-05-31,804,Dornbirn,Frauen,40 bis 44 Jahre,B9999,unbestimmt (nur Pst),1,40,44
1126964,2022-05-31,804,Dornbirn,Frauen,50 bis 54 Jahre,B9999,unbestimmt (nur Pst),2,50,54
1127005,2022-05-31,804,Dornbirn,Männer,bis 19 Jahre,B9999,unbestimmt (nur Pst),2,0,19
1127059,2022-05-31,804,Dornbirn,Männer,25 bis 29 Jahre,B9999,unbestimmt (nur Pst),2,25,29
1127166,2022-05-31,805,Feldkirch,Frauen,bis 19 Jahre,B9999,unbestimmt (nur Pst),2,0,19
1127196,2022-05-31,805,Feldkirch,Frauen,20 bis 24 Jahre,B9999,unbestimmt (nur Pst),8,20,24
1127222,2022-05-31,805,Feldkirch,Frauen,25 bis 29 Jahre,B9999,unbestimmt (nur Pst),6,25,29
1127268,2022-05-31,805,Feldkirch,Frauen,35 bis 39 Jahre,B9999,unbestimmt (nur Pst),2,35,39
1127290,2022-05-31,805,Feldkirch,Frauen,40 bis 44 Jahre,B9999,unbestimmt (nur Pst),2,40,44
1127309,2022-05-31,805,Feldkirch,Frauen,45 bis 49 Jahre,B9999,unbestimmt (nur Pst),2,45,49
1127356,2022-05-31,805,Feldkirch,Männer,bis 19 Jahre,B9999,unbestimmt (nur Pst),6,0,19
1127394,2022-05-31,805,Feldkirch,Männer,20 bis 24 Jahre,B9999,unbestimmt (nur Pst),7,20,24
1127423,2022-05-31,805,Feldkirch,Männer,25 bis 29 Jahre,B9999,unbestimmt (nur Pst),2,25,29
1127462,2022-05-31,805,Feldkirch,Männer,35 bis 39 Jahre,B9999,unbestimmt (nur Pst),3,35,39
1127487,2022-05-31,805,Feldkirch,Männer,45 bis 49 Jahre,B9999,unbestimmt (nur Pst),2,45,49
1127498,2022-05-31,805,Feldkirch,Männer,50 bis 54 Jahre,B9999,unbestimmt (nur Pst),2,50,54
1127544,2022-05-31,958,Wien Johnstraße,Frauen,25 bis 29 Jahre,B9999,unbestimmt (nur Pst),1,25,29
1130061,2022-05-31,963,Wien Währinger Gürtel,Männer,30 bis 34 Jahre,B9999,unbestimmt (nur Pst),1,30,34
1130214,2022-05-31,963,Wien Währinger Gürtel,Männer,55 bis 59 Jahre,B9999,unbestimmt (nur Pst),1,55,59
1132096,2022-05-31,966,Wien Hietzinger Kai,Frauen,40 bis 44 Jahre,B9999,unbestimmt (nur Pst),1,40,44
1132571,2022-05-31,967,Wien Huttengasse,Frauen,25 bis 29 Jahre,B9999,unbestimmt (nur Pst),1,25,29
1132786,2022-05-31,967,Wien Huttengasse,Frauen,45 bis 49 Jahre,B9999,unbestimmt (nur Pst),2,45,49
1132924,2022-05-31,967,Wien Huttengasse,Männer,25 bis 29 Jahre,B9999,unbestimmt (nur Pst),1,25,29
1133003,2022-05-31,967,Wien Huttengasse,Männer,30 bis 34 Jahre,B9999,unbestimmt (nur Pst),1,30,34
1133453,2022-05-31,968,Wien Schloßhofer Straße,Frauen,35 bis 39 Jahre,B9999,unbestimmt (nur Pst),1,35,39
1133500,2022-05-31,968,Wien Schloßhofer Straße,Frauen,40 bis 44 Jahre,B9999,unbestimmt (nur Pst),3,40,44
1134752,2022-05-31,974,Wien Austria Campus,Frauen,35 bis 39 Jahre,B9999,unbestimmt (nur Pst),1,35,39
1134856,2022-05-31,974,Wien Austria Campus,Frauen,50 bis 54 Jahre,B9999,unbestimmt (nur Pst),1,50,54
1135060,2022-05-31,974,Wien Austria Campus,Männer,40 bis 44 Jahre,B9999,unbestimmt (nur Pst),1,40,44
1135716,2022-05-31,976,Wien Jugendliche I,Frauen,bis 19 Jahre,B9999,unbestimmt (nur Pst),12,0,19
1135806,2022-05-31,976,Wien Jugendliche I,Frauen,20 bis 24 Jahre,B9999,unbestimmt (nur Pst),6,20,24
1135919,2022-05-31,976,Wien Jugendliche I,Männer,bis 19 Jahre,B9999,unbestimmt (nur Pst),10,0,19
1136056,2022-05-31,976,Wien Jugendliche I,Männer,20 bis 24 Jahre,B9999,unbestimmt (nur Pst),6,20,24
1136159,2022-05-31,977,Wien Jugendliche II,Frauen,bis 19 Jahre,B9999,unbestimmt (nur Pst),17,0,19
1136258,2022-05-31,977,Wien Jugendliche II,Frauen,20 bis 24 Jahre,B9999,unbestimmt (nur Pst),3,20,24
1136365,2022-05-31,977,Wien Jugendliche II,Männer,bis 19 Jahre,B9999,unbestimmt (nur Pst),8,0,19
1136491,2022-05-31,977,Wien Jugendliche II,Männer,20 bis 24 Jahre,B9999,unbestimmt (nur Pst),5,20,24
1136547,2022-06-30,101,Eisenstadt,Frauen,20 bis 24 Jahre,B9999,unbestimmt (nur Pst),1,20,24
1136637,2022-06-30,101,Eisenstadt,Männer,bis 19 Jahre,B9999,unbestimmt (nur Pst),3,0,19
1136660,2022-06-30,101,Eisenstadt,Männer,20 bis 24 Jahre,B9999,unbestimmt (nur Pst),1,20,24
1136722,2022-06-30,102,Mattersburg,Frauen,bis 19 Jahre,B9999,unbestimmt (nur Pst),5,0,19
1136733,2022-06-30,102,Mattersburg,Frauen,20 bis 24 Jahre,B9999,unbestimmt (nur Pst),1,20,24
1136769,2022-06-30,102,Mattersburg,Frauen,45 bis 49 Jahre,B9999,unbestimmt (nur Pst),1,45,49
1136786,2022-06-30,102,Mattersburg,Männer,bis 19 Jahre,B9999,unbestimmt (nur Pst),2,0,19
1136930,2022-06-30,103,Neusiedl am See,Männer,40 bis 44 Jahre,B9999,unbestimmt (nur Pst),1,40,44
1137151,2022-06-30,105,Oberwart,Frauen,30 bis 34 Jahre,B9999,unbestimmt (nur Pst),1,30,34
1137210,2022-06-30,105,Oberwart,Frauen,50 bis 54 Jahre,B9999,unbestimmt (nur Pst),1,50,54
1137349,2022-06-30,106,Stegersbach,Frauen,bis 19 Jahre,B9999,unbestimmt (nur Pst),1,0,19
1137432,2022-06-30,106,Stegersbach,Männer,bis 19 Jahre,B9999,unbestimmt (nur Pst),1,0,19
1137671,2022-06-30,203,Klagenfurt,Frauen,bis 19 Jahre,B9999,unbestimmt (nur Pst),1,0,19
1137725,2022-06-30,203,Klagenfurt,Frauen,25 bis 29 Jahre,B9999,unbestimmt (nur Pst),2,25,29
1137750,2022-06-30,203,Klagenfurt,Frauen,30 bis 34 Jahre,B9999,unbestimmt (nur Pst),2,30,34
1137795,2022-06-30,203,Klagenfurt,Frauen,40 bis 44 Jahre,B9999,unbestimmt (nur Pst),3,40,44
1137868,2022-06-30,203,Klagenfurt,Männer,bis 19 Jahre,B9999,unbestimmt (nur Pst),4,0,19
1137899,2022-06-30,203,Klagenfurt,Männer,20 bis 24 Jahre,B9999,unbestimmt (nur Pst),1,20,24
1137918,2022-06-30,203,Klagenfurt,Männer,25 bis 29 Jahre,B9999,unbestimmt (nur Pst),1,25,29
1137941,2022-06-30,203,Klagenfurt,Männer,30 bis 34 Jahre,B9999,unbestimmt (nur Pst),1,30,34
1137976,2022-06-30,203,Klagenfurt,Männer,40 bis 44 Jahre,B9999,unbestimmt (nur Pst),2,40,44
1137990,2022-06-30,203,Klagenfurt,Männer,45 bis 49 Jahre,B9999,unbestimmt (nur Pst),1,45,49
1138000,2022-06-30,203,Klagenfurt,Männer,50 bis 54 Jahre,B9999,unbestimmt (nur Pst),2,50,54
1138010,2022-06-30,203,Klagenfurt,Männer,55 bis 59 Jahre,B9999,unbestimmt (nur Pst),1,55,59
1138026,2022-06-30,204,Spittal/Drau,Frauen,bis 19 Jahre,B9999,unbestimmt (nur Pst),1,0,19
1138112,2022-06-30,204,Spittal/Drau,Männer,bis 19 Jahre,B9999,unbestimmt (nur Pst),1,0,19
1138213,2022-06-30,205,St. Veit/Glan,Frauen,35 bis 39 Jahre,B9999,unbestimmt (nur Pst),1,35,39
1138611,2022-06-30,206,Villach,Männer,35 bis 39 Jahre,B9999,unbestimmt (nur Pst),1,35,39
1138716,2022-06-30,207,Völkermarkt,Frauen,40 bis 44 Jahre,B9999,unbestimmt (nur Pst),1,40,44
1138762,2022-06-30,207,Völkermarkt,Männer,20 bis 24 Jahre,B9999,unbestimmt (nur Pst),1,20,24
1138771,2022-06-30,207,Völkermarkt,Männer,30 bis 34 Jahre,B9999,unbestimmt (nur Pst),1,30,34
1138834,2022-06-30,208,Wolfsberg,Frauen,25 bis 29 Jahre,B9999,unbestimmt (nur Pst),1,25,29
1138894,2022-06-30,208,Wolfsberg,Männer,bis 19 Jahre,B9999,unbestimmt (nur Pst),1,0,19
1138909,2022-06-30,208,Wolfsberg,Männer,20 bis 24 Jahre,B9999,unbestimmt (nur Pst),1,20,24
1138967,2022-06-30,301,Amstetten,Frauen,bis 19 Jahre,B9999,unbestimmt (nur Pst),5,0,19
1138990,2022-06-30,301,Amstetten,Frauen,20 bis 24 Jahre,B9999,unbestimmt (nur Pst),2,20,24
1139011,2022-06-30,301,Amstetten,Frauen,25 bis 29 Jahre,B9999,unbestimmt (nur Pst),2,25,29
1139032,2022-06-30,301,Amstetten,Frauen,30 bis 34 Jahre,B9999,unbestimmt (nur Pst),1,30,34
1139117,2022-06-30,301,Amstetten,Männer,bis 19 Jahre,B9999,unbestimmt (nur Pst),8,0,19
1139135,2022-06-30,301,Amstetten,Männer,20 bis 24 Jahre,B9999,unbestimmt (nur Pst),1,20,24
1139266,2022-06-30,304,Baden neu,Frauen,bis 19 Jahre,B9999,unbestimmt (nur Pst),2,0,19
1139294,2022-06-30,304,Baden neu,Frauen,20 bis 24 Jahre,B9999,unbestimmt (nur Pst),4,20,24
1139315,2022-06-30,304,Baden neu,Frauen,25 bis 29 Jahre,B9999,unbestimmt (nur Pst),1,25,29
1139356,2022-06-30,304,Baden neu,Frauen,35 bis 39 Jahre,B9999,unbestimmt (nur Pst),1,35,39
1139378,2022-06-30,304,Baden neu,Frauen,40 bis 44 Jahre,B9999,unbestimmt (nur Pst),1,40,44
1139452,2022-06-30,304,Baden neu,Männer,bis 19 Jahre,B9999,unbestimmt (nur Pst),2,0,19
1139498,2022-06-30,304,Baden neu,Männer,20 bis 24 Jahre,B9999,unbestimmt (nur Pst),3,20,24
1139592,2022-06-30,304,Baden neu,Männer,45 bis 49 Jahre,B9999,unbestimmt (nur Pst),1,45,49
1139642,2022-06-30,306,Bruck/Leitha,Frauen,bis 19 Jahre,B9999,unbestimmt (nur Pst),3,0,19
1139741,2022-06-30,306,Bruck/Leitha,Männer,bis 19 Jahre,B9999,unbestimmt (nur Pst),1,0,19
1139760,2022-06-30,306,Bruck/Leitha,Männer,20 bis 24 Jahre,B9999,unbestimmt (nur Pst),1,20,24
1139827,2022-06-30,308,Gänserndorf,Frauen,bis 19 Jahre,B9999,unbestimmt (nur Pst),3,0,19
1139859,2022-06-30,308,Gänserndorf,Frauen,20 bis 24 Jahre,B9999,unbestimmt (nur Pst),1,20,24
1139878,2022-06-30,308,Gänserndorf,Frauen,25 bis 29 Jahre,B9999,unbestimmt (nur Pst),1,25,29
1140013,2022-06-30,308,Gänserndorf,Männer,bis 19 Jahre,B9999,unbestimmt (nur Pst),3,0,19
1140155,2022-06-30,311,Gmünd,Frauen,bis 19 Jahre,B9999,unbestimmt (nur Pst),2,0,19
1140206,2022-06-30,311,Gmünd,Frauen,55 bis 59 Jahre,B9999,unbestimmt (nur Pst),1,55,59
1140224,2022-06-30,311,Gmünd,Männer,bis 19 Jahre,B9999,unbestimmt (nur Pst),4,0,19
1140262,2022-06-30,312,Hollabrunn,Frauen,bis 19 Jahre,B9999,unbestimmt (nur Pst),2,0,19
1140293,2022-06-30,312,Hollabrunn,Frauen,25 bis 29 Jahre,B9999,unbestimmt (nur Pst),1,25,29
1140306,2022-06-30,312,Hollabrunn,Frauen,30 bis 34 Jahre,B9999,unbestimmt (nur Pst),1,30,34
1140316,2022-06-30,312,Hollabrunn,Frauen,35 bis 39 Jahre,B9999,unbestimmt (nur Pst),1,35,39
1140355,2022-06-30,312,Hollabrunn,Männer,bis 19 Jahre,B9999,unbestimmt (nur Pst),4,0,19
1140386,2022-06-30,312,Hollabrunn,Männer,30 bis 34 Jahre,B9999,unbestimmt (nur Pst),1,30,34
1140416,2022-06-30,312,Hollabrunn,Männer,55 bis 59 Jahre,B9999,unbestimmt (nur Pst),1,55,59
1140425,2022-06-30,313,Horn,Frauen,bis 19 Jahre,B9999,unbestimmt (nur Pst),2,0,19
1140432,2022-06-30,313,Horn,Frauen,20 bis 24 Jahre,B9999,unbestimmt (nur Pst),1,20,24
1140469,2022-06-30,313,Horn,Männer,20 bis 24 Jahre,B9999,unbestimmt (nur Pst),1,20,24
1140508,2022-06-30,314,Korneuburg,Frauen,bis 19 Jahre,B9999,unbestimmt (nur Pst),3,0,19
1140530,2022-06-30,314,Korneuburg,Frauen,20 bis 24 Jahre,B9999,unbestimmt (nur Pst),1,20,24
1140548,2022-06-30,314,Korneuburg,Frauen,25 bis 29 Jahre,B9999,unbestimmt (nur Pst),1,25,29
1140580,2022-06-30,314,Korneuburg,Frauen,35 bis 39 Jahre,B9999,unbestimmt (nur Pst),1,35,39
1140645,2022-06-30,314,Korneuburg,Männer,bis 19 Jahre,B9999,unbestimmt (nur Pst),7,0,19
1140751,2022-06-30,315,Krems,Frauen,bis 19 Jahre,B9999,unbestimmt (nur Pst),3,0,19
1140792,2022-06-30,315,Krems,Frauen,25 bis 29 Jahre,B9999,unbestimmt (nur Pst),2,25,29
1140828,2022-06-30,315,Krems,Frauen,35 bis 39 Jahre,B9999,unbestimmt (nur Pst),1,35,39
1140844,2022-06-30,315,Krems,Frauen,40 bis 44 Jahre,B9999,unbestimmt (nur Pst),1,40,44
1140857,2022-06-30,315,Krems,Frauen,45 bis 49 Jahre,B9999,unbestimmt (nur Pst),1,45,49
1140887,2022-06-30,315,Krems,Männer,bis 19 Jahre,B9999,unbestimmt (nur Pst),4,0,19
1140970,2022-06-30,315,Krems,Männer,45 bis 49 Jahre,B9999,unbestimmt (nur Pst),1,45,49
1140994,2022-06-30,316,Lilienfeld,Frauen,bis 19 Jahre,B9999,unbestimmt (nur Pst),1,0,19
1141005,2022-06-30,316,Lilienfeld,Frauen,20 bis 24 Jahre,B9999,unbestimmt (nur Pst),2,20,24
1141020,2022-06-30,316,Lilienfeld,Frauen,30 bis 34 Jahre,B9999,unbestimmt (nur Pst),1,30,34
1141039,2022-06-30,316,Lilienfeld,Frauen,40 bis 44 Jahre,B9999,unbestimmt (nur Pst),1,40,44
1141047,2022-06-30,316,Lilienfeld,Frauen,45 bis 49 Jahre,B9999,unbestimmt (nur Pst),1,45,49
1141061,2022-06-30,316,Lilienfeld,Männer,bis 19 Jahre,B9999,unbestimmt (nur Pst),2,0,19
1141113,2022-06-30,317,Melk,Frauen,bis 19 Jahre,B9999,unbestimmt (nur Pst),1,0,19
1141122,2022-06-30,317,Melk,Frauen,20 bis 24 Jahre,B9999,unbestimmt (nur Pst),1,20,24
1141318,2022-06-30,319,Mistelbach,Frauen,bis 19 Jahre,B9999,unbestimmt (nur Pst),3,0,19
1141336,2022-06-30,319,Mistelbach,Frauen,20 bis 24 Jahre,B9999,unbestimmt (nur Pst),1,20,24
1141416,2022-06-30,319,Mistelbach,Männer,bis 19 Jahre,B9999,unbestimmt (nur Pst),1,0,19
1141505,2022-06-30,321,Mödling,Frauen,bis 19 Jahre,B9999,unbestimmt (nur Pst),3,0,19
1141551,2022-06-30,321,Mödling,Frauen,25 bis 29 Jahre,B9999,unbestimmt (nur Pst),2,25,29
1141655,2022-06-30,321,Mödling,Frauen,50 bis 54 Jahre,B9999,unbestimmt (nur Pst),1,50,54
1141689,2022-06-30,321,Mödling,Männer,bis 19 Jahre,B9999,unbestimmt (nur Pst),6,0,19
1141725,2022-06-30,321,Mödling,Männer,20 bis 24 Jahre,B9999,unbestimmt (nur Pst),2,20,24
1141765,2022-06-30,321,Mödling,Männer,30 bis 34 Jahre,B9999,unbestimmt (nur Pst),1,30,34
1141873,2022-06-30,323,Neunkirchen,Frauen,bis 19 Jahre,B9999,unbestimmt (nur Pst),1,0,19
1142150,2022-06-30,326,St. Pölten,Frauen,bis 19 Jahre,B9999,unbestimmt (nur Pst),19,0,19
1142186,2022-06-30,326,St. Pölten,Frauen,20 bis 24 Jahre,B9999,unbestimmt (nur Pst),4,20,24
1142216,2022-06-30,326,St. Pölten,Frauen,25 bis 29 Jahre,B9999,unbestimmt (nur Pst),2,25,29
1142280,2022-06-30,326,St. Pölten,Frauen,35 bis 39 Jahre,B9999,unbestimmt (nur Pst),2,35,39
1142316,2022-06-30,326,St. Pölten,Frauen,40 bis 44 Jahre,B9999,unbestimmt (nur Pst),4,40,44
1142340,2022-06-30,326,St. Pölten,Frauen,45 bis 49 Jahre,B9999,unbestimmt (nur Pst),2,45,49
1142360,2022-06-30,326,St. Pölten,Frauen,50 bis 54 Jahre,B9999,unbestimmt (nur Pst),2,50,54
1142372,2022-06-30,326,St. Pölten,Frauen,55 bis 59 Jahre,B9999,unbestimmt (nur Pst),1,55,59
1142405,2022-06-30,326,St. Pölten,Männer,bis 19 Jahre,B9999,unbestimmt (nur Pst),20,0,19
1142447,2022-06-30,326,St. Pölten,Männer,20 bis 24 Jahre,B9999,unbestimmt (nur Pst),2,20,24
1142479,2022-06-30,326,St. Pölten,Männer,25 bis 29 Jahre,B9999,unbestimmt (nur Pst),2,25,29
1142513,2022-06-30,326,St. Pölten,Männer,30 bis 34 Jahre,B9999,unbestimmt (nur Pst),1,30,34
1142533,2022-06-30,326,St. Pölten,Männer,35 bis 39 Jahre,B9999,unbestimmt (nur Pst),2,35,39
1142556,2022-06-30,326,St. Pölten,Männer,40 bis 44 Jahre,B9999,unbestimmt (nur Pst),1,40,44
1142627,2022-06-30,328,Scheibbs,Frauen,20 bis 24 Jahre,B9999,unbestimmt (nur Pst),1,20,24
1142663,2022-06-30,328,Scheibbs,Männer,bis 19 Jahre,B9999,unbestimmt (nur Pst),1,0,19
1142731,2022-06-30,329,Schwechat,Frauen,bis 19 Jahre,B9999,unbestimmt (nur Pst),1,0,19
1142752,2022-06-30,329,Schwechat,Frauen,20 bis 24 Jahre,B9999,unbestimmt (nur Pst),2,20,24
1142790,2022-06-30,329,Schwechat,Frauen,35 bis 39 Jahre,B9999,unbestimmt (nur Pst),1,35,39
1142858,2022-06-30,329,Schwechat,Männer,bis 19 Jahre,B9999,unbestimmt (nur Pst),2,0,19
1142961,2022-06-30,331,Tulln,Frauen,bis 19 Jahre,B9999,unbestimmt (nur Pst),5,0,19
1142984,2022-06-30,331,Tulln,Frauen,20 bis 24 Jahre,B9999,unbestimmt (nur Pst),5,20,24
1143057,2022-06-30,331,Tulln,Frauen,40 bis 44 Jahre,B9999,unbestimmt (nur Pst),1,40,44
1143090,2022-06-30,331,Tulln,Frauen,50 bis 54 Jahre,B9999,unbestimmt (nur Pst),1,50,54
1143113,2022-06-30,331,Tulln,Männer,bis 19 Jahre,B9999,unbestimmt (nur Pst),4,0,19
1143135,2022-06-30,331,Tulln,Männer,20 bis 24 Jahre,B9999,unbestimmt (nur Pst),1,20,24
1143145,2022-06-30,331,Tulln,Männer,25 bis 29 Jahre,B9999,unbestimmt (nur Pst),1,25,29
1143218,2022-06-30,332,Waidhofen/Thaya,Frauen,bis 19 Jahre,B9999,unbestimmt (nur Pst),1,0,19
1143284,2022-06-30,332,Waidhofen/Thaya,Männer,20 bis 24 Jahre,B9999,unbestimmt (nur Pst),3,20,24
1143315,2022-06-30,333,Waidhofen/Ybbs,Frauen,bis 19 Jahre,B9999,unbestimmt (nur Pst),1,0,19
1143353,2022-06-30,333,Waidhofen/Ybbs,Männer,bis 19 Jahre,B9999,unbestimmt (nur Pst),2,0,19
1143360,2022-06-30,333,Waidhofen/Ybbs,Männer,20 bis 24 Jahre,B9999,unbestimmt (nur Pst),1,20,24
1143401,2022-06-30,334,Wr. Neustadt,Frauen,bis 19 Jahre,B9999,unbestimmt (nur Pst),3,0,19
1143873,2022-06-30,335,Zwettl,Männer,30 bis 34 Jahre,B9999,unbestimmt (nur Pst),1,30,34
1143906,2022-06-30,401,Braunau,Frauen,bis 19 Jahre,B9999,unbestimmt (nur Pst),16,0,19
1143930,2022-06-30,401,Braunau,Frauen,20 bis 24 Jahre,B9999,unbestimmt (nur Pst),7,20,24
1143950,2022-06-30,401,Braunau,Frauen,25 bis 29 Jahre,B9999,unbestimmt (nur Pst),4,25,29
1143968,2022-06-30,401,Braunau,Frauen,30 bis 34 Jahre,B9999,unbestimmt (nur Pst),8,30,34
1143990,2022-06-30,401,Braunau,Frauen,35 bis 39 Jahre,B9999,unbestimmt (nur Pst),2,35,39
1144013,2022-06-30,401,Braunau,Frauen,40 bis 44 Jahre,B9999,unbestimmt (nur Pst),3,40,44
1144032,2022-06-30,401,Braunau,Frauen,45 bis 49 Jahre,B9999,unbestimmt (nur Pst),3,45,49
1144046,2022-06-30,401,Braunau,Frauen,50 bis 54 Jahre,B9999,unbestimmt (nur Pst),1,50,54
1144053,2022-06-30,401,Braunau,Frauen,55 bis 59 Jahre,B9999,unbestimmt (nur Pst),1,55,59
1144077,2022-06-30,401,Braunau,Männer,bis 19 Jahre,B9999,unbestimmt (nur Pst),21,0,19
1144104,2022-06-30,401,Braunau,Männer,20 bis 24 Jahre,B9999,unbestimmt (nur Pst),6,20,24
1144126,2022-06-30,401,Braunau,Männer,25 bis 29 Jahre,B9999,unbestimmt (nur Pst),1,25,29
1144166,2022-06-30,401,Braunau,Männer,40 bis 44 Jahre,B9999,unbestimmt (nur Pst),2,40,44
1144189,2022-06-30,401,Braunau,Männer,45 bis 49 Jahre,B9999,unbestimmt (nur Pst),1,45,49
1144224,2022-06-30,402,Eferding,Frauen,bis 19 Jahre,B9999,unbestimmt (nur Pst),2,0,19
1144246,2022-06-30,402,Eferding,Frauen,30 bis 34 Jahre,B9999,unbestimmt (nur Pst),2,30,34
1144262,2022-06-30,402,Eferding,Frauen,40 bis 44 Jahre,B9999,unbestimmt (nur Pst),2,40,44
1144293,2022-06-30,402,Eferding,Männer,20 bis 24 Jahre,B9999,unbestimmt (nur Pst),1,20,24
1144341,2022-06-30,403,Freistadt,Frauen,bis 19 Jahre,B9999,unbestimmt (nur Pst),2,0,19
1144375,2022-06-30,403,Freistadt,Frauen,25 bis 29 Jahre,B9999,unbestimmt (nur Pst),1,25,29
1144479,2022-06-30,403,Freistadt,Männer,20 bis 24 Jahre,B9999,unbestimmt (nur Pst),1,20,24
1144557,2022-06-30,404,Gmunden,Frauen,bis 19 Jahre,B9999,unbestimmt (nur Pst),1,0,19
1144606,2022-06-30,404,Gmunden,Frauen,25 bis 29 Jahre,B9999,unbestimmt (nur Pst),1,25,29
1144646,2022-06-30,404,Gmunden,Frauen,35 bis 39 Jahre,B9999,unbestimmt (nur Pst),1,35,39
1144729,2022-06-30,404,Gmunden,Männer,bis 19 Jahre,B9999,unbestimmt (nur Pst),6,0,19
1144761,2022-06-30,404,Gmunden,Männer,20 bis 24 Jahre,B9999,unbestimmt (nur Pst),2,20,24
1144800,2022-06-30,404,Gmunden,Männer,30 bis 34 Jahre,B9999,unbestimmt (nur Pst),1,30,34
1144875,2022-06-30,404,Gmunden,Männer,65 Jahre und älter,B9999,unbestimmt (nur Pst),1,65,99
1144886,2022-06-30,406,Grieskirchen,Frauen,bis 19 Jahre,B9999,unbestimmt (nur Pst),2,0,19
1144944,2022-06-30,406,Grieskirchen,Frauen,35 bis 39 Jahre,B9999,unbestimmt (nur Pst),1,35,39
1145057,2022-06-30,407,Kirchdorf/Krems,Frauen,bis 19 Jahre,B9999,unbestimmt (nur Pst),2,0,19
1145086,2022-06-30,407,Kirchdorf/Krems,Frauen,25 bis 29 Jahre,B9999,unbestimmt (nur Pst),1,25,29
1145102,2022-06-30,407,Kirchdorf/Krems,Frauen,30 bis 34 Jahre,B9999,unbestimmt (nur Pst),1,30,34
1145158,2022-06-30,407,Kirchdorf/Krems,Frauen,50 bis 54 Jahre,B9999,unbestimmt (nur Pst),1,50,54
1145179,2022-06-30,407,Kirchdorf/Krems,Männer,bis 19 Jahre,B9999,unbestimmt (nur Pst),3,0,19
1145296,2022-06-30,409,Linz neu,Frauen,bis 19 Jahre,B9999,unbestimmt (nur Pst),38,0,19
1145342,2022-06-30,409,Linz neu,Frauen,20 bis 24 Jahre,B9999,unbestimmt (nur Pst),16,20,24
1145389,2022-06-30,409,Linz neu,Frauen,25 bis 29 Jahre,B9999,unbestimmt (nur Pst),5,25,29
1145435,2022-06-30,409,Linz neu,Frauen,30 bis 34 Jahre,B9999,unbestimmt (nur Pst),9,30,34
1145488,2022-06-30,409,Linz neu,Frauen,35 bis 39 Jahre,B9999,unbestimmt (nur Pst),2,35,39
1145531,2022-06-30,409,Linz neu,Frauen,40 bis 44 Jahre,B9999,unbestimmt (nur Pst),1,40,44
1145655,2022-06-30,409,Linz neu,Männer,bis 19 Jahre,B9999,unbestimmt (nur Pst),34,0,19
1145717,2022-06-30,409,Linz neu,Männer,20 bis 24 Jahre,B9999,unbestimmt (nur Pst),22,20,24
1145784,2022-06-30,409,Linz neu,Männer,25 bis 29 Jahre,B9999,unbestimmt (nur Pst),5,25,29
1145837,2022-06-30,409,Linz neu,Männer,30 bis 34 Jahre,B9999,unbestimmt (nur Pst),1,30,34
1145882,2022-06-30,409,Linz neu,Männer,35 bis 39 Jahre,B9999,unbestimmt (nur Pst),4,35,39
1145917,2022-06-30,409,Linz neu,Männer,40 bis 44 Jahre,B9999,unbestimmt (nur Pst),2,40,44
1145955,2022-06-30,409,Linz neu,Männer,45 bis 49 Jahre,B9999,unbestimmt (nur Pst),1,45,49
1146055,2022-06-30,411,Perg,Frauen,20 bis 24 Jahre,B9999,unbestimmt (nur Pst),2,20,24
1146174,2022-06-30,411,Perg,Männer,20 bis 24 Jahre,B9999,unbestimmt (nur Pst),1,20,24
1146261,2022-06-30,412,Ried im Innkreis,Frauen,bis 19 Jahre,B9999,unbestimmt (nur Pst),10,0,19
1146279,2022-06-30,412,Ried im Innkreis,Frauen,20 bis 24 Jahre,B9999,unbestimmt (nur Pst),2,20,24
1146299,2022-06-30,412,Ried im Innkreis,Frauen,25 bis 29 Jahre,B9999,unbestimmt (nur Pst),3,25,29
1146319,2022-06-30,412,Ried im Innkreis,Frauen,30 bis 34 Jahre,B9999,unbestimmt (nur Pst),1,30,34
1146350,2022-06-30,412,Ried im Innkreis,Frauen,40 bis 44 Jahre,B9999,unbestimmt (nur Pst),1,40,44
1146369,2022-06-30,412,Ried im Innkreis,Frauen,50 bis 54 Jahre,B9999,unbestimmt (nur Pst),2,50,54
1146378,2022-06-30,412,Ried im Innkreis,Frauen,55 bis 59 Jahre,B9999,unbestimmt (nur Pst),1,55,59
1146392,2022-06-30,412,Ried im Innkreis,Männer,bis 19 Jahre,B9999,unbestimmt (nur Pst),2,0,19
1146417,2022-06-30,412,Ried im Innkreis,Männer,20 bis 24 Jahre,B9999,unbestimmt (nur Pst),1,20,24
1146435,2022-06-30,412,Ried im Innkreis,Männer,25 bis 29 Jahre,B9999,unbestimmt (nur Pst),1,25,29
1146449,2022-06-30,412,Ried im Innkreis,Männer,30 bis 34 Jahre,B9999,unbestimmt (nur Pst),1,30,34
1146492,2022-06-30,412,Ried im Innkreis,Männer,60 bis 64 Jahre,B9999,unbestimmt (nur Pst),1,60,64
1146493,2022-06-30,412,Ried im Innkreis,Männer,65 Jahre und älter,B9999,unbestimmt (nur Pst),1,65,99
1146503,2022-06-30,413,Rohrbach,Frauen,bis 19 Jahre,B9999,unbestimmt (nur Pst),1,0,19
1146512,2022-06-30,413,Rohrbach,Frauen,20 bis 24 Jahre,B9999,unbestimmt (nur Pst),2,20,24
1146544,2022-06-30,413,Rohrbach,Frauen,35 bis 39 Jahre,B9999,unbestimmt (nur Pst),1,35,39
1146556,2022-06-30,413,Rohrbach,Frauen,45 bis 49 Jahre,B9999,unbestimmt (nur Pst),1,45,49
1146576,2022-06-30,413,Rohrbach,Männer,bis 19 Jahre,B9999,unbestimmt (nur Pst),1,0,19
1146586,2022-06-30,413,Rohrbach,Männer,20 bis 24 Jahre,B9999,unbestimmt (nur Pst),1,20,24
1146599,2022-06-30,413,Rohrbach,Männer,30 bis 34 Jahre,B9999,unbestimmt (nur Pst),2,30,34
1146613,2022-06-30,413,Rohrbach,Männer,40 bis 44 Jahre,B9999,unbestimmt (nur Pst),1,40,44
1146677,2022-06-30,414,Schärding,Frauen,35 bis 39 Jahre,B9999,unbestimmt (nur Pst),1,35,39
1146717,2022-06-30,414,Schärding,Männer,bis 19 Jahre,B9999,unbestimmt (nur Pst),1,0,19
1146799,2022-06-30,415,Steyr,Frauen,bis 19 Jahre,B9999,unbestimmt (nur Pst),13,0,19
1146824,2022-06-30,415,Steyr,Frauen,20 bis 24 Jahre,B9999,unbestimmt (nur Pst),1,20,24
1146852,2022-06-30,415,Steyr,Frauen,25 bis 29 Jahre,B9999,unbestimmt (nur Pst),1,25,29
1146874,2022-06-30,415,Steyr,Frauen,30 bis 34 Jahre,B9999,unbestimmt (nur Pst),4,30,34
1146901,2022-06-30,415,Steyr,Frauen,35 bis 39 Jahre,B9999,unbestimmt (nur Pst),2,35,39
1146918,2022-06-30,415,Steyr,Frauen,40 bis 44 Jahre,B9999,unbestimmt (nur Pst),2,40,44
1146935,2022-06-30,415,Steyr,Frauen,45 bis 49 Jahre,B9999,unbestimmt (nur Pst),1,45,49
1146987,2022-06-30,415,Steyr,Männer,bis 19 Jahre,B9999,unbestimmt (nur Pst),13,0,19
1147017,2022-06-30,415,Steyr,Männer,20 bis 24 Jahre,B9999,unbestimmt (nur Pst),6,20,24
1147042,2022-06-30,415,Steyr,Männer,25 bis 29 Jahre,B9999,unbestimmt (nur Pst),2,25,29
1147119,2022-06-30,415,Steyr,Männer,45 bis 49 Jahre,B9999,unbestimmt (nur Pst),1,45,49
1147173,2022-06-30,418,Vöcklabruck,Frauen,bis 19 Jahre,B9999,unbestimmt (nur Pst),3,0,19
1147202,2022-06-30,418,Vöcklabruck,Frauen,20 bis 24 Jahre,B9999,unbestimmt (nur Pst),1,20,24
1147218,2022-06-30,418,Vöcklabruck,Frauen,25 bis 29 Jahre,B9999,unbestimmt (nur Pst),1,25,29
1147287,2022-06-30,418,Vöcklabruck,Frauen,40 bis 44 Jahre,B9999,unbestimmt (nur Pst),1,40,44
1147355,2022-06-30,418,Vöcklabruck,Männer,bis 19 Jahre,B9999,unbestimmt (nur Pst),6,0,19
1147504,2022-06-30,418,Vöcklabruck,Männer,55 bis 59 Jahre,B9999,unbestimmt (nur Pst),1,55,59
1147567,2022-06-30,419,Wels,Frauen,20 bis 24 Jahre,B9999,unbestimmt (nur Pst),1,20,24
1147737,2022-06-30,419,Wels,Männer,bis 19 Jahre,B9999,unbestimmt (nur Pst),2,0,19
1147821,2022-06-30,419,Wels,Männer,30 bis 34 Jahre,B9999,unbestimmt (nur Pst),1,30,34
1147925,2022-06-30,421,Traun,Frauen,bis 19 Jahre,B9999,unbestimmt (nur Pst),3,0,19
1148037,2022-06-30,421,Traun,Frauen,35 bis 39 Jahre,B9999,unbestimmt (nur Pst),1,35,39
1148063,2022-06-30,421,Traun,Frauen,40 bis 44 Jahre,B9999,unbestimmt (nur Pst),1,40,44
1148159,2022-06-30,421,Traun,Männer,bis 19 Jahre,B9999,unbestimmt (nur Pst),3,0,19
1148267,2022-06-30,421,Traun,Männer,35 bis 39 Jahre,B9999,unbestimmt (nur Pst),1,35,39
1148293,2022-06-30,421,Traun,Männer,40 bis 44 Jahre,B9999,unbestimmt (nur Pst),1,40,44
1148327,2022-06-30,421,Traun,Männer,50 bis 54 Jahre,B9999,unbestimmt (nur Pst),1,50,54
1148364,2022-06-30,501,Bischofshofen,Frauen,bis 19 Jahre,B9999,unbestimmt (nur Pst),1,0,19
1148380,2022-06-30,501,Bischofshofen,Frauen,20 bis 24 Jahre,B9999,unbestimmt (nur Pst),2,20,24
1148399,2022-06-30,501,Bischofshofen,Frauen,25 bis 29 Jahre,B9999,unbestimmt (nur Pst),1,25,29
1148461,2022-06-30,501,Bischofshofen,Frauen,40 bis 44 Jahre,B9999,unbestimmt (nur Pst),1,40,44
1148474,2022-06-30,501,Bischofshofen,Frauen,45 bis 49 Jahre,B9999,unbestimmt (nur Pst),1,45,49
1148503,2022-06-30,501,Bischofshofen,Männer,bis 19 Jahre,B9999,unbestimmt (nur Pst),1,0,19
1148563,2022-06-30,503,Hallein,Frauen,bis 19 Jahre,B9999,unbestimmt (nur Pst),1,0,19
1148642,2022-06-30,503,Hallein,Männer,bis 19 Jahre,B9999,unbestimmt (nur Pst),3,0,19
1148739,2022-06-30,506,Zell am See,Frauen,bis 19 Jahre,B9999,unbestimmt (nur Pst),2,0,19
1148812,2022-06-30,506,Zell am See,Männer,bis 19 Jahre,B9999,unbestimmt (nur Pst),4,0,19
1148825,2022-06-30,506,Zell am See,Männer,20 bis 24 Jahre,B9999,unbestimmt (nur Pst),1,20,24
1148959,2022-06-30,510,Salzburg-Stadt,Frauen,25 bis 29 Jahre,B9999,unbestimmt (nur Pst),1,25,29
1149025,2022-06-30,510,Salzburg-Stadt,Frauen,35 bis 39 Jahre,B9999,unbestimmt (nur Pst),1,35,39
1149134,2022-06-30,510,Salzburg-Stadt,Männer,bis 19 Jahre,B9999,unbestimmt (nur Pst),2,0,19
1149232,2022-06-30,510,Salzburg-Stadt,Männer,30 bis 34 Jahre,B9999,unbestimmt (nur Pst),1,30,34
1149344,2022-06-30,511,Salzburg-Umgebung,Frauen,bis 19 Jahre,B9999,unbestimmt (nur Pst),1,0,19
1149428,2022-06-30,511,Salzburg-Umgebung,Frauen,35 bis 39 Jahre,B9999,unbestimmt (nur Pst),1,35,39
1149486,2022-06-30,511,Salzburg-Umgebung,Frauen,60 bis 64 Jahre,B9999,unbestimmt (nur Pst),1,60,64
1149518,2022-06-30,511,Salzburg-Umgebung,Männer,bis 19 Jahre,B9999,unbestimmt (nur Pst),1,0,19
1149620,2022-06-30,511,Salzburg-Umgebung,Männer,50 bis 54 Jahre,B9999,unbestimmt (nur Pst),1,50,54
1149635,2022-06-30,511,Salzburg-Umgebung,Männer,65 Jahre und älter,B9999,unbestimmt (nur Pst),1,65,99
1149654,2022-06-30,601,Bruck/Mur,Frauen,bis 19 Jahre,B9999,unbestimmt (nur Pst),10,0,19
1149678,2022-06-30,601,Bruck/Mur,Frauen,20 bis 24 Jahre,B9999,unbestimmt (nur Pst),1,20,24
1149771,2022-06-30,601,Bruck/Mur,Männer,bis 19 Jahre,B9999,unbestimmt (nur Pst),11,0,19
1149792,2022-06-30,601,Bruck/Mur,Männer,20 bis 24 Jahre,B9999,unbestimmt (nur Pst),2,20,24
1149890,2022-06-30,603,Deutschlandsberg,Frauen,bis 19 Jahre,B9999,unbestimmt (nur Pst),1,0,19
1149902,2022-06-30,603,Deutschlandsberg,Frauen,20 bis 24 Jahre,B9999,unbestimmt (nur Pst),3,20,24
1150006,2022-06-30,603,Deutschlandsberg,Männer,20 bis 24 Jahre,B9999,unbestimmt (nur Pst),1,20,24
1150081,2022-06-30,604,Feldbach,Frauen,bis 19 Jahre,B9999,unbestimmt (nur Pst),1,0,19
1150106,2022-06-30,604,Feldbach,Frauen,20 bis 24 Jahre,B9999,unbestimmt (nur Pst),1,20,24
1150241,2022-06-30,604,Feldbach,Männer,25 bis 29 Jahre,B9999,unbestimmt (nur Pst),1,25,29
1150321,2022-06-30,606,Gleisdorf,Frauen,bis 19 Jahre,B9999,unbestimmt (nur Pst),2,0,19
1150439,2022-06-30,606,Gleisdorf,Männer,20 bis 24 Jahre,B9999,unbestimmt (nur Pst),1,20,24
1150672,2022-06-30,609,Hartberg,Männer,bis 19 Jahre,B9999,unbestimmt (nur Pst),4,0,19
1150694,2022-06-30,609,Hartberg,Männer,20 bis 24 Jahre,B9999,unbestimmt (nur Pst),2,20,24
1150949,2022-06-30,610,Judenburg,Männer,20 bis 24 Jahre,B9999,unbestimmt (nur Pst),1,20,24
1151029,2022-06-30,611,Murau,Frauen,30 bis 34 Jahre,B9999,unbestimmt (nur Pst),1,30,34
1151085,2022-06-30,614,Leibnitz,Frauen,bis 19 Jahre,B9999,unbestimmt (nur Pst),4,0,19
1151130,2022-06-30,614,Leibnitz,Frauen,25 bis 29 Jahre,B9999,unbestimmt (nur Pst),1,25,29
1151284,2022-06-30,614,Leibnitz,Männer,20 bis 24 Jahre,B9999,unbestimmt (nur Pst),2,20,24
1151378,2022-06-30,616,Leoben,Frauen,bis 19 Jahre,B9999,unbestimmt (nur Pst),1,0,19
1151402,2022-06-30,616,Leoben,Frauen,20 bis 24 Jahre,B9999,unbestimmt (nur Pst),4,20,24
1151428,2022-06-30,616,Leoben,Frauen,30 bis 34 Jahre,B9999,unbestimmt (nur Pst),1,30,34
1151445,2022-06-30,616,Leoben,Frauen,35 bis 39 Jahre,B9999,unbestimmt (nur Pst),1,35,39
1151459,2022-06-30,616,Leoben,Frauen,40 bis 44 Jahre,B9999,unbestimmt (nur Pst),2,40,44
1151477,2022-06-30,616,Leoben,Frauen,50 bis 54 Jahre,B9999,unbestimmt (nur Pst),1,50,54
1151509,2022-06-30,616,Leoben,Männer,bis 19 Jahre,B9999,unbestimmt (nur Pst),4,0,19
1151606,2022-06-30,616,Leoben,Männer,55 bis 59 Jahre,B9999,unbestimmt (nur Pst),1,55,59
1151639,2022-06-30,618,Liezen,Frauen,20 bis 24 Jahre,B9999,unbestimmt (nur Pst),1,20,24
1151727,2022-06-30,618,Liezen,Männer,bis 19 Jahre,B9999,unbestimmt (nur Pst),1,0,19
1151835,2022-06-30,621,Mürzzuschlag,Frauen,bis 19 Jahre,B9999,unbestimmt (nur Pst),3,0,19
1151849,2022-06-30,621,Mürzzuschlag,Frauen,20 bis 24 Jahre,B9999,unbestimmt (nur Pst),1,20,24
1151911,2022-06-30,621,Mürzzuschlag,Männer,bis 19 Jahre,B9999,unbestimmt (nur Pst),5,0,19
1151923,2022-06-30,621,Mürzzuschlag,Männer,20 bis 24 Jahre,B9999,unbestimmt (nur Pst),1,20,24
1152029,2022-06-30,622,Voitsberg,Frauen,20 bis 24 Jahre,B9999,unbestimmt (nur Pst),1,20,24
1152121,2022-06-30,622,Voitsberg,Männer,bis 19 Jahre,B9999,unbestimmt (nur Pst),1,0,19
1152216,2022-06-30,623,Weiz,Frauen,bis 19 Jahre,B9999,unbestimmt (nur Pst),3,0,19
1152236,2022-06-30,623,Weiz,Frauen,30 bis 34 Jahre,B9999,unbestimmt (nur Pst),1,30,34
1152250,2022-06-30,623,Weiz,Frauen,35 bis 39 Jahre,B9999,unbestimmt (nur Pst),1,35,39
1152259,2022-06-30,623,Weiz,Frauen,40 bis 44 Jahre,B9999,unbestimmt (nur Pst),1,40,44
1152313,2022-06-30,623,Weiz,Männer,30 bis 34 Jahre,B9999,unbestimmt (nur Pst),1,30,34
1152321,2022-06-30,623,Weiz,Männer,40 bis 44 Jahre,B9999,unbestimmt (nur Pst),1,40,44
1152328,2022-06-30,623,Weiz,Männer,50 bis 54 Jahre,B9999,unbestimmt (nur Pst),1,50,54
1152380,2022-06-30,630,Graz-West und Umgebung,Frauen,bis 19 Jahre,B9999,unbestimmt (nur Pst),7,0,19
1152440,2022-06-30,630,Graz-West und Umgebung,Frauen,20 bis 24 Jahre,B9999,unbestimmt (nur Pst),4,20,24
1152495,2022-06-30,630,Graz-West und Umgebung,Frauen,25 bis 29 Jahre,B9999,unbestimmt (nur Pst),1,25,29
1152546,2022-06-30,630,Graz-West und Umgebung,Frauen,30 bis 34 Jahre,B9999,unbestimmt (nur Pst),1,30,34
1152596,2022-06-30,630,Graz-West und Umgebung,Frauen,35 bis 39 Jahre,B9999,unbestimmt (nur Pst),1,35,39
1152791,2022-06-30,630,Graz-West und Umgebung,Männer,bis 19 Jahre,B9999,unbestimmt (nur Pst),13,0,19
1152860,2022-06-30,630,Graz-West und Umgebung,Männer,20 bis 24 Jahre,B9999,unbestimmt (nur Pst),2,20,24
1152920,2022-06-30,630,Graz-West und Umgebung,Männer,25 bis 29 Jahre,B9999,unbestimmt (nur Pst),1,25,29
1153166,2022-06-30,631,Graz-Ost,Frauen,bis 19 Jahre,B9999,unbestimmt (nur Pst),5,0,19
1153192,2022-06-30,631,Graz-Ost,Frauen,20 bis 24 Jahre,B9999,unbestimmt (nur Pst),4,20,24
1153241,2022-06-30,631,Graz-Ost,Frauen,25 bis 29 Jahre,B9999,unbestimmt (nur Pst),2,25,29
1153290,2022-06-30,631,Graz-Ost,Frauen,30 bis 34 Jahre,B9999,unbestimmt (nur Pst),4,30,34
1153335,2022-06-30,631,Graz-Ost,Frauen,35 bis 39 Jahre,B9999,unbestimmt (nur Pst),2,35,39
1153373,2022-06-30,631,Graz-Ost,Frauen,40 bis 44 Jahre,B9999,unbestimmt (nur Pst),1,40,44
1153404,2022-06-30,631,Graz-Ost,Frauen,45 bis 49 Jahre,B9999,unbestimmt (nur Pst),1,45,49
1153469,2022-06-30,631,Graz-Ost,Männer,bis 19 Jahre,B9999,unbestimmt (nur Pst),12,0,19
1153516,2022-06-30,631,Graz-Ost,Männer,20 bis 24 Jahre,B9999,unbestimmt (nur Pst),3,20,24
1153560,2022-06-30,631,Graz-Ost,Männer,25 bis 29 Jahre,B9999,unbestimmt (nur Pst),2,25,29
1153728,2022-06-30,701,Imst,Frauen,bis 19 Jahre,B9999,unbestimmt (nur Pst),1,0,19
1153737,2022-06-30,701,Imst,Frauen,20 bis 24 Jahre,B9999,unbestimmt (nur Pst),1,20,24
1153743,2022-06-30,701,Imst,Frauen,25 bis 29 Jahre,B9999,unbestimmt (nur Pst),2,25,29
1153751,2022-06-30,701,Imst,Frauen,30 bis 34 Jahre,B9999,unbestimmt (nur Pst),2,30,34
1153756,2022-06-30,701,Imst,Frauen,35 bis 39 Jahre,B9999,unbestimmt (nur Pst),2,35,39
1153773,2022-06-30,701,Imst,Frauen,45 bis 49 Jahre,B9999,unbestimmt (nur Pst),1,45,49
1153779,2022-06-30,701,Imst,Frauen,55 bis 59 Jahre,B9999,unbestimmt (nur Pst),1,55,59
1153789,2022-06-30,701,Imst,Männer,bis 19 Jahre,B9999,unbestimmt (nur Pst),2,0,19
1153818,2022-06-30,701,Imst,Männer,35 bis 39 Jahre,B9999,unbestimmt (nur Pst),1,35,39
1153833,2022-06-30,701,Imst,Männer,50 bis 54 Jahre,B9999,unbestimmt (nur Pst),1,50,54
1153856,2022-06-30,702,Innsbruck,Frauen,bis 19 Jahre,B9999,unbestimmt (nur Pst),1,0,19
1153889,2022-06-30,702,Innsbruck,Frauen,20 bis 24 Jahre,B9999,unbestimmt (nur Pst),2,20,24
1153952,2022-06-30,702,Innsbruck,Frauen,30 bis 34 Jahre,B9999,unbestimmt (nur Pst),2,30,34
1153990,2022-06-30,702,Innsbruck,Frauen,35 bis 39 Jahre,B9999,unbestimmt (nur Pst),2,35,39
1154026,2022-06-30,702,Innsbruck,Frauen,40 bis 44 Jahre,B9999,unbestimmt (nur Pst),1,40,44
1154116,2022-06-30,702,Innsbruck,Männer,bis 19 Jahre,B9999,unbestimmt (nur Pst),5,0,19
1154157,2022-06-30,702,Innsbruck,Männer,20 bis 24 Jahre,B9999,unbestimmt (nur Pst),5,20,24
1154199,2022-06-30,702,Innsbruck,Männer,25 bis 29 Jahre,B9999,unbestimmt (nur Pst),2,25,29
1154479,2022-06-30,705,Kufstein,Frauen,bis 19 Jahre,B9999,unbestimmt (nur Pst),4,0,19
1154494,2022-06-30,705,Kufstein,Frauen,20 bis 24 Jahre,B9999,unbestimmt (nur Pst),1,20,24
1154564,2022-06-30,705,Kufstein,Frauen,45 bis 49 Jahre,B9999,unbestimmt (nur Pst),1,45,49
1154605,2022-06-30,705,Kufstein,Männer,bis 19 Jahre,B9999,unbestimmt (nur Pst),7,0,19
1154631,2022-06-30,705,Kufstein,Männer,20 bis 24 Jahre,B9999,unbestimmt (nur Pst),1,20,24
1154681,2022-06-30,705,Kufstein,Männer,35 bis 39 Jahre,B9999,unbestimmt (nur Pst),1,35,39
1154727,2022-06-30,706,Landeck,Frauen,bis 19 Jahre,B9999,unbestimmt (nur Pst),2,0,19
1154737,2022-06-30,706,Landeck,Frauen,20 bis 24 Jahre,B9999,unbestimmt (nur Pst),1,20,24
1154746,2022-06-30,706,Landeck,Frauen,25 bis 29 Jahre,B9999,unbestimmt (nur Pst),1,25,29
1154760,2022-06-30,706,Landeck,Frauen,35 bis 39 Jahre,B9999,unbestimmt (nur Pst),1,35,39
1154765,2022-06-30,706,Landeck,Frauen,40 bis 44 Jahre,B9999,unbestimmt (nur Pst),1,40,44
1154775,2022-06-30,706,Landeck,Männer,bis 19 Jahre,B9999,unbestimmt (nur Pst),2,0,19
1154798,2022-06-30,706,Landeck,Männer,35 bis 39 Jahre,B9999,unbestimmt (nur Pst),1,35,39
1154816,2022-06-30,707,Lienz,Frauen,bis 19 Jahre,B9999,unbestimmt (nur Pst),4,0,19
1154854,2022-06-30,707,Lienz,Männer,bis 19 Jahre,B9999,unbestimmt (nur Pst),2,0,19
1154957,2022-06-30,709,Schwaz,Frauen,bis 19 Jahre,B9999,unbestimmt (nur Pst),2,0,19
1155004,2022-06-30,709,Schwaz,Frauen,35 bis 39 Jahre,B9999,unbestimmt (nur Pst),1,35,39
1155030,2022-06-30,709,Schwaz,Frauen,45 bis 49 Jahre,B9999,unbestimmt (nur Pst),1,45,49
1155065,2022-06-30,709,Schwaz,Männer,20 bis 24 Jahre,B9999,unbestimmt (nur Pst),1,20,24
1155082,2022-06-30,709,Schwaz,Männer,25 bis 29 Jahre,B9999,unbestimmt (nur Pst),1,25,29
1155112,2022-06-30,709,Schwaz,Männer,40 bis 44 Jahre,B9999,unbestimmt (nur Pst),1,40,44
1155134,2022-06-30,709,Schwaz,Männer,55 bis 59 Jahre,B9999,unbestimmt (nur Pst),1,55,59
1155142,2022-06-30,801,Bludenz,Frauen,bis 19 Jahre,B9999,unbestimmt (nur Pst),1,0,19
1155172,2022-06-30,801,Bludenz,Frauen,20 bis 24 Jahre,B9999,unbestimmt (nur Pst),3,20,24
1155191,2022-06-30,801,Bludenz,Frauen,25 bis 29 Jahre,B9999,unbestimmt (nur Pst),3,25,29
1155271,2022-06-30,801,Bludenz,Männer,bis 19 Jahre,B9999,unbestimmt (nur Pst),1,0,19
1155289,2022-06-30,801,Bludenz,Männer,20 bis 24 Jahre,B9999,unbestimmt (nur Pst),1,20,24
1155307,2022-06-30,801,Bludenz,Männer,25 bis 29 Jahre,B9999,unbestimmt (nur Pst),1,25,29
1155369,2022-06-30,802,Bregenz,Frauen,bis 19 Jahre,B9999,unbestimmt (nur Pst),2,0,19
1155393,2022-06-30,802,Bregenz,Frauen,20 bis 24 Jahre,B9999,unbestimmt (nur Pst),2,20,24
1155419,2022-06-30,802,Bregenz,Frauen,25 bis 29 Jahre,B9999,unbestimmt (nur Pst),1,25,29
1155468,2022-06-30,802,Bregenz,Frauen,35 bis 39 Jahre,B9999,unbestimmt (nur Pst),1,35,39
1155488,2022-06-30,802,Bregenz,Frauen,40 bis 44 Jahre,B9999,unbestimmt (nur Pst),1,40,44
1155558,2022-06-30,802,Bregenz,Männer,bis 19 Jahre,B9999,unbestimmt (nur Pst),3,0,19
1155588,2022-06-30,802,Bregenz,Männer,20 bis 24 Jahre,B9999,unbestimmt (nur Pst),2,20,24
1155650,2022-06-30,802,Bregenz,Männer,35 bis 39 Jahre,B9999,unbestimmt (nur Pst),1,35,39
1155702,2022-06-30,804,Dornbirn,Frauen,bis 19 Jahre,B9999,unbestimmt (nur Pst),2,0,19
1155736,2022-06-30,804,Dornbirn,Frauen,20 bis 24 Jahre,B9999,unbestimmt (nur Pst),2,20,24
1155760,2022-06-30,804,Dornbirn,Frauen,25 bis 29 Jahre,B9999,unbestimmt (nur Pst),2,25,29
1155777,2022-06-30,804,Dornbirn,Frauen,30 bis 34 Jahre,B9999,unbestimmt (nur Pst),1,30,34
1155820,2022-06-30,804,Dornbirn,Frauen,40 bis 44 Jahre,B9999,unbestimmt (nur Pst),1,40,44
1155847,2022-06-30,804,Dornbirn,Frauen,50 bis 54 Jahre,B9999,unbestimmt (nur Pst),1,50,54
1155935,2022-06-30,804,Dornbirn,Männer,25 bis 29 Jahre,B9999,unbestimmt (nur Pst),2,25,29
1156034,2022-06-30,805,Feldkirch,Frauen,bis 19 Jahre,B9999,unbestimmt (nur Pst),2,0,19
1156061,2022-06-30,805,Feldkirch,Frauen,20 bis 24 Jahre,B9999,unbestimmt (nur Pst),8,20,24
1156086,2022-06-30,805,Feldkirch,Frauen,25 bis 29 Jahre,B9999,unbestimmt (nur Pst),5,25,29
1156132,2022-06-30,805,Feldkirch,Frauen,35 bis 39 Jahre,B9999,unbestimmt (nur Pst),2,35,39
1156153,2022-06-30,805,Feldkirch,Frauen,40 bis 44 Jahre,B9999,unbestimmt (nur Pst),2,40,44
1156170,2022-06-30,805,Feldkirch,Frauen,45 bis 49 Jahre,B9999,unbestimmt (nur Pst),2,45,49
1156213,2022-06-30,805,Feldkirch,Männer,bis 19 Jahre,B9999,unbestimmt (nur Pst),8,0,19
1156248,2022-06-30,805,Feldkirch,Männer,20 bis 24 Jahre,B9999,unbestimmt (nur Pst),8,20,24
1156307,2022-06-30,805,Feldkirch,Männer,35 bis 39 Jahre,B9999,unbestimmt (nur Pst),3,35,39
1156331,2022-06-30,805,Feldkirch,Männer,45 bis 49 Jahre,B9999,unbestimmt (nur Pst),2,45,49
1156342,2022-06-30,805,Feldkirch,Männer,50 bis 54 Jahre,B9999,unbestimmt (nur Pst),2,50,54
1156390,2022-06-30,958,Wien Johnstraße,Frauen,25 bis 29 Jahre,B9999,unbestimmt (nur Pst),1,25,29
1158639,2022-06-30,963,Wien Währinger Gürtel,Frauen,45 bis 49 Jahre,B9999,unbestimmt (nur Pst),1,45,49
1160735,2022-06-30,966,Wien Hietzinger Kai,Frauen,40 bis 44 Jahre,B9999,unbestimmt (nur Pst),1,40,44
1161215,2022-06-30,967,Wien Huttengasse,Frauen,25 bis 29 Jahre,B9999,unbestimmt (nur Pst),1,25,29
1161419,2022-06-30,967,Wien Huttengasse,Frauen,45 bis 49 Jahre,B9999,unbestimmt (nur Pst),2,45,49
1161558,2022-06-30,967,Wien Huttengasse,Männer,25 bis 29 Jahre,B9999,unbestimmt (nur Pst),1,25,29
1162051,2022-06-30,968,Wien Schloßhofer Straße,Frauen,35 bis 39 Jahre,B9999,unbestimmt (nur Pst),1,35,39
1162098,2022-06-30,968,Wien Schloßhofer Straße,Frauen,40 bis 44 Jahre,B9999,unbestimmt (nur Pst),3,40,44
1162293,2022-06-30,968,Wien Schloßhofer Straße,Männer,30 bis 34 Jahre,B9999,unbestimmt (nur Pst),1,30,34
1163298,2022-06-30,974,Wien Austria Campus,Frauen,35 bis 39 Jahre,B9999,unbestimmt (nur Pst),1,35,39
1163406,2022-06-30,974,Wien Austria Campus,Frauen,50 bis 54 Jahre,B9999,unbestimmt (nur Pst),1,50,54
1163611,2022-06-30,974,Wien Austria Campus,Männer,40 bis 44 Jahre,B9999,unbestimmt (nur Pst),1,40,44
1164249,2022-06-30,976,Wien Jugendliche I,Frauen,bis 19 Jahre,B9999,unbestimmt (nur Pst),12,0,19
1164338,2022-06-30,976,Wien Jugendliche I,Frauen,20 bis 24 Jahre,B9999,unbestimmt (nur Pst),5,20,24
1164450,2022-06-30,976,Wien Jugendliche I,Männer,bis 19 Jahre,B9999,unbestimmt (nur Pst),8,0,19
1164585,2022-06-30,976,Wien Jugendliche I,Männer,20 bis 24 Jahre,B9999,unbestimmt (nur Pst),5,20,24
1164692,2022-06-30,977,Wien Jugendliche II,Frauen,bis 19 Jahre,B9999,unbestimmt (nur Pst),13,0,19
1164794,2022-06-30,977,Wien Jugendliche II,Frauen,20 bis 24 Jahre,B9999,unbestimmt (nur Pst),4,20,24
1164895,2022-06-30,977,Wien Jugendliche II,Männer,bis 19 Jahre,B9999,unbestimmt (nur Pst),9,0,19
1165019,2022-06-30,977,Wien Jugendliche II,Männer,20 bis 24 Jahre,B9999,unbestimmt (nur Pst),5,20,24
1165072,2022-07-31,101,Eisenstadt,Frauen,20 bis 24 Jahre,B9999,unbestimmt (nur Pst),1,20,24
1165154,2022-07-31,101,Eisenstadt,Männer,bis 19 Jahre,B9999,unbestimmt (nur Pst),3,0,19
1165173,2022-07-31,101,Eisenstadt,Männer,20 bis 24 Jahre,B9999,unbestimmt (nur Pst),1,20,24
1165229,2022-07-31,102,Mattersburg,Frauen,bis 19 Jahre,B9999,unbestimmt (nur Pst),5,0,19
1165240,2022-07-31,102,Mattersburg,Frauen,20 bis 24 Jahre,B9999,unbestimmt (nur Pst),1,20,24
1165269,2022-07-31,102,Mattersburg,Frauen,45 bis 49 Jahre,B9999,unbestimmt (nur Pst),1,45,49
1165285,2022-07-31,102,Mattersburg,Männer,bis 19 Jahre,B9999,unbestimmt (nur Pst),3,0,19
1165424,2022-07-31,103,Neusiedl am See,Männer,40 bis 44 Jahre,B9999,unbestimmt (nur Pst),1,40,44
1165619,2022-07-31,105,Oberwart,Frauen,30 bis 34 Jahre,B9999,unbestimmt (nur Pst),1,30,34
1165673,2022-07-31,105,Oberwart,Frauen,50 bis 54 Jahre,B9999,unbestimmt (nur Pst),1,50,54
1165810,2022-07-31,106,Stegersbach,Frauen,bis 19 Jahre,B9999,unbestimmt (nur Pst),1,0,19
1165881,2022-07-31,106,Stegersbach,Männer,bis 19 Jahre,B9999,unbestimmt (nur Pst),1,0,19
1166090,2022-07-31,203,Klagenfurt,Frauen,bis 19 Jahre,B9999,unbestimmt (nur Pst),1,0,19
1166141,2022-07-31,203,Klagenfurt,Frauen,25 bis 29 Jahre,B9999,unbestimmt (nur Pst),1,25,29
1166161,2022-07-31,203,Klagenfurt,Frauen,30 bis 34 Jahre,B9999,unbestimmt (nur Pst),2,30,34
1166202,2022-07-31,203,Klagenfurt,Frauen,40 bis 44 Jahre,B9999,unbestimmt (nur Pst),3,40,44
1166269,2022-07-31,203,Klagenfurt,Männer,bis 19 Jahre,B9999,unbestimmt (nur Pst),4,0,19
1166297,2022-07-31,203,Klagenfurt,Männer,20 bis 24 Jahre,B9999,unbestimmt (nur Pst),1,20,24
1166311,2022-07-31,203,Klagenfurt,Männer,25 bis 29 Jahre,B9999,unbestimmt (nur Pst),1,25,29
1166328,2022-07-31,203,Klagenfurt,Männer,30 bis 34 Jahre,B9999,unbestimmt (nur Pst),1,30,34
1166364,2022-07-31,203,Klagenfurt,Männer,40 bis 44 Jahre,B9999,unbestimmt (nur Pst),2,40,44
1166381,2022-07-31,203,Klagenfurt,Männer,50 bis 54 Jahre,B9999,unbestimmt (nur Pst),1,50,54
1166390,2022-07-31,203,Klagenfurt,Männer,55 bis 59 Jahre,B9999,unbestimmt (nur Pst),1,55,59
1166408,2022-07-31,204,Spittal/Drau,Frauen,bis 19 Jahre,B9999,unbestimmt (nur Pst),1,0,19
1166486,2022-07-31,204,Spittal/Drau,Männer,bis 19 Jahre,B9999,unbestimmt (nur Pst),2,0,19
1166576,2022-07-31,205,St. Veit/Glan,Frauen,35 bis 39 Jahre,B9999,unbestimmt (nur Pst),1,35,39
1166669,2022-07-31,206,Villach,Frauen,bis 19 Jahre,B9999,unbestimmt (nur Pst),1,0,19
1166751,2022-07-31,206,Villach,Frauen,35 bis 39 Jahre,B9999,unbestimmt (nur Pst),1,35,39
1166907,2022-07-31,206,Villach,Männer,35 bis 39 Jahre,B9999,unbestimmt (nur Pst),1,35,39
1166983,2022-07-31,207,Völkermarkt,Frauen,40 bis 44 Jahre,B9999,unbestimmt (nur Pst),1,40,44
1167021,2022-07-31,207,Völkermarkt,Männer,20 bis 24 Jahre,B9999,unbestimmt (nur Pst),1,20,24
1167028,2022-07-31,207,Völkermarkt,Männer,30 bis 34 Jahre,B9999,unbestimmt (nur Pst),1,30,34
1167031,2022-07-31,207,Völkermarkt,Männer,35 bis 39 Jahre,B9999,unbestimmt (nur Pst),1,35,39
1167079,2022-07-31,208,Wolfsberg,Frauen,25 bis 29 Jahre,B9999,unbestimmt (nur Pst),1,25,29
1167135,2022-07-31,208,Wolfsberg,Männer,bis 19 Jahre,B9999,unbestimmt (nur Pst),2,0,19
1167150,2022-07-31,208,Wolfsberg,Männer,20 bis 24 Jahre,B9999,unbestimmt (nur Pst),1,20,24
1167205,2022-07-31,301,Amstetten,Frauen,bis 19 Jahre,B9999,unbestimmt (nur Pst),5,0,19
1167228,2022-07-31,301,Amstetten,Frauen,20 bis 24 Jahre,B9999,unbestimmt (nur Pst),2,20,24
1167246,2022-07-31,301,Amstetten,Frauen,25 bis 29 Jahre,B9999,unbestimmt (nur Pst),2,25,29
1167265,2022-07-31,301,Amstetten,Frauen,30 bis 34 Jahre,B9999,unbestimmt (nur Pst),1,30,34
1167342,2022-07-31,301,Amstetten,Männer,bis 19 Jahre,B9999,unbestimmt (nur Pst),7,0,19
1167354,2022-07-31,301,Amstetten,Männer,20 bis 24 Jahre,B9999,unbestimmt (nur Pst),1,20,24
1167477,2022-07-31,304,Baden neu,Frauen,bis 19 Jahre,B9999,unbestimmt (nur Pst),3,0,19
1167499,2022-07-31,304,Baden neu,Frauen,20 bis 24 Jahre,B9999,unbestimmt (nur Pst),3,20,24
1167519,2022-07-31,304,Baden neu,Frauen,25 bis 29 Jahre,B9999,unbestimmt (nur Pst),1,25,29
1167541,2022-07-31,304,Baden neu,Frauen,30 bis 34 Jahre,B9999,unbestimmt (nur Pst),1,30,34
1167560,2022-07-31,304,Baden neu,Frauen,35 bis 39 Jahre,B9999,unbestimmt (nur Pst),1,35,39
1167651,2022-07-31,304,Baden neu,Männer,bis 19 Jahre,B9999,unbestimmt (nur Pst),2,0,19
1167695,2022-07-31,304,Baden neu,Männer,20 bis 24 Jahre,B9999,unbestimmt (nur Pst),1,20,24
1167821,2022-07-31,306,Bruck/Leitha,Frauen,bis 19 Jahre,B9999,unbestimmt (nur Pst),2,0,19
1167836,2022-07-31,306,Bruck/Leitha,Frauen,20 bis 24 Jahre,B9999,unbestimmt (nur Pst),1,20,24
1167909,2022-07-31,306,Bruck/Leitha,Männer,bis 19 Jahre,B9999,unbestimmt (nur Pst),1,0,19
1167925,2022-07-31,306,Bruck/Leitha,Männer,20 bis 24 Jahre,B9999,unbestimmt (nur Pst),1,20,24
1167989,2022-07-31,308,Gänserndorf,Frauen,bis 19 Jahre,B9999,unbestimmt (nur Pst),4,0,19
1168018,2022-07-31,308,Gänserndorf,Frauen,20 bis 24 Jahre,B9999,unbestimmt (nur Pst),1,20,24
1168037,2022-07-31,308,Gänserndorf,Frauen,25 bis 29 Jahre,B9999,unbestimmt (nur Pst),1,25,29
1168149,2022-07-31,308,Gänserndorf,Männer,bis 19 Jahre,B9999,unbestimmt (nur Pst),1,0,19
1168278,2022-07-31,311,Gmünd,Frauen,bis 19 Jahre,B9999,unbestimmt (nur Pst),2,0,19
1168340,2022-07-31,311,Gmünd,Frauen,55 bis 59 Jahre,B9999,unbestimmt (nur Pst),1,55,59
1168355,2022-07-31,311,Gmünd,Männer,bis 19 Jahre,B9999,unbestimmt (nur Pst),5,0,19
1168397,2022-07-31,312,Hollabrunn,Frauen,bis 19 Jahre,B9999,unbestimmt (nur Pst),2,0,19
1168425,2022-07-31,312,Hollabrunn,Frauen,25 bis 29 Jahre,B9999,unbestimmt (nur Pst),1,25,29
1168436,2022-07-31,312,Hollabrunn,Frauen,30 bis 34 Jahre,B9999,unbestimmt (nur Pst),1,30,34
1168445,2022-07-31,312,Hollabrunn,Frauen,35 bis 39 Jahre,B9999,unbestimmt (nur Pst),1,35,39
1168480,2022-07-31,312,Hollabrunn,Männer,bis 19 Jahre,B9999,unbestimmt (nur Pst),3,0,19
1168515,2022-07-31,312,Hollabrunn,Männer,30 bis 34 Jahre,B9999,unbestimmt (nur Pst),1,30,34
1168544,2022-07-31,312,Hollabrunn,Männer,55 bis 59 Jahre,B9999,unbestimmt (nur Pst),1,55,59
1168554,2022-07-31,313,Horn,Frauen,bis 19 Jahre,B9999,unbestimmt (nur Pst),1,0,19
1168560,2022-07-31,313,Horn,Frauen,20 bis 24 Jahre,B9999,unbestimmt (nur Pst),1,20,24
1168590,2022-07-31,313,Horn,Männer,20 bis 24 Jahre,B9999,unbestimmt (nur Pst),1,20,24
1168622,2022-07-31,314,Korneuburg,Frauen,bis 19 Jahre,B9999,unbestimmt (nur Pst),2,0,19
1168643,2022-07-31,314,Korneuburg,Frauen,20 bis 24 Jahre,B9999,unbestimmt (nur Pst),2,20,24
1168660,2022-07-31,314,Korneuburg,Frauen,25 bis 29 Jahre,B9999,unbestimmt (nur Pst),1,25,29
1168750,2022-07-31,314,Korneuburg,Männer,bis 19 Jahre,B9999,unbestimmt (nur Pst),6,0,19
1168852,2022-07-31,315,Krems,Frauen,bis 19 Jahre,B9999,unbestimmt (nur Pst),2,0,19
1168887,2022-07-31,315,Krems,Frauen,25 bis 29 Jahre,B9999,unbestimmt (nur Pst),1,25,29
1168917,2022-07-31,315,Krems,Frauen,35 bis 39 Jahre,B9999,unbestimmt (nur Pst),1,35,39
1168941,2022-07-31,315,Krems,Frauen,45 bis 49 Jahre,B9999,unbestimmt (nur Pst),1,45,49
1168977,2022-07-31,315,Krems,Männer,bis 19 Jahre,B9999,unbestimmt (nur Pst),2,0,19
1169057,2022-07-31,315,Krems,Männer,45 bis 49 Jahre,B9999,unbestimmt (nur Pst),1,45,49
1169082,2022-07-31,316,Lilienfeld,Frauen,bis 19 Jahre,B9999,unbestimmt (nur Pst),1,0,19
1169089,2022-07-31,316,Lilienfeld,Frauen,20 bis 24 Jahre,B9999,unbestimmt (nur Pst),1,20,24
1169100,2022-07-31,316,Lilienfeld,Frauen,30 bis 34 Jahre,B9999,unbestimmt (nur Pst),1,30,34
1169111,2022-07-31,316,Lilienfeld,Frauen,40 bis 44 Jahre,B9999,unbestimmt (nur Pst),1,40,44
1169125,2022-07-31,316,Lilienfeld,Männer,bis 19 Jahre,B9999,unbestimmt (nur Pst),3,0,19
1169151,2022-07-31,316,Lilienfeld,Männer,40 bis 44 Jahre,B9999,unbestimmt (nur Pst),1,40,44
1169176,2022-07-31,317,Melk,Frauen,bis 19 Jahre,B9999,unbestimmt (nur Pst),1,0,19
1169187,2022-07-31,317,Melk,Frauen,20 bis 24 Jahre,B9999,unbestimmt (nur Pst),1,20,24
1169361,2022-07-31,319,Mistelbach,Frauen,bis 19 Jahre,B9999,unbestimmt (nur Pst),2,0,19
1169381,2022-07-31,319,Mistelbach,Frauen,20 bis 24 Jahre,B9999,unbestimmt (nur Pst),1,20,24
1169452,2022-07-31,319,Mistelbach,Männer,bis 19 Jahre,B9999,unbestimmt (nur Pst),1,0,19
1169471,2022-07-31,319,Mistelbach,Männer,20 bis 24 Jahre,B9999,unbestimmt (nur Pst),1,20,24
1169533,2022-07-31,321,Mödling,Frauen,bis 19 Jahre,B9999,unbestimmt (nur Pst),2,0,19
1169572,2022-07-31,321,Mödling,Frauen,25 bis 29 Jahre,B9999,unbestimmt (nur Pst),2,25,29
1169629,2022-07-31,321,Mödling,Frauen,40 bis 44 Jahre,B9999,unbestimmt (nur Pst),1,40,44
1169650,2022-07-31,321,Mödling,Frauen,45 bis 49 Jahre,B9999,unbestimmt (nur Pst),1,45,49
1169671,2022-07-31,321,Mödling,Frauen,50 bis 54 Jahre,B9999,unbestimmt (nur Pst),1,50,54
1169697,2022-07-31,321,Mödling,Männer,bis 19 Jahre,B9999,unbestimmt (nur Pst),5,0,19
1169730,2022-07-31,321,Mödling,Männer,20 bis 24 Jahre,B9999,unbestimmt (nur Pst),1,20,24
1169748,2022-07-31,321,Mödling,Männer,25 bis 29 Jahre,B9999,unbestimmt (nur Pst),1,25,29
1170130,2022-07-31,326,St. Pölten,Frauen,bis 19 Jahre,B9999,unbestimmt (nur Pst),16,0,19
1170160,2022-07-31,326,St. Pölten,Frauen,20 bis 24 Jahre,B9999,unbestimmt (nur Pst),2,20,24
1170185,2022-07-31,326,St. Pölten,Frauen,25 bis 29 Jahre,B9999,unbestimmt (nur Pst),2,25,29
1170245,2022-07-31,326,St. Pölten,Frauen,35 bis 39 Jahre,B9999,unbestimmt (nur Pst),3,35,39
1170278,2022-07-31,326,St. Pölten,Frauen,40 bis 44 Jahre,B9999,unbestimmt (nur Pst),1,40,44
1170299,2022-07-31,326,St. Pölten,Frauen,45 bis 49 Jahre,B9999,unbestimmt (nur Pst),2,45,49
1170317,2022-07-31,326,St. Pölten,Frauen,50 bis 54 Jahre,B9999,unbestimmt (nur Pst),3,50,54
1170331,2022-07-31,326,St. Pölten,Frauen,55 bis 59 Jahre,B9999,unbestimmt (nur Pst),1,55,59
1170365,2022-07-31,326,St. Pölten,Männer,bis 19 Jahre,B9999,unbestimmt (nur Pst),18,0,19
1170401,2022-07-31,326,St. Pölten,Männer,20 bis 24 Jahre,B9999,unbestimmt (nur Pst),6,20,24
1170427,2022-07-31,326,St. Pölten,Männer,25 bis 29 Jahre,B9999,unbestimmt (nur Pst),1,25,29
1170475,2022-07-31,326,St. Pölten,Männer,35 bis 39 Jahre,B9999,unbestimmt (nur Pst),1,35,39
1170574,2022-07-31,328,Scheibbs,Frauen,20 bis 24 Jahre,B9999,unbestimmt (nur Pst),1,20,24
1170610,2022-07-31,328,Scheibbs,Männer,bis 19 Jahre,B9999,unbestimmt (nur Pst),1,0,19
1170667,2022-07-31,329,Schwechat,Frauen,bis 19 Jahre,B9999,unbestimmt (nur Pst),1,0,19
1170684,2022-07-31,329,Schwechat,Frauen,20 bis 24 Jahre,B9999,unbestimmt (nur Pst),2,20,24
1170728,2022-07-31,329,Schwechat,Frauen,35 bis 39 Jahre,B9999,unbestimmt (nur Pst),1,35,39
1170789,2022-07-31,329,Schwechat,Männer,bis 19 Jahre,B9999,unbestimmt (nur Pst),2,0,19
1170894,2022-07-31,331,Tulln,Frauen,bis 19 Jahre,B9999,unbestimmt (nur Pst),5,0,19
1170917,2022-07-31,331,Tulln,Frauen,20 bis 24 Jahre,B9999,unbestimmt (nur Pst),4,20,24
1171021,2022-07-31,331,Tulln,Frauen,50 bis 54 Jahre,B9999,unbestimmt (nur Pst),1,50,54
1171041,2022-07-31,331,Tulln,Männer,bis 19 Jahre,B9999,unbestimmt (nur Pst),2,0,19
1171061,2022-07-31,331,Tulln,Männer,20 bis 24 Jahre,B9999,unbestimmt (nur Pst),1,20,24
1171070,2022-07-31,331,Tulln,Männer,25 bis 29 Jahre,B9999,unbestimmt (nur Pst),1,25,29
1171136,2022-07-31,332,Waidhofen/Thaya,Frauen,bis 19 Jahre,B9999,unbestimmt (nur Pst),1,0,19
1171200,2022-07-31,332,Waidhofen/Thaya,Männer,20 bis 24 Jahre,B9999,unbestimmt (nur Pst),3,20,24
1171227,2022-07-31,333,Waidhofen/Ybbs,Frauen,bis 19 Jahre,B9999,unbestimmt (nur Pst),1,0,19
1171239,2022-07-31,333,Waidhofen/Ybbs,Frauen,20 bis 24 Jahre,B9999,unbestimmt (nur Pst),1,20,24
1171269,2022-07-31,333,Waidhofen/Ybbs,Männer,bis 19 Jahre,B9999,unbestimmt (nur Pst),2,0,19
1171274,2022-07-31,333,Waidhofen/Ybbs,Männer,20 bis 24 Jahre,B9999,unbestimmt (nur Pst),1,20,24
1171312,2022-07-31,334,Wr. Neustadt,Frauen,bis 19 Jahre,B9999,unbestimmt (nur Pst),1,0,19
1171510,2022-07-31,334,Wr. Neustadt,Männer,bis 19 Jahre,B9999,unbestimmt (nur Pst),1,0,19
1171763,2022-07-31,335,Zwettl,Männer,30 bis 34 Jahre,B9999,unbestimmt (nur Pst),1,30,34
1171794,2022-07-31,401,Braunau,Frauen,bis 19 Jahre,B9999,unbestimmt (nur Pst),13,0,19
1171818,2022-07-31,401,Braunau,Frauen,20 bis 24 Jahre,B9999,unbestimmt (nur Pst),6,20,24
1171836,2022-07-31,401,Braunau,Frauen,25 bis 29 Jahre,B9999,unbestimmt (nur Pst),4,25,29
1171856,2022-07-31,401,Braunau,Frauen,30 bis 34 Jahre,B9999,unbestimmt (nur Pst),6,30,34
1171879,2022-07-31,401,Braunau,Frauen,35 bis 39 Jahre,B9999,unbestimmt (nur Pst),3,35,39
1171899,2022-07-31,401,Braunau,Frauen,40 bis 44 Jahre,B9999,unbestimmt (nur Pst),3,40,44
1171916,2022-07-31,401,Braunau,Frauen,45 bis 49 Jahre,B9999,unbestimmt (nur Pst),2,45,49
1171929,2022-07-31,401,Braunau,Frauen,50 bis 54 Jahre,B9999,unbestimmt (nur Pst),1,50,54
1171960,2022-07-31,401,Braunau,Männer,bis 19 Jahre,B9999,unbestimmt (nur Pst),18,0,19
1171984,2022-07-31,401,Braunau,Männer,20 bis 24 Jahre,B9999,unbestimmt (nur Pst),5,20,24
1172006,2022-07-31,401,Braunau,Männer,25 bis 29 Jahre,B9999,unbestimmt (nur Pst),1,25,29
1172048,2022-07-31,401,Braunau,Männer,40 bis 44 Jahre,B9999,unbestimmt (nur Pst),2,40,44
1172068,2022-07-31,401,Braunau,Männer,45 bis 49 Jahre,B9999,unbestimmt (nur Pst),1,45,49
1172102,2022-07-31,402,Eferding,Frauen,bis 19 Jahre,B9999,unbestimmt (nur Pst),2,0,19
1172125,2022-07-31,402,Eferding,Frauen,30 bis 34 Jahre,B9999,unbestimmt (nur Pst),2,30,34
1172142,2022-07-31,402,Eferding,Frauen,40 bis 44 Jahre,B9999,unbestimmt (nur Pst),2,40,44
1172156,2022-07-31,402,Eferding,Frauen,55 bis 59 Jahre,B9999,unbestimmt (nur Pst),1,55,59
1172173,2022-07-31,402,Eferding,Männer,20 bis 24 Jahre,B9999,unbestimmt (nur Pst),1,20,24
1172221,2022-07-31,403,Freistadt,Frauen,bis 19 Jahre,B9999,unbestimmt (nur Pst),2,0,19
1172248,2022-07-31,403,Freistadt,Frauen,25 bis 29 Jahre,B9999,unbestimmt (nur Pst),1,25,29
1172347,2022-07-31,403,Freistadt,Männer,20 bis 24 Jahre,B9999,unbestimmt (nur Pst),1,20,24
1172467,2022-07-31,404,Gmunden,Frauen,25 bis 29 Jahre,B9999,unbestimmt (nur Pst),1,25,29
1172577,2022-07-31,404,Gmunden,Männer,bis 19 Jahre,B9999,unbestimmt (nur Pst),6,0,19
1172605,2022-07-31,404,Gmunden,Männer,20 bis 24 Jahre,B9999,unbestimmt (nur Pst),1,20,24
1172711,2022-07-31,404,Gmunden,Männer,65 Jahre und älter,B9999,unbestimmt (nur Pst),1,65,99
1172724,2022-07-31,406,Grieskirchen,Frauen,bis 19 Jahre,B9999,unbestimmt (nur Pst),2,0,19
1172756,2022-07-31,406,Grieskirchen,Frauen,25 bis 29 Jahre,B9999,unbestimmt (nur Pst),1,25,29
1172786,2022-07-31,406,Grieskirchen,Frauen,35 bis 39 Jahre,B9999,unbestimmt (nur Pst),2,35,39
1172819,2022-07-31,406,Grieskirchen,Frauen,50 bis 54 Jahre,B9999,unbestimmt (nur Pst),1,50,54
1172900,2022-07-31,407,Kirchdorf/Krems,Frauen,bis 19 Jahre,B9999,unbestimmt (nur Pst),3,0,19
1173006,2022-07-31,407,Kirchdorf/Krems,Männer,bis 19 Jahre,B9999,unbestimmt (nur Pst),3,0,19
1173112,2022-07-31,409,Linz neu,Frauen,bis 19 Jahre,B9999,unbestimmt (nur Pst),37,0,19
1173157,2022-07-31,409,Linz neu,Frauen,20 bis 24 Jahre,B9999,unbestimmt (nur Pst),19,20,24
1173204,2022-07-31,409,Linz neu,Frauen,25 bis 29 Jahre,B9999,unbestimmt (nur Pst),3,25,29
1173251,2022-07-31,409,Linz neu,Frauen,30 bis 34 Jahre,B9999,unbestimmt (nur Pst),7,30,34
1173302,2022-07-31,409,Linz neu,Frauen,35 bis 39 Jahre,B9999,unbestimmt (nur Pst),1,35,39
1173343,2022-07-31,409,Linz neu,Frauen,40 bis 44 Jahre,B9999,unbestimmt (nur Pst),2,40,44
1173457,2022-07-31,409,Linz neu,Männer,bis 19 Jahre,B9999,unbestimmt (nur Pst),31,0,19
1173512,2022-07-31,409,Linz neu,Männer,20 bis 24 Jahre,B9999,unbestimmt (nur Pst),19,20,24
1173574,2022-07-31,409,Linz neu,Männer,25 bis 29 Jahre,B9999,unbestimmt (nur Pst),1,25,29
1173630,2022-07-31,409,Linz neu,Männer,30 bis 34 Jahre,B9999,unbestimmt (nur Pst),2,30,34
1173675,2022-07-31,409,Linz neu,Männer,35 bis 39 Jahre,B9999,unbestimmt (nur Pst),4,35,39
1173709,2022-07-31,409,Linz neu,Männer,40 bis 44 Jahre,B9999,unbestimmt (nur Pst),1,40,44
1173744,2022-07-31,409,Linz neu,Männer,45 bis 49 Jahre,B9999,unbestimmt (nur Pst),1,45,49
1173841,2022-07-31,411,Perg,Frauen,20 bis 24 Jahre,B9999,unbestimmt (nur Pst),1,20,24
1173956,2022-07-31,411,Perg,Männer,20 bis 24 Jahre,B9999,unbestimmt (nur Pst),1,20,24
1174049,2022-07-31,412,Ried im Innkreis,Frauen,bis 19 Jahre,B9999,unbestimmt (nur Pst),16,0,19
1174066,2022-07-31,412,Ried im Innkreis,Frauen,20 bis 24 Jahre,B9999,unbestimmt (nur Pst),2,20,24
1174082,2022-07-31,412,Ried im Innkreis,Frauen,25 bis 29 Jahre,B9999,unbestimmt (nur Pst),3,25,29
1174100,2022-07-31,412,Ried im Innkreis,Frauen,30 bis 34 Jahre,B9999,unbestimmt (nur Pst),1,30,34
1174113,2022-07-31,412,Ried im Innkreis,Frauen,35 bis 39 Jahre,B9999,unbestimmt (nur Pst),1,35,39
1174125,2022-07-31,412,Ried im Innkreis,Frauen,40 bis 44 Jahre,B9999,unbestimmt (nur Pst),2,40,44
1174145,2022-07-31,412,Ried im Innkreis,Frauen,50 bis 54 Jahre,B9999,unbestimmt (nur Pst),5,50,54
1174150,2022-07-31,412,Ried im Innkreis,Frauen,55 bis 59 Jahre,B9999,unbestimmt (nur Pst),1,55,59
1174164,2022-07-31,412,Ried im Innkreis,Männer,bis 19 Jahre,B9999,unbestimmt (nur Pst),2,0,19
1174249,2022-07-31,412,Ried im Innkreis,Männer,65 Jahre und älter,B9999,unbestimmt (nur Pst),1,65,99
1174269,2022-07-31,413,Rohrbach,Frauen,20 bis 24 Jahre,B9999,unbestimmt (nur Pst),2,20,24
1174295,2022-07-31,413,Rohrbach,Frauen,35 bis 39 Jahre,B9999,unbestimmt (nur Pst),4,35,39
1174308,2022-07-31,413,Rohrbach,Frauen,45 bis 49 Jahre,B9999,unbestimmt (nur Pst),2,45,49
1174328,2022-07-31,413,Rohrbach,Männer,bis 19 Jahre,B9999,unbestimmt (nur Pst),1,0,19
1174338,2022-07-31,413,Rohrbach,Männer,20 bis 24 Jahre,B9999,unbestimmt (nur Pst),1,20,24
1174363,2022-07-31,413,Rohrbach,Männer,45 bis 49 Jahre,B9999,unbestimmt (nur Pst),1,45,49
1174386,2022-07-31,414,Schärding,Frauen,bis 19 Jahre,B9999,unbestimmt (nur Pst),1,0,19
1174459,2022-07-31,414,Schärding,Männer,bis 19 Jahre,B9999,unbestimmt (nur Pst),1,0,19
1174540,2022-07-31,415,Steyr,Frauen,bis 19 Jahre,B9999,unbestimmt (nur Pst),13,0,19
1174565,2022-07-31,415,Steyr,Frauen,20 bis 24 Jahre,B9999,unbestimmt (nur Pst),2,20,24
1174606,2022-07-31,415,Steyr,Frauen,30 bis 34 Jahre,B9999,unbestimmt (nur Pst),3,30,34
1174631,2022-07-31,415,Steyr,Frauen,35 bis 39 Jahre,B9999,unbestimmt (nur Pst),2,35,39
1174650,2022-07-31,415,Steyr,Frauen,40 bis 44 Jahre,B9999,unbestimmt (nur Pst),2,40,44
1174663,2022-07-31,415,Steyr,Frauen,45 bis 49 Jahre,B9999,unbestimmt (nur Pst),1,45,49
1174712,2022-07-31,415,Steyr,Männer,bis 19 Jahre,B9999,unbestimmt (nur Pst),11,0,19
1174743,2022-07-31,415,Steyr,Männer,20 bis 24 Jahre,B9999,unbestimmt (nur Pst),3,20,24
1174766,2022-07-31,415,Steyr,Männer,25 bis 29 Jahre,B9999,unbestimmt (nur Pst),2,25,29
1174849,2022-07-31,415,Steyr,Männer,45 bis 49 Jahre,B9999,unbestimmt (nur Pst),1,45,49
1174863,2022-07-31,415,Steyr,Männer,50 bis 54 Jahre,B9999,unbestimmt (nur Pst),1,50,54
1174897,2022-07-31,418,Vöcklabruck,Frauen,bis 19 Jahre,B9999,unbestimmt (nur Pst),2,0,19
1174919,2022-07-31,418,Vöcklabruck,Frauen,20 bis 24 Jahre,B9999,unbestimmt (nur Pst),1,20,24
1174934,2022-07-31,418,Vöcklabruck,Frauen,25 bis 29 Jahre,B9999,unbestimmt (nur Pst),1,25,29
1175057,2022-07-31,418,Vöcklabruck,Männer,bis 19 Jahre,B9999,unbestimmt (nur Pst),4,0,19
1175080,2022-07-31,418,Vöcklabruck,Männer,20 bis 24 Jahre,B9999,unbestimmt (nur Pst),1,20,24
1175208,2022-07-31,418,Vöcklabruck,Männer,55 bis 59 Jahre,B9999,unbestimmt (nur Pst),1,55,59
1175271,2022-07-31,419,Wels,Frauen,20 bis 24 Jahre,B9999,unbestimmt (nur Pst),1,20,24
1175434,2022-07-31,419,Wels,Männer,bis 19 Jahre,B9999,unbestimmt (nur Pst),2,0,19
1175514,2022-07-31,419,Wels,Männer,30 bis 34 Jahre,B9999,unbestimmt (nur Pst),1,30,34
1175612,2022-07-31,421,Traun,Frauen,bis 19 Jahre,B9999,unbestimmt (nur Pst),3,0,19
1175712,2022-07-31,421,Traun,Frauen,35 bis 39 Jahre,B9999,unbestimmt (nur Pst),1,35,39
1175739,2022-07-31,421,Traun,Frauen,40 bis 44 Jahre,B9999,unbestimmt (nur Pst),1,40,44
1175829,2022-07-31,421,Traun,Männer,bis 19 Jahre,B9999,unbestimmt (nur Pst),3,0,19
1175942,2022-07-31,421,Traun,Männer,35 bis 39 Jahre,B9999,unbestimmt (nur Pst),1,35,39
1175963,2022-07-31,421,Traun,Männer,40 bis 44 Jahre,B9999,unbestimmt (nur Pst),2,40,44
1175994,2022-07-31,421,Traun,Männer,50 bis 54 Jahre,B9999,unbestimmt (nur Pst),2,50,54
1176026,2022-07-31,501,Bischofshofen,Frauen,bis 19 Jahre,B9999,unbestimmt (nur Pst),1,0,19
1176042,2022-07-31,501,Bischofshofen,Frauen,20 bis 24 Jahre,B9999,unbestimmt (nur Pst),2,20,24
1176056,2022-07-31,501,Bischofshofen,Frauen,25 bis 29 Jahre,B9999,unbestimmt (nur Pst),1,25,29
1176101,2022-07-31,501,Bischofshofen,Frauen,40 bis 44 Jahre,B9999,unbestimmt (nur Pst),1,40,44
1176136,2022-07-31,501,Bischofshofen,Männer,bis 19 Jahre,B9999,unbestimmt (nur Pst),1,0,19
1176192,2022-07-31,503,Hallein,Frauen,bis 19 Jahre,B9999,unbestimmt (nur Pst),1,0,19
1176258,2022-07-31,503,Hallein,Männer,bis 19 Jahre,B9999,unbestimmt (nur Pst),3,0,19
1176346,2022-07-31,506,Zell am See,Frauen,bis 19 Jahre,B9999,unbestimmt (nur Pst),2,0,19
1176406,2022-07-31,506,Zell am See,Männer,bis 19 Jahre,B9999,unbestimmt (nur Pst),3,0,19
1176414,2022-07-31,506,Zell am See,Männer,20 bis 24 Jahre,B9999,unbestimmt (nur Pst),1,20,24
1176420,2022-07-31,506,Zell am See,Männer,25 bis 29 Jahre,B9999,unbestimmt (nur Pst),1,25,29
1176519,2022-07-31,510,Salzburg-Stadt,Frauen,20 bis 24 Jahre,B9999,unbestimmt (nur Pst),1,20,24
1176552,2022-07-31,510,Salzburg-Stadt,Frauen,25 bis 29 Jahre,B9999,unbestimmt (nur Pst),1,25,29
1176691,2022-07-31,510,Salzburg-Stadt,Männer,bis 19 Jahre,B9999,unbestimmt (nur Pst),1,0,19
1176878,2022-07-31,511,Salzburg-Umgebung,Frauen,bis 19 Jahre,B9999,unbestimmt (nur Pst),1,0,19
1176952,2022-07-31,511,Salzburg-Umgebung,Frauen,35 bis 39 Jahre,B9999,unbestimmt (nur Pst),1,35,39
1177003,2022-07-31,511,Salzburg-Umgebung,Frauen,60 bis 64 Jahre,B9999,unbestimmt (nur Pst),1,60,64
1177149,2022-07-31,601,Bruck/Mur,Frauen,bis 19 Jahre,B9999,unbestimmt (nur Pst),10,0,19
1177172,2022-07-31,601,Bruck/Mur,Frauen,20 bis 24 Jahre,B9999,unbestimmt (nur Pst),1,20,24
1177266,2022-07-31,601,Bruck/Mur,Männer,bis 19 Jahre,B9999,unbestimmt (nur Pst),13,0,19
1177288,2022-07-31,601,Bruck/Mur,Männer,20 bis 24 Jahre,B9999,unbestimmt (nur Pst),1,20,24
1177388,2022-07-31,603,Deutschlandsberg,Frauen,20 bis 24 Jahre,B9999,unbestimmt (nur Pst),2,20,24
1177479,2022-07-31,603,Deutschlandsberg,Männer,20 bis 24 Jahre,B9999,unbestimmt (nur Pst),1,20,24
1177572,2022-07-31,604,Feldbach,Frauen,20 bis 24 Jahre,B9999,unbestimmt (nur Pst),1,20,24
1177776,2022-07-31,606,Gleisdorf,Frauen,bis 19 Jahre,B9999,unbestimmt (nur Pst),1,0,19
1177790,2022-07-31,606,Gleisdorf,Frauen,20 bis 24 Jahre,B9999,unbestimmt (nur Pst),1,20,24
1177873,2022-07-31,606,Gleisdorf,Männer,20 bis 24 Jahre,B9999,unbestimmt (nur Pst),1,20,24
1178083,2022-07-31,609,Hartberg,Männer,bis 19 Jahre,B9999,unbestimmt (nur Pst),4,0,19
1178102,2022-07-31,609,Hartberg,Männer,20 bis 24 Jahre,B9999,unbestimmt (nur Pst),1,20,24
1178327,2022-07-31,610,Judenburg,Männer,20 bis 24 Jahre,B9999,unbestimmt (nur Pst),1,20,24
1178398,2022-07-31,611,Murau,Frauen,30 bis 34 Jahre,B9999,unbestimmt (nur Pst),1,30,34
1178452,2022-07-31,614,Leibnitz,Frauen,bis 19 Jahre,B9999,unbestimmt (nur Pst),3,0,19
1178496,2022-07-31,614,Leibnitz,Frauen,25 bis 29 Jahre,B9999,unbestimmt (nur Pst),1,25,29
1178636,2022-07-31,614,Leibnitz,Männer,20 bis 24 Jahre,B9999,unbestimmt (nur Pst),2,20,24
1178726,2022-07-31,616,Leoben,Frauen,bis 19 Jahre,B9999,unbestimmt (nur Pst),1,0,19
1178751,2022-07-31,616,Leoben,Frauen,20 bis 24 Jahre,B9999,unbestimmt (nur Pst),5,20,24
1178776,2022-07-31,616,Leoben,Frauen,30 bis 34 Jahre,B9999,unbestimmt (nur Pst),1,30,34
1178793,2022-07-31,616,Leoben,Frauen,35 bis 39 Jahre,B9999,unbestimmt (nur Pst),2,35,39
1178809,2022-07-31,616,Leoben,Frauen,40 bis 44 Jahre,B9999,unbestimmt (nur Pst),2,40,44
1178837,2022-07-31,616,Leoben,Frauen,55 bis 59 Jahre,B9999,unbestimmt (nur Pst),1,55,59
1178858,2022-07-31,616,Leoben,Männer,bis 19 Jahre,B9999,unbestimmt (nur Pst),4,0,19
1178946,2022-07-31,616,Leoben,Männer,55 bis 59 Jahre,B9999,unbestimmt (nur Pst),1,55,59
1178976,2022-07-31,618,Liezen,Frauen,20 bis 24 Jahre,B9999,unbestimmt (nur Pst),1,20,24
1179052,2022-07-31,618,Liezen,Männer,bis 19 Jahre,B9999,unbestimmt (nur Pst),1,0,19
1179140,2022-07-31,621,Mürzzuschlag,Frauen,bis 19 Jahre,B9999,unbestimmt (nur Pst),3,0,19
1179154,2022-07-31,621,Mürzzuschlag,Frauen,20 bis 24 Jahre,B9999,unbestimmt (nur Pst),1,20,24
1179176,2022-07-31,621,Mürzzuschlag,Frauen,35 bis 39 Jahre,B9999,unbestimmt (nur Pst),1,35,39
1179215,2022-07-31,621,Mürzzuschlag,Männer,bis 19 Jahre,B9999,unbestimmt (nur Pst),3,0,19
1179225,2022-07-31,621,Mürzzuschlag,Männer,20 bis 24 Jahre,B9999,unbestimmt (nur Pst),1,20,24
1179325,2022-07-31,622,Voitsberg,Frauen,20 bis 24 Jahre,B9999,unbestimmt (nur Pst),1,20,24
1179425,2022-07-31,622,Voitsberg,Männer,bis 19 Jahre,B9999,unbestimmt (nur Pst),1,0,19
1179503,2022-07-31,623,Weiz,Frauen,bis 19 Jahre,B9999,unbestimmt (nur Pst),1,0,19
1179523,2022-07-31,623,Weiz,Frauen,30 bis 34 Jahre,B9999,unbestimmt (nur Pst),1,30,34
1179537,2022-07-31,623,Weiz,Frauen,35 bis 39 Jahre,B9999,unbestimmt (nur Pst),1,35,39
1179594,2022-07-31,623,Weiz,Männer,30 bis 34 Jahre,B9999,unbestimmt (nur Pst),1,30,34
1179603,2022-07-31,623,Weiz,Männer,40 bis 44 Jahre,B9999,unbestimmt (nur Pst),1,40,44
1179610,2022-07-31,623,Weiz,Männer,50 bis 54 Jahre,B9999,unbestimmt (nur Pst),1,50,54
1179658,2022-07-31,630,Graz-West und Umgebung,Frauen,bis 19 Jahre,B9999,unbestimmt (nur Pst),5,0,19
1179710,2022-07-31,630,Graz-West und Umgebung,Frauen,20 bis 24 Jahre,B9999,unbestimmt (nur Pst),5,20,24
1179757,2022-07-31,630,Graz-West und Umgebung,Frauen,25 bis 29 Jahre,B9999,unbestimmt (nur Pst),2,25,29
1179802,2022-07-31,630,Graz-West und Umgebung,Frauen,30 bis 34 Jahre,B9999,unbestimmt (nur Pst),1,30,34
1179856,2022-07-31,630,Graz-West und Umgebung,Frauen,35 bis 39 Jahre,B9999,unbestimmt (nur Pst),1,35,39
1180052,2022-07-31,630,Graz-West und Umgebung,Männer,bis 19 Jahre,B9999,unbestimmt (nur Pst),6,0,19
1180117,2022-07-31,630,Graz-West und Umgebung,Männer,20 bis 24 Jahre,B9999,unbestimmt (nur Pst),2,20,24
1180173,2022-07-31,630,Graz-West und Umgebung,Männer,25 bis 29 Jahre,B9999,unbestimmt (nur Pst),1,25,29
1180390,2022-07-31,630,Graz-West und Umgebung,Männer,60 bis 64 Jahre,B9999,unbestimmt (nur Pst),1,60,64
1180405,2022-07-31,631,Graz-Ost,Frauen,bis 19 Jahre,B9999,unbestimmt (nur Pst),2,0,19
1180432,2022-07-31,631,Graz-Ost,Frauen,20 bis 24 Jahre,B9999,unbestimmt (nur Pst),5,20,24
1180473,2022-07-31,631,Graz-Ost,Frauen,25 bis 29 Jahre,B9999,unbestimmt (nur Pst),2,25,29
1180517,2022-07-31,631,Graz-Ost,Frauen,30 bis 34 Jahre,B9999,unbestimmt (nur Pst),4,30,34
1180559,2022-07-31,631,Graz-Ost,Frauen,35 bis 39 Jahre,B9999,unbestimmt (nur Pst),2,35,39
1180592,2022-07-31,631,Graz-Ost,Frauen,40 bis 44 Jahre,B9999,unbestimmt (nur Pst),1,40,44
1180620,2022-07-31,631,Graz-Ost,Frauen,45 bis 49 Jahre,B9999,unbestimmt (nur Pst),1,45,49
1180726,2022-07-31,631,Graz-Ost,Männer,20 bis 24 Jahre,B9999,unbestimmt (nur Pst),3,20,24
1180764,2022-07-31,631,Graz-Ost,Männer,25 bis 29 Jahre,B9999,unbestimmt (nur Pst),1,25,29
1180933,2022-07-31,701,Imst,Frauen,bis 19 Jahre,B9999,unbestimmt (nur Pst),1,0,19
1180943,2022-07-31,701,Imst,Frauen,20 bis 24 Jahre,B9999,unbestimmt (nur Pst),1,20,24
1180949,2022-07-31,701,Imst,Frauen,25 bis 29 Jahre,B9999,unbestimmt (nur Pst),1,25,29
1180961,2022-07-31,701,Imst,Frauen,30 bis 34 Jahre,B9999,unbestimmt (nur Pst),1,30,34
1180968,2022-07-31,701,Imst,Frauen,35 bis 39 Jahre,B9999,unbestimmt (nur Pst),1,35,39
1180993,2022-07-31,701,Imst,Männer,bis 19 Jahre,B9999,unbestimmt (nur Pst),1,0,19
1181020,2022-07-31,701,Imst,Männer,35 bis 39 Jahre,B9999,unbestimmt (nur Pst),1,35,39
1181030,2022-07-31,701,Imst,Männer,50 bis 54 Jahre,B9999,unbestimmt (nur Pst),1,50,54
1181075,2022-07-31,702,Innsbruck,Frauen,20 bis 24 Jahre,B9999,unbestimmt (nur Pst),2,20,24
1181103,2022-07-31,702,Innsbruck,Frauen,25 bis 29 Jahre,B9999,unbestimmt (nur Pst),1,25,29
1181135,2022-07-31,702,Innsbruck,Frauen,30 bis 34 Jahre,B9999,unbestimmt (nur Pst),2,30,34
1181171,2022-07-31,702,Innsbruck,Frauen,35 bis 39 Jahre,B9999,unbestimmt (nur Pst),1,35,39
1181207,2022-07-31,702,Innsbruck,Frauen,40 bis 44 Jahre,B9999,unbestimmt (nur Pst),2,40,44
1181259,2022-07-31,702,Innsbruck,Frauen,60 bis 64 Jahre,B9999,unbestimmt (nur Pst),1,60,64
1181280,2022-07-31,702,Innsbruck,Männer,bis 19 Jahre,B9999,unbestimmt (nur Pst),5,0,19
1181317,2022-07-31,702,Innsbruck,Männer,20 bis 24 Jahre,B9999,unbestimmt (nur Pst),4,20,24
1181353,2022-07-31,702,Innsbruck,Männer,25 bis 29 Jahre,B9999,unbestimmt (nur Pst),3,25,29
1181600,2022-07-31,705,Kufstein,Frauen,bis 19 Jahre,B9999,unbestimmt (nur Pst),4,0,19
1181612,2022-07-31,705,Kufstein,Frauen,20 bis 24 Jahre,B9999,unbestimmt (nur Pst),2,20,24
1181641,2022-07-31,705,Kufstein,Frauen,30 bis 34 Jahre,B9999,unbestimmt (nur Pst),1,30,34
1181677,2022-07-31,705,Kufstein,Frauen,45 bis 49 Jahre,B9999,unbestimmt (nur Pst),1,45,49
1181710,2022-07-31,705,Kufstein,Männer,bis 19 Jahre,B9999,unbestimmt (nur Pst),4,0,19
1181731,2022-07-31,705,Kufstein,Männer,20 bis 24 Jahre,B9999,unbestimmt (nur Pst),1,20,24
1181766,2022-07-31,705,Kufstein,Männer,35 bis 39 Jahre,B9999,unbestimmt (nur Pst),1,35,39
1181803,2022-07-31,706,Landeck,Frauen,bis 19 Jahre,B9999,unbestimmt (nur Pst),2,0,19
1181813,2022-07-31,706,Landeck,Frauen,20 bis 24 Jahre,B9999,unbestimmt (nur Pst),1,20,24
1181824,2022-07-31,706,Landeck,Frauen,25 bis 29 Jahre,B9999,unbestimmt (nur Pst),1,25,29
1181833,2022-07-31,706,Landeck,Frauen,30 bis 34 Jahre,B9999,unbestimmt (nur Pst),1,30,34
1181853,2022-07-31,706,Landeck,Frauen,65 Jahre und älter,B9999,unbestimmt (nur Pst),1,65,99
1181892,2022-07-31,707,Lienz,Frauen,bis 19 Jahre,B9999,unbestimmt (nur Pst),4,0,19
1181928,2022-07-31,707,Lienz,Männer,bis 19 Jahre,B9999,unbestimmt (nur Pst),1,0,19
1182024,2022-07-31,709,Schwaz,Frauen,20 bis 24 Jahre,B9999,unbestimmt (nur Pst),1,20,24
1182097,2022-07-31,709,Schwaz,Männer,20 bis 24 Jahre,B9999,unbestimmt (nur Pst),1,20,24
1182138,2022-07-31,709,Schwaz,Männer,40 bis 44 Jahre,B9999,unbestimmt (nur Pst),1,40,44
1182181,2022-07-31,801,Bludenz,Frauen,20 bis 24 Jahre,B9999,unbestimmt (nur Pst),2,20,24
1182199,2022-07-31,801,Bludenz,Frauen,25 bis 29 Jahre,B9999,unbestimmt (nur Pst),1,25,29
1182261,2022-07-31,801,Bludenz,Männer,bis 19 Jahre,B9999,unbestimmt (nur Pst),1,0,19
1182280,2022-07-31,801,Bludenz,Männer,20 bis 24 Jahre,B9999,unbestimmt (nur Pst),1,20,24
1182297,2022-07-31,801,Bludenz,Männer,25 bis 29 Jahre,B9999,unbestimmt (nur Pst),1,25,29
1182352,2022-07-31,802,Bregenz,Frauen,bis 19 Jahre,B9999,unbestimmt (nur Pst),2,0,19
1182379,2022-07-31,802,Bregenz,Frauen,20 bis 24 Jahre,B9999,unbestimmt (nur Pst),2,20,24
1182442,2022-07-31,802,Bregenz,Frauen,40 bis 44 Jahre,B9999,unbestimmt (nur Pst),1,40,44
1182471,2022-07-31,802,Bregenz,Frauen,55 bis 59 Jahre,B9999,unbestimmt (nur Pst),1,55,59
1182496,2022-07-31,802,Bregenz,Männer,bis 19 Jahre,B9999,unbestimmt (nur Pst),2,0,19
1182523,2022-07-31,802,Bregenz,Männer,20 bis 24 Jahre,B9999,unbestimmt (nur Pst),2,20,24
1182579,2022-07-31,802,Bregenz,Männer,35 bis 39 Jahre,B9999,unbestimmt (nur Pst),1,35,39
1182627,2022-07-31,804,Dornbirn,Frauen,bis 19 Jahre,B9999,unbestimmt (nur Pst),1,0,19
1182658,2022-07-31,804,Dornbirn,Frauen,20 bis 24 Jahre,B9999,unbestimmt (nur Pst),2,20,24
1182696,2022-07-31,804,Dornbirn,Frauen,30 bis 34 Jahre,B9999,unbestimmt (nur Pst),1,30,34
1182817,2022-07-31,804,Dornbirn,Männer,25 bis 29 Jahre,B9999,unbestimmt (nur Pst),1,25,29
1182907,2022-07-31,805,Feldkirch,Frauen,bis 19 Jahre,B9999,unbestimmt (nur Pst),1,0,19
1182933,2022-07-31,805,Feldkirch,Frauen,20 bis 24 Jahre,B9999,unbestimmt (nur Pst),7,20,24
1182953,2022-07-31,805,Feldkirch,Frauen,25 bis 29 Jahre,B9999,unbestimmt (nur Pst),5,25,29
1182993,2022-07-31,805,Feldkirch,Frauen,35 bis 39 Jahre,B9999,unbestimmt (nur Pst),2,35,39
1183008,2022-07-31,805,Feldkirch,Frauen,40 bis 44 Jahre,B9999,unbestimmt (nur Pst),1,40,44
1183024,2022-07-31,805,Feldkirch,Frauen,45 bis 49 Jahre,B9999,unbestimmt (nur Pst),2,45,49
1183062,2022-07-31,805,Feldkirch,Männer,bis 19 Jahre,B9999,unbestimmt (nur Pst),9,0,19
1183096,2022-07-31,805,Feldkirch,Männer,20 bis 24 Jahre,B9999,unbestimmt (nur Pst),5,20,24
1183154,2022-07-31,805,Feldkirch,Männer,35 bis 39 Jahre,B9999,unbestimmt (nur Pst),3,35,39
1183181,2022-07-31,805,Feldkirch,Männer,45 bis 49 Jahre,B9999,unbestimmt (nur Pst),1,45,49
1183187,2022-07-31,805,Feldkirch,Männer,50 bis 54 Jahre,B9999,unbestimmt (nur Pst),2,50,54
1183228,2022-07-31,958,Wien Johnstraße,Frauen,25 bis 29 Jahre,B9999,unbestimmt (nur Pst),1,25,29
1184267,2022-07-31,960,Wien Esteplatz,Frauen,40 bis 44 Jahre,B9999,unbestimmt (nur Pst),1,40,44
1184293,2022-07-31,960,Wien Esteplatz,Frauen,45 bis 49 Jahre,B9999,unbestimmt (nur Pst),1,45,49
1185288,2022-07-31,963,Wien Währinger Gürtel,Frauen,30 bis 34 Jahre,B9999,unbestimmt (nur Pst),1,30,34
1185381,2022-07-31,963,Wien Währinger Gürtel,Frauen,45 bis 49 Jahre,B9999,unbestimmt (nur Pst),1,45,49
1185504,2022-07-31,963,Wien Währinger Gürtel,Männer,30 bis 34 Jahre,B9999,unbestimmt (nur Pst),1,30,34
1187051,2022-07-31,965,Wien Schönbrunner Straße,Männer,40 bis 44 Jahre,B9999,unbestimmt (nur Pst),1,40,44
1187985,2022-07-31,967,Wien Huttengasse,Frauen,45 bis 49 Jahre,B9999,unbestimmt (nur Pst),2,45,49
1188118,2022-07-31,967,Wien Huttengasse,Männer,25 bis 29 Jahre,B9999,unbestimmt (nur Pst),1,25,29
1188598,2022-07-31,968,Wien Schloßhofer Straße,Frauen,35 bis 39 Jahre,B9999,unbestimmt (nur Pst),1,35,39
1188639,2022-07-31,968,Wien Schloßhofer Straße,Frauen,40 bis 44 Jahre,B9999,unbestimmt (nur Pst),2,40,44
1188826,2022-07-31,968,Wien Schloßhofer Straße,Männer,30 bis 34 Jahre,B9999,unbestimmt (nur Pst),1,30,34
1189846,2022-07-31,974,Wien Austria Campus,Frauen,50 bis 54 Jahre,B9999,unbestimmt (nur Pst),1,50,54
1190033,2022-07-31,974,Wien Austria Campus,Männer,40 bis 44 Jahre,B9999,unbestimmt (nur Pst),1,40,44
1190636,2022-07-31,976,Wien Jugendliche I,Frauen,bis 19 Jahre,B9999,unbestimmt (nur Pst),10,0,19
1190728,2022-07-31,976,Wien Jugendliche I,Frauen,20 bis 24 Jahre,B9999,unbestimmt (nur Pst),6,20,24
1190832,2022-07-31,976,Wien Jugendliche I,Männer,bis 19 Jahre,B9999,unbestimmt (nur Pst),10,0,19
1190967,2022-07-31,976,Wien Jugendliche I,Männer,20 bis 24 Jahre,B9999,unbestimmt (nur Pst),5,20,24
1191061,2022-07-31,977,Wien Jugendliche II,Frauen,bis 19 Jahre,B9999,unbestimmt (nur Pst),13,0,19
1191153,2022-07-31,977,Wien Jugendliche II,Frauen,20 bis 24 Jahre,B9999,unbestimmt (nur Pst),7,20,24
1191256,2022-07-31,977,Wien Jugendliche II,Männer,bis 19 Jahre,B9999,unbestimmt (nur Pst),9,0,19
1191376,2022-07-31,977,Wien Jugendliche II,Männer,20 bis 24 Jahre,B9999,unbestimmt (nur Pst),4,20,24
1191515,2022-08-31,101,Eisenstadt,Männer,bis 19 Jahre,B9999,unbestimmt (nur Pst),1,0,19
1191534,2022-08-31,101,Eisenstadt,Männer,20 bis 24 Jahre,B9999,unbestimmt (nur Pst),1,20,24
1191589,2022-08-31,102,Mattersburg,Frauen,bis 19 Jahre,B9999,unbestimmt (nur Pst),6,0,19
1191600,2022-08-31,102,Mattersburg,Frauen,20 bis 24 Jahre,B9999,unbestimmt (nur Pst),1,20,24
1191632,2022-08-31,102,Mattersburg,Frauen,45 bis 49 Jahre,B9999,unbestimmt (nur Pst),1,45,49
1191650,2022-08-31,102,Mattersburg,Männer,bis 19 Jahre,B9999,unbestimmt (nur Pst),3,0,19
1191663,2022-08-31,102,Mattersburg,Männer,20 bis 24 Jahre,B9999,unbestimmt (nur Pst),1,20,24
1191796,2022-08-31,103,Neusiedl am See,Männer,40 bis 44 Jahre,B9999,unbestimmt (nur Pst),1,40,44
1191971,2022-08-31,105,Oberwart,Frauen,20 bis 24 Jahre,B9999,unbestimmt (nur Pst),1,20,24
1192022,2022-08-31,105,Oberwart,Frauen,35 bis 39 Jahre,B9999,unbestimmt (nur Pst),1,35,39
1192191,2022-08-31,106,Stegersbach,Frauen,bis 19 Jahre,B9999,unbestimmt (nur Pst),1,0,19
1192466,2022-08-31,203,Klagenfurt,Frauen,bis 19 Jahre,B9999,unbestimmt (nur Pst),1,0,19
1192513,2022-08-31,203,Klagenfurt,Frauen,25 bis 29 Jahre,B9999,unbestimmt (nur Pst),1,25,29
1192531,2022-08-31,203,Klagenfurt,Frauen,30 bis 34 Jahre,B9999,unbestimmt (nur Pst),2,30,34
1192572,2022-08-31,203,Klagenfurt,Frauen,40 bis 44 Jahre,B9999,unbestimmt (nur Pst),3,40,44
1192638,2022-08-31,203,Klagenfurt,Männer,bis 19 Jahre,B9999,unbestimmt (nur Pst),5,0,19
1192681,2022-08-31,203,Klagenfurt,Männer,25 bis 29 Jahre,B9999,unbestimmt (nur Pst),2,25,29
1192696,2022-08-31,203,Klagenfurt,Männer,30 bis 34 Jahre,B9999,unbestimmt (nur Pst),1,30,34
1192730,2022-08-31,203,Klagenfurt,Männer,40 bis 44 Jahre,B9999,unbestimmt (nur Pst),2,40,44
1192741,2022-08-31,203,Klagenfurt,Männer,45 bis 49 Jahre,B9999,unbestimmt (nur Pst),1,45,49
1192750,2022-08-31,203,Klagenfurt,Männer,50 bis 54 Jahre,B9999,unbestimmt (nur Pst),1,50,54
1192761,2022-08-31,203,Klagenfurt,Männer,55 bis 59 Jahre,B9999,unbestimmt (nur Pst),1,55,59
1192786,2022-08-31,204,Spittal/Drau,Frauen,bis 19 Jahre,B9999,unbestimmt (nur Pst),2,0,19
1192855,2022-08-31,204,Spittal/Drau,Männer,bis 19 Jahre,B9999,unbestimmt (nur Pst),2,0,19
1193046,2022-08-31,206,Villach,Frauen,bis 19 Jahre,B9999,unbestimmt (nur Pst),1,0,19
1193131,2022-08-31,206,Villach,Frauen,35 bis 39 Jahre,B9999,unbestimmt (nur Pst),1,35,39
1193357,2022-08-31,207,Völkermarkt,Frauen,40 bis 44 Jahre,B9999,unbestimmt (nur Pst),1,40,44
1193391,2022-08-31,207,Völkermarkt,Männer,20 bis 24 Jahre,B9999,unbestimmt (nur Pst),1,20,24
1193398,2022-08-31,207,Völkermarkt,Männer,30 bis 34 Jahre,B9999,unbestimmt (nur Pst),1,30,34
1193445,2022-08-31,208,Wolfsberg,Frauen,25 bis 29 Jahre,B9999,unbestimmt (nur Pst),1,25,29
1193495,2022-08-31,208,Wolfsberg,Männer,bis 19 Jahre,B9999,unbestimmt (nur Pst),2,0,19
1193562,2022-08-31,301,Amstetten,Frauen,bis 19 Jahre,B9999,unbestimmt (nur Pst),4,0,19
1193581,2022-08-31,301,Amstetten,Frauen,20 bis 24 Jahre,B9999,unbestimmt (nur Pst),2,20,24
1193600,2022-08-31,301,Amstetten,Frauen,25 bis 29 Jahre,B9999,unbestimmt (nur Pst),1,25,29
1193620,2022-08-31,301,Amstetten,Frauen,30 bis 34 Jahre,B9999,unbestimmt (nur Pst),1,30,34
1193700,2022-08-31,301,Amstetten,Männer,bis 19 Jahre,B9999,unbestimmt (nur Pst),7,0,19
1193713,2022-08-31,301,Amstetten,Männer,20 bis 24 Jahre,B9999,unbestimmt (nur Pst),1,20,24
1193841,2022-08-31,304,Baden neu,Frauen,bis 19 Jahre,B9999,unbestimmt (nur Pst),2,0,19
1193865,2022-08-31,304,Baden neu,Frauen,20 bis 24 Jahre,B9999,unbestimmt (nur Pst),3,20,24
1193901,2022-08-31,304,Baden neu,Frauen,30 bis 34 Jahre,B9999,unbestimmt (nur Pst),1,30,34
1194053,2022-08-31,304,Baden neu,Männer,20 bis 24 Jahre,B9999,unbestimmt (nur Pst),1,20,24
1194184,2022-08-31,306,Bruck/Leitha,Frauen,bis 19 Jahre,B9999,unbestimmt (nur Pst),2,0,19
1194200,2022-08-31,306,Bruck/Leitha,Frauen,20 bis 24 Jahre,B9999,unbestimmt (nur Pst),1,20,24
1194209,2022-08-31,306,Bruck/Leitha,Frauen,25 bis 29 Jahre,B9999,unbestimmt (nur Pst),1,25,29
1194278,2022-08-31,306,Bruck/Leitha,Männer,bis 19 Jahre,B9999,unbestimmt (nur Pst),2,0,19
1194294,2022-08-31,306,Bruck/Leitha,Männer,20 bis 24 Jahre,B9999,unbestimmt (nur Pst),1,20,24
1194306,2022-08-31,306,Bruck/Leitha,Männer,30 bis 34 Jahre,B9999,unbestimmt (nur Pst),1,30,34
1194349,2022-08-31,308,Gänserndorf,Frauen,bis 19 Jahre,B9999,unbestimmt (nur Pst),2,0,19
1194378,2022-08-31,308,Gänserndorf,Frauen,20 bis 24 Jahre,B9999,unbestimmt (nur Pst),1,20,24
1194395,2022-08-31,308,Gänserndorf,Frauen,25 bis 29 Jahre,B9999,unbestimmt (nur Pst),1,25,29
1194502,2022-08-31,308,Gänserndorf,Männer,bis 19 Jahre,B9999,unbestimmt (nur Pst),2,0,19
1194621,2022-08-31,311,Gmünd,Frauen,bis 19 Jahre,B9999,unbestimmt (nur Pst),2,0,19
1194668,2022-08-31,311,Gmünd,Frauen,55 bis 59 Jahre,B9999,unbestimmt (nur Pst),1,55,59
1194684,2022-08-31,311,Gmünd,Männer,bis 19 Jahre,B9999,unbestimmt (nur Pst),5,0,19
1194723,2022-08-31,312,Hollabrunn,Frauen,bis 19 Jahre,B9999,unbestimmt (nur Pst),2,0,19
1194761,2022-08-31,312,Hollabrunn,Frauen,30 bis 34 Jahre,B9999,unbestimmt (nur Pst),1,30,34
1194796,2022-08-31,312,Hollabrunn,Frauen,55 bis 59 Jahre,B9999,unbestimmt (nur Pst),1,55,59
1194806,2022-08-31,312,Hollabrunn,Männer,bis 19 Jahre,B9999,unbestimmt (nur Pst),3,0,19
1194842,2022-08-31,312,Hollabrunn,Männer,30 bis 34 Jahre,B9999,unbestimmt (nur Pst),1,30,34
1194871,2022-08-31,312,Hollabrunn,Männer,55 bis 59 Jahre,B9999,unbestimmt (nur Pst),1,55,59
1194880,2022-08-31,313,Horn,Frauen,bis 19 Jahre,B9999,unbestimmt (nur Pst),3,0,19
1194885,2022-08-31,313,Horn,Frauen,20 bis 24 Jahre,B9999,unbestimmt (nur Pst),1,20,24
1194923,2022-08-31,313,Horn,Männer,20 bis 24 Jahre,B9999,unbestimmt (nur Pst),1,20,24
1194960,2022-08-31,314,Korneuburg,Frauen,bis 19 Jahre,B9999,unbestimmt (nur Pst),2,0,19
1194982,2022-08-31,314,Korneuburg,Frauen,20 bis 24 Jahre,B9999,unbestimmt (nur Pst),2,20,24
1194998,2022-08-31,314,Korneuburg,Frauen,25 bis 29 Jahre,B9999,unbestimmt (nur Pst),1,25,29
1195094,2022-08-31,314,Korneuburg,Männer,bis 19 Jahre,B9999,unbestimmt (nur Pst),5,0,19
1195204,2022-08-31,315,Krems,Frauen,bis 19 Jahre,B9999,unbestimmt (nur Pst),3,0,19
1195230,2022-08-31,315,Krems,Frauen,20 bis 24 Jahre,B9999,unbestimmt (nur Pst),1,20,24
1195247,2022-08-31,315,Krems,Frauen,25 bis 29 Jahre,B9999,unbestimmt (nur Pst),1,25,29
1195278,2022-08-31,315,Krems,Frauen,35 bis 39 Jahre,B9999,unbestimmt (nur Pst),1,35,39
1195303,2022-08-31,315,Krems,Frauen,45 bis 49 Jahre,B9999,unbestimmt (nur Pst),1,45,49
1195340,2022-08-31,315,Krems,Männer,bis 19 Jahre,B9999,unbestimmt (nur Pst),1,0,19
1195438,2022-08-31,316,Lilienfeld,Frauen,bis 19 Jahre,B9999,unbestimmt (nur Pst),2,0,19
1195446,2022-08-31,316,Lilienfeld,Frauen,20 bis 24 Jahre,B9999,unbestimmt (nur Pst),1,20,24
1195457,2022-08-31,316,Lilienfeld,Frauen,30 bis 34 Jahre,B9999,unbestimmt (nur Pst),1,30,34
1195470,2022-08-31,316,Lilienfeld,Frauen,40 bis 44 Jahre,B9999,unbestimmt (nur Pst),2,40,44
1195480,2022-08-31,316,Lilienfeld,Männer,bis 19 Jahre,B9999,unbestimmt (nur Pst),5,0,19
1195504,2022-08-31,316,Lilienfeld,Männer,40 bis 44 Jahre,B9999,unbestimmt (nur Pst),1,40,44
1195528,2022-08-31,317,Melk,Frauen,bis 19 Jahre,B9999,unbestimmt (nur Pst),1,0,19
1195541,2022-08-31,317,Melk,Frauen,20 bis 24 Jahre,B9999,unbestimmt (nur Pst),1,20,24
1195733,2022-08-31,319,Mistelbach,Frauen,bis 19 Jahre,B9999,unbestimmt (nur Pst),3,0,19
1195749,2022-08-31,319,Mistelbach,Frauen,20 bis 24 Jahre,B9999,unbestimmt (nur Pst),1,20,24
1195815,2022-08-31,319,Mistelbach,Männer,bis 19 Jahre,B9999,unbestimmt (nur Pst),2,0,19
1195834,2022-08-31,319,Mistelbach,Männer,20 bis 24 Jahre,B9999,unbestimmt (nur Pst),1,20,24
1195899,2022-08-31,321,Mödling,Frauen,bis 19 Jahre,B9999,unbestimmt (nur Pst),5,0,19
1195940,2022-08-31,321,Mödling,Frauen,25 bis 29 Jahre,B9999,unbestimmt (nur Pst),2,25,29
1195999,2022-08-31,321,Mödling,Frauen,40 bis 44 Jahre,B9999,unbestimmt (nur Pst),1,40,44
1196022,2022-08-31,321,Mödling,Frauen,45 bis 49 Jahre,B9999,unbestimmt (nur Pst),1,45,49
1196070,2022-08-31,321,Mödling,Männer,bis 19 Jahre,B9999,unbestimmt (nur Pst),5,0,19
1196228,2022-08-31,323,Neunkirchen,Frauen,bis 19 Jahre,B9999,unbestimmt (nur Pst),1,0,19
1196372,2022-08-31,323,Neunkirchen,Männer,bis 19 Jahre,B9999,unbestimmt (nur Pst),1,0,19
1196521,2022-08-31,326,St. Pölten,Frauen,bis 19 Jahre,B9999,unbestimmt (nur Pst),18,0,19
1196551,2022-08-31,326,St. Pölten,Frauen,20 bis 24 Jahre,B9999,unbestimmt (nur Pst),3,20,24
1196580,2022-08-31,326,St. Pölten,Frauen,25 bis 29 Jahre,B9999,unbestimmt (nur Pst),2,25,29
1196647,2022-08-31,326,St. Pölten,Frauen,35 bis 39 Jahre,B9999,unbestimmt (nur Pst),2,35,39
1196682,2022-08-31,326,St. Pölten,Frauen,40 bis 44 Jahre,B9999,unbestimmt (nur Pst),1,40,44
1196705,2022-08-31,326,St. Pölten,Frauen,45 bis 49 Jahre,B9999,unbestimmt (nur Pst),2,45,49
1196728,2022-08-31,326,St. Pölten,Frauen,50 bis 54 Jahre,B9999,unbestimmt (nur Pst),2,50,54
1196738,2022-08-31,326,St. Pölten,Frauen,55 bis 59 Jahre,B9999,unbestimmt (nur Pst),2,55,59
1196773,2022-08-31,326,St. Pölten,Männer,bis 19 Jahre,B9999,unbestimmt (nur Pst),19,0,19
1196812,2022-08-31,326,St. Pölten,Männer,20 bis 24 Jahre,B9999,unbestimmt (nur Pst),7,20,24
1196838,2022-08-31,326,St. Pölten,Männer,25 bis 29 Jahre,B9999,unbestimmt (nur Pst),1,25,29
1196887,2022-08-31,326,St. Pölten,Männer,35 bis 39 Jahre,B9999,unbestimmt (nur Pst),1,35,39
1196916,2022-08-31,326,St. Pölten,Männer,40 bis 44 Jahre,B9999,unbestimmt (nur Pst),1,40,44
1196952,2022-08-31,326,St. Pölten,Männer,50 bis 54 Jahre,B9999,unbestimmt (nur Pst),1,50,54
1196978,2022-08-31,328,Scheibbs,Frauen,bis 19 Jahre,B9999,unbestimmt (nur Pst),1,0,19
1196990,2022-08-31,328,Scheibbs,Frauen,20 bis 24 Jahre,B9999,unbestimmt (nur Pst),1,20,24
1197027,2022-08-31,328,Scheibbs,Männer,bis 19 Jahre,B9999,unbestimmt (nur Pst),2,0,19
1197086,2022-08-31,329,Schwechat,Frauen,bis 19 Jahre,B9999,unbestimmt (nur Pst),1,0,19
1197101,2022-08-31,329,Schwechat,Frauen,20 bis 24 Jahre,B9999,unbestimmt (nur Pst),2,20,24
1197138,2022-08-31,329,Schwechat,Frauen,35 bis 39 Jahre,B9999,unbestimmt (nur Pst),1,35,39
1197198,2022-08-31,329,Schwechat,Männer,bis 19 Jahre,B9999,unbestimmt (nur Pst),2,0,19
1197299,2022-08-31,331,Tulln,Frauen,bis 19 Jahre,B9999,unbestimmt (nur Pst),4,0,19
1197318,2022-08-31,331,Tulln,Frauen,20 bis 24 Jahre,B9999,unbestimmt (nur Pst),4,20,24
1197426,2022-08-31,331,Tulln,Frauen,50 bis 54 Jahre,B9999,unbestimmt (nur Pst),1,50,54
1197446,2022-08-31,331,Tulln,Männer,bis 19 Jahre,B9999,unbestimmt (nur Pst),4,0,19
1197474,2022-08-31,331,Tulln,Männer,25 bis 29 Jahre,B9999,unbestimmt (nur Pst),1,25,29
1197547,2022-08-31,332,Waidhofen/Thaya,Frauen,bis 19 Jahre,B9999,unbestimmt (nur Pst),1,0,19
1197612,2022-08-31,332,Waidhofen/Thaya,Männer,bis 19 Jahre,B9999,unbestimmt (nur Pst),1,0,19
1197618,2022-08-31,332,Waidhofen/Thaya,Männer,20 bis 24 Jahre,B9999,unbestimmt (nur Pst),3,20,24
1197643,2022-08-31,333,Waidhofen/Ybbs,Frauen,bis 19 Jahre,B9999,unbestimmt (nur Pst),1,0,19
1197655,2022-08-31,333,Waidhofen/Ybbs,Frauen,20 bis 24 Jahre,B9999,unbestimmt (nur Pst),1,20,24
1197687,2022-08-31,333,Waidhofen/Ybbs,Männer,bis 19 Jahre,B9999,unbestimmt (nur Pst),1,0,19
1197691,2022-08-31,333,Waidhofen/Ybbs,Männer,20 bis 24 Jahre,B9999,unbestimmt (nur Pst),1,20,24
1197738,2022-08-31,334,Wr. Neustadt,Frauen,bis 19 Jahre,B9999,unbestimmt (nur Pst),1,0,19
1197814,2022-08-31,334,Wr. Neustadt,Frauen,30 bis 34 Jahre,B9999,unbestimmt (nur Pst),1,30,34
1197948,2022-08-31,334,Wr. Neustadt,Männer,bis 19 Jahre,B9999,unbestimmt (nur Pst),2,0,19
1198222,2022-08-31,335,Zwettl,Männer,30 bis 34 Jahre,B9999,unbestimmt (nur Pst),1,30,34
1198252,2022-08-31,401,Braunau,Frauen,bis 19 Jahre,B9999,unbestimmt (nur Pst),13,0,19
1198276,2022-08-31,401,Braunau,Frauen,20 bis 24 Jahre,B9999,unbestimmt (nur Pst),7,20,24
1198296,2022-08-31,401,Braunau,Frauen,25 bis 29 Jahre,B9999,unbestimmt (nur Pst),4,25,29
1198318,2022-08-31,401,Braunau,Frauen,30 bis 34 Jahre,B9999,unbestimmt (nur Pst),5,30,34
1198338,2022-08-31,401,Braunau,Frauen,35 bis 39 Jahre,B9999,unbestimmt (nur Pst),2,35,39
1198357,2022-08-31,401,Braunau,Frauen,40 bis 44 Jahre,B9999,unbestimmt (nur Pst),2,40,44
1198374,2022-08-31,401,Braunau,Frauen,45 bis 49 Jahre,B9999,unbestimmt (nur Pst),3,45,49
1198386,2022-08-31,401,Braunau,Frauen,50 bis 54 Jahre,B9999,unbestimmt (nur Pst),1,50,54
1198419,2022-08-31,401,Braunau,Männer,bis 19 Jahre,B9999,unbestimmt (nur Pst),16,0,19
1198444,2022-08-31,401,Braunau,Männer,20 bis 24 Jahre,B9999,unbestimmt (nur Pst),4,20,24
1198466,2022-08-31,401,Braunau,Männer,25 bis 29 Jahre,B9999,unbestimmt (nur Pst),1,25,29
1198487,2022-08-31,401,Braunau,Männer,30 bis 34 Jahre,B9999,unbestimmt (nur Pst),1,30,34
1198514,2022-08-31,401,Braunau,Männer,40 bis 44 Jahre,B9999,unbestimmt (nur Pst),2,40,44
1198531,2022-08-31,401,Braunau,Männer,45 bis 49 Jahre,B9999,unbestimmt (nur Pst),1,45,49
1198586,2022-08-31,402,Eferding,Frauen,30 bis 34 Jahre,B9999,unbestimmt (nur Pst),2,30,34
1198602,2022-08-31,402,Eferding,Frauen,40 bis 44 Jahre,B9999,unbestimmt (nur Pst),2,40,44
1198612,2022-08-31,402,Eferding,Frauen,55 bis 59 Jahre,B9999,unbestimmt (nur Pst),1,55,59
1198630,2022-08-31,402,Eferding,Männer,20 bis 24 Jahre,B9999,unbestimmt (nur Pst),1,20,24
1198675,2022-08-31,403,Freistadt,Frauen,bis 19 Jahre,B9999,unbestimmt (nur Pst),2,0,19
1198703,2022-08-31,403,Freistadt,Frauen,25 bis 29 Jahre,B9999,unbestimmt (nur Pst),1,25,29
1198798,2022-08-31,403,Freistadt,Männer,20 bis 24 Jahre,B9999,unbestimmt (nur Pst),1,20,24
1198881,2022-08-31,404,Gmunden,Frauen,bis 19 Jahre,B9999,unbestimmt (nur Pst),1,0,19
1198919,2022-08-31,404,Gmunden,Frauen,25 bis 29 Jahre,B9999,unbestimmt (nur Pst),1,25,29
1199034,2022-08-31,404,Gmunden,Männer,bis 19 Jahre,B9999,unbestimmt (nur Pst),4,0,19
1199056,2022-08-31,404,Gmunden,Männer,20 bis 24 Jahre,B9999,unbestimmt (nur Pst),1,20,24
1199164,2022-08-31,404,Gmunden,Männer,65 Jahre und älter,B9999,unbestimmt (nur Pst),1,65,99
1199174,2022-08-31,406,Grieskirchen,Frauen,bis 19 Jahre,B9999,unbestimmt (nur Pst),2,0,19
1199205,2022-08-31,406,Grieskirchen,Frauen,25 bis 29 Jahre,B9999,unbestimmt (nur Pst),1,25,29
1199230,2022-08-31,406,Grieskirchen,Frauen,35 bis 39 Jahre,B9999,unbestimmt (nur Pst),1,35,39
1199266,2022-08-31,406,Grieskirchen,Frauen,50 bis 54 Jahre,B9999,unbestimmt (nur Pst),1,50,54
1199278,2022-08-31,406,Grieskirchen,Männer,bis 19 Jahre,B9999,unbestimmt (nur Pst),1,0,19
1199346,2022-08-31,407,Kirchdorf/Krems,Frauen,bis 19 Jahre,B9999,unbestimmt (nur Pst),3,0,19
1199445,2022-08-31,407,Kirchdorf/Krems,Männer,bis 19 Jahre,B9999,unbestimmt (nur Pst),2,0,19
1199493,2022-08-31,407,Kirchdorf/Krems,Männer,30 bis 34 Jahre,B9999,unbestimmt (nur Pst),1,30,34
1199562,2022-08-31,409,Linz neu,Frauen,bis 19 Jahre,B9999,unbestimmt (nur Pst),39,0,19
1199609,2022-08-31,409,Linz neu,Frauen,20 bis 24 Jahre,B9999,unbestimmt (nur Pst),19,20,24
1199658,2022-08-31,409,Linz neu,Frauen,25 bis 29 Jahre,B9999,unbestimmt (nur Pst),5,25,29
1199699,2022-08-31,409,Linz neu,Frauen,30 bis 34 Jahre,B9999,unbestimmt (nur Pst),7,30,34
1199744,2022-08-31,409,Linz neu,Frauen,35 bis 39 Jahre,B9999,unbestimmt (nur Pst),1,35,39
1199783,2022-08-31,409,Linz neu,Frauen,40 bis 44 Jahre,B9999,unbestimmt (nur Pst),2,40,44
1199819,2022-08-31,409,Linz neu,Frauen,45 bis 49 Jahre,B9999,unbestimmt (nur Pst),2,45,49
1199845,2022-08-31,409,Linz neu,Frauen,50 bis 54 Jahre,B9999,unbestimmt (nur Pst),1,50,54
1199913,2022-08-31,409,Linz neu,Männer,bis 19 Jahre,B9999,unbestimmt (nur Pst),37,0,19
1199968,2022-08-31,409,Linz neu,Männer,20 bis 24 Jahre,B9999,unbestimmt (nur Pst),20,20,24
1200033,2022-08-31,409,Linz neu,Männer,25 bis 29 Jahre,B9999,unbestimmt (nur Pst),1,25,29
1200092,2022-08-31,409,Linz neu,Männer,30 bis 34 Jahre,B9999,unbestimmt (nur Pst),3,30,34
1200135,2022-08-31,409,Linz neu,Männer,35 bis 39 Jahre,B9999,unbestimmt (nur Pst),2,35,39
1200176,2022-08-31,409,Linz neu,Männer,40 bis 44 Jahre,B9999,unbestimmt (nur Pst),2,40,44
1200216,2022-08-31,409,Linz neu,Männer,45 bis 49 Jahre,B9999,unbestimmt (nur Pst),1,45,49
1200315,2022-08-31,411,Perg,Frauen,20 bis 24 Jahre,B9999,unbestimmt (nur Pst),1,20,24
1200432,2022-08-31,411,Perg,Männer,20 bis 24 Jahre,B9999,unbestimmt (nur Pst),1,20,24
1200521,2022-08-31,412,Ried im Innkreis,Frauen,bis 19 Jahre,B9999,unbestimmt (nur Pst),12,0,19
1200540,2022-08-31,412,Ried im Innkreis,Frauen,20 bis 24 Jahre,B9999,unbestimmt (nur Pst),2,20,24
1200554,2022-08-31,412,Ried im Innkreis,Frauen,25 bis 29 Jahre,B9999,unbestimmt (nur Pst),1,25,29
1200570,2022-08-31,412,Ried im Innkreis,Frauen,30 bis 34 Jahre,B9999,unbestimmt (nur Pst),1,30,34
1200583,2022-08-31,412,Ried im Innkreis,Frauen,35 bis 39 Jahre,B9999,unbestimmt (nur Pst),1,35,39
1200596,2022-08-31,412,Ried im Innkreis,Frauen,40 bis 44 Jahre,B9999,unbestimmt (nur Pst),2,40,44
1200615,2022-08-31,412,Ried im Innkreis,Frauen,50 bis 54 Jahre,B9999,unbestimmt (nur Pst),2,50,54
1200636,2022-08-31,412,Ried im Innkreis,Männer,bis 19 Jahre,B9999,unbestimmt (nur Pst),3,0,19
1200656,2022-08-31,412,Ried im Innkreis,Männer,20 bis 24 Jahre,B9999,unbestimmt (nur Pst),1,20,24
1200734,2022-08-31,413,Rohrbach,Frauen,20 bis 24 Jahre,B9999,unbestimmt (nur Pst),2,20,24
1200759,2022-08-31,413,Rohrbach,Frauen,35 bis 39 Jahre,B9999,unbestimmt (nur Pst),4,35,39
1200773,2022-08-31,413,Rohrbach,Frauen,45 bis 49 Jahre,B9999,unbestimmt (nur Pst),2,45,49
1200790,2022-08-31,413,Rohrbach,Männer,bis 19 Jahre,B9999,unbestimmt (nur Pst),1,0,19
1200827,2022-08-31,413,Rohrbach,Männer,45 bis 49 Jahre,B9999,unbestimmt (nur Pst),1,45,49
1200850,2022-08-31,414,Schärding,Frauen,bis 19 Jahre,B9999,unbestimmt (nur Pst),1,0,19
1200899,2022-08-31,414,Schärding,Frauen,40 bis 44 Jahre,B9999,unbestimmt (nur Pst),2,40,44
1200997,2022-08-31,415,Steyr,Frauen,bis 19 Jahre,B9999,unbestimmt (nur Pst),9,0,19
1201026,2022-08-31,415,Steyr,Frauen,20 bis 24 Jahre,B9999,unbestimmt (nur Pst),2,20,24
1201069,2022-08-31,415,Steyr,Frauen,30 bis 34 Jahre,B9999,unbestimmt (nur Pst),2,30,34
1201094,2022-08-31,415,Steyr,Frauen,35 bis 39 Jahre,B9999,unbestimmt (nur Pst),2,35,39
1201114,2022-08-31,415,Steyr,Frauen,40 bis 44 Jahre,B9999,unbestimmt (nur Pst),2,40,44
1201128,2022-08-31,415,Steyr,Frauen,45 bis 49 Jahre,B9999,unbestimmt (nur Pst),1,45,49
1201152,2022-08-31,415,Steyr,Frauen,55 bis 59 Jahre,B9999,unbestimmt (nur Pst),1,55,59
1201180,2022-08-31,415,Steyr,Männer,bis 19 Jahre,B9999,unbestimmt (nur Pst),12,0,19
1201211,2022-08-31,415,Steyr,Männer,20 bis 24 Jahre,B9999,unbestimmt (nur Pst),3,20,24
1201237,2022-08-31,415,Steyr,Männer,25 bis 29 Jahre,B9999,unbestimmt (nur Pst),5,25,29
1201317,2022-08-31,415,Steyr,Männer,45 bis 49 Jahre,B9999,unbestimmt (nur Pst),1,45,49
1201328,2022-08-31,415,Steyr,Männer,50 bis 54 Jahre,B9999,unbestimmt (nur Pst),1,50,54
1201359,2022-08-31,418,Vöcklabruck,Frauen,bis 19 Jahre,B9999,unbestimmt (nur Pst),1,0,19
1201379,2022-08-31,418,Vöcklabruck,Frauen,20 bis 24 Jahre,B9999,unbestimmt (nur Pst),1,20,24
1201396,2022-08-31,418,Vöcklabruck,Frauen,25 bis 29 Jahre,B9999,unbestimmt (nur Pst),1,25,29
1201462,2022-08-31,418,Vöcklabruck,Frauen,40 bis 44 Jahre,B9999,unbestimmt (nur Pst),1,40,44
1201528,2022-08-31,418,Vöcklabruck,Männer,bis 19 Jahre,B9999,unbestimmt (nur Pst),3,0,19
1201550,2022-08-31,418,Vöcklabruck,Männer,20 bis 24 Jahre,B9999,unbestimmt (nur Pst),1,20,24
1201678,2022-08-31,418,Vöcklabruck,Männer,55 bis 59 Jahre,B9999,unbestimmt (nur Pst),1,55,59
1201738,2022-08-31,419,Wels,Frauen,20 bis 24 Jahre,B9999,unbestimmt (nur Pst),1,20,24
1201913,2022-08-31,419,Wels,Männer,bis 19 Jahre,B9999,unbestimmt (nur Pst),1,0,19
1201992,2022-08-31,419,Wels,Männer,30 bis 34 Jahre,B9999,unbestimmt (nur Pst),1,30,34
1202091,2022-08-31,421,Traun,Frauen,bis 19 Jahre,B9999,unbestimmt (nur Pst),5,0,19
1202191,2022-08-31,421,Traun,Frauen,35 bis 39 Jahre,B9999,unbestimmt (nur Pst),1,35,39
1202222,2022-08-31,421,Traun,Frauen,40 bis 44 Jahre,B9999,unbestimmt (nur Pst),1,40,44
1202320,2022-08-31,421,Traun,Männer,bis 19 Jahre,B9999,unbestimmt (nur Pst),5,0,19
1202438,2022-08-31,421,Traun,Männer,35 bis 39 Jahre,B9999,unbestimmt (nur Pst),1,35,39
1202463,2022-08-31,421,Traun,Männer,40 bis 44 Jahre,B9999,unbestimmt (nur Pst),2,40,44
1202496,2022-08-31,421,Traun,Männer,50 bis 54 Jahre,B9999,unbestimmt (nur Pst),1,50,54
1202520,2022-08-31,421,Traun,Männer,60 bis 64 Jahre,B9999,unbestimmt (nur Pst),1,60,64
1202545,2022-08-31,501,Bischofshofen,Frauen,20 bis 24 Jahre,B9999,unbestimmt (nur Pst),2,20,24
1202559,2022-08-31,501,Bischofshofen,Frauen,25 bis 29 Jahre,B9999,unbestimmt (nur Pst),1,25,29
1202603,2022-08-31,501,Bischofshofen,Frauen,40 bis 44 Jahre,B9999,unbestimmt (nur Pst),1,40,44
1202696,2022-08-31,503,Hallein,Frauen,bis 19 Jahre,B9999,unbestimmt (nur Pst),1,0,19
1202759,2022-08-31,503,Hallein,Männer,bis 19 Jahre,B9999,unbestimmt (nur Pst),2,0,19
1202826,2022-08-31,506,Zell am See,Frauen,bis 19 Jahre,B9999,unbestimmt (nur Pst),4,0,19
1202890,2022-08-31,506,Zell am See,Männer,bis 19 Jahre,B9999,unbestimmt (nur Pst),3,0,19
1202898,2022-08-31,506,Zell am See,Männer,20 bis 24 Jahre,B9999,unbestimmt (nur Pst),1,20,24
1202906,2022-08-31,506,Zell am See,Männer,25 bis 29 Jahre,B9999,unbestimmt (nur Pst),1,25,29
1203000,2022-08-31,510,Salzburg-Stadt,Frauen,20 bis 24 Jahre,B9999,unbestimmt (nur Pst),1,20,24
1203029,2022-08-31,510,Salzburg-Stadt,Frauen,25 bis 29 Jahre,B9999,unbestimmt (nur Pst),1,25,29
1203054,2022-08-31,510,Salzburg-Stadt,Frauen,30 bis 34 Jahre,B9999,unbestimmt (nur Pst),1,30,34
1203164,2022-08-31,510,Salzburg-Stadt,Männer,bis 19 Jahre,B9999,unbestimmt (nur Pst),1,0,19
1203331,2022-08-31,511,Salzburg-Umgebung,Frauen,bis 19 Jahre,B9999,unbestimmt (nur Pst),1,0,19
1203580,2022-08-31,601,Bruck/Mur,Frauen,bis 19 Jahre,B9999,unbestimmt (nur Pst),9,0,19
1203600,2022-08-31,601,Bruck/Mur,Frauen,20 bis 24 Jahre,B9999,unbestimmt (nur Pst),1,20,24
1203632,2022-08-31,601,Bruck/Mur,Frauen,30 bis 34 Jahre,B9999,unbestimmt (nur Pst),1,30,34
1203690,2022-08-31,601,Bruck/Mur,Frauen,50 bis 54 Jahre,B9999,unbestimmt (nur Pst),1,50,54
1203695,2022-08-31,601,Bruck/Mur,Frauen,55 bis 59 Jahre,B9999,unbestimmt (nur Pst),1,55,59
1203718,2022-08-31,601,Bruck/Mur,Männer,bis 19 Jahre,B9999,unbestimmt (nur Pst),12,0,19
1203741,2022-08-31,601,Bruck/Mur,Männer,20 bis 24 Jahre,B9999,unbestimmt (nur Pst),2,20,24
1203830,2022-08-31,601,Bruck/Mur,Männer,60 bis 64 Jahre,B9999,unbestimmt (nur Pst),1,60,64
1203855,2022-08-31,603,Deutschlandsberg,Frauen,20 bis 24 Jahre,B9999,unbestimmt (nur Pst),2,20,24
1203958,2022-08-31,603,Deutschlandsberg,Männer,20 bis 24 Jahre,B9999,unbestimmt (nur Pst),1,20,24
1204027,2022-08-31,604,Feldbach,Frauen,bis 19 Jahre,B9999,unbestimmt (nur Pst),1,0,19
1204051,2022-08-31,604,Feldbach,Frauen,20 bis 24 Jahre,B9999,unbestimmt (nur Pst),1,20,24
1204250,2022-08-31,606,Gleisdorf,Frauen,bis 19 Jahre,B9999,unbestimmt (nur Pst),1,0,19
1204265,2022-08-31,606,Gleisdorf,Frauen,20 bis 24 Jahre,B9999,unbestimmt (nur Pst),1,20,24
1204330,2022-08-31,606,Gleisdorf,Männer,bis 19 Jahre,B9999,unbestimmt (nur Pst),1,0,19
1204344,2022-08-31,606,Gleisdorf,Männer,20 bis 24 Jahre,B9999,unbestimmt (nur Pst),1,20,24
1204559,2022-08-31,609,Hartberg,Männer,bis 19 Jahre,B9999,unbestimmt (nur Pst),4,0,19
1204580,2022-08-31,609,Hartberg,Männer,20 bis 24 Jahre,B9999,unbestimmt (nur Pst),1,20,24
1204888,2022-08-31,611,Murau,Frauen,20 bis 24 Jahre,B9999,unbestimmt (nur Pst),1,20,24
1204895,2022-08-31,611,Murau,Frauen,30 bis 34 Jahre,B9999,unbestimmt (nur Pst),1,30,34
1204919,2022-08-31,611,Murau,Männer,20 bis 24 Jahre,B9999,unbestimmt (nur Pst),1,20,24
1204951,2022-08-31,614,Leibnitz,Frauen,bis 19 Jahre,B9999,unbestimmt (nur Pst),2,0,19
1204995,2022-08-31,614,Leibnitz,Frauen,25 bis 29 Jahre,B9999,unbestimmt (nur Pst),1,25,29
1205134,2022-08-31,614,Leibnitz,Männer,20 bis 24 Jahre,B9999,unbestimmt (nur Pst),2,20,24
1205235,2022-08-31,616,Leoben,Frauen,bis 19 Jahre,B9999,unbestimmt (nur Pst),2,0,19
1205260,2022-08-31,616,Leoben,Frauen,20 bis 24 Jahre,B9999,unbestimmt (nur Pst),6,20,24
1205283,2022-08-31,616,Leoben,Frauen,30 bis 34 Jahre,B9999,unbestimmt (nur Pst),1,30,34
1205298,2022-08-31,616,Leoben,Frauen,35 bis 39 Jahre,B9999,unbestimmt (nur Pst),1,35,39
1205314,2022-08-31,616,Leoben,Frauen,40 bis 44 Jahre,B9999,unbestimmt (nur Pst),2,40,44
1205336,2022-08-31,616,Leoben,Frauen,50 bis 54 Jahre,B9999,unbestimmt (nur Pst),1,50,54
1205346,2022-08-31,616,Leoben,Frauen,55 bis 59 Jahre,B9999,unbestimmt (nur Pst),1,55,59
1205366,2022-08-31,616,Leoben,Männer,bis 19 Jahre,B9999,unbestimmt (nur Pst),3,0,19
1205455,2022-08-31,616,Leoben,Männer,55 bis 59 Jahre,B9999,unbestimmt (nur Pst),1,55,59
1205470,2022-08-31,618,Liezen,Frauen,bis 19 Jahre,B9999,unbestimmt (nur Pst),1,0,19
1205483,2022-08-31,618,Liezen,Frauen,20 bis 24 Jahre,B9999,unbestimmt (nur Pst),1,20,24
1205645,2022-08-31,621,Mürzzuschlag,Frauen,bis 19 Jahre,B9999,unbestimmt (nur Pst),3,0,19
1205660,2022-08-31,621,Mürzzuschlag,Frauen,20 bis 24 Jahre,B9999,unbestimmt (nur Pst),1,20,24
1205683,2022-08-31,621,Mürzzuschlag,Frauen,35 bis 39 Jahre,B9999,unbestimmt (nur Pst),1,35,39
1205726,2022-08-31,621,Mürzzuschlag,Männer,bis 19 Jahre,B9999,unbestimmt (nur Pst),3,0,19
1205741,2022-08-31,621,Mürzzuschlag,Männer,20 bis 24 Jahre,B9999,unbestimmt (nur Pst),1,20,24
1205820,2022-08-31,622,Voitsberg,Frauen,bis 19 Jahre,B9999,unbestimmt (nur Pst),1,0,19
1205843,2022-08-31,622,Voitsberg,Frauen,20 bis 24 Jahre,B9999,unbestimmt (nur Pst),1,20,24
1205947,2022-08-31,622,Voitsberg,Männer,bis 19 Jahre,B9999,unbestimmt (nur Pst),3,0,19
1206038,2022-08-31,623,Weiz,Frauen,bis 19 Jahre,B9999,unbestimmt (nur Pst),1,0,19
1206058,2022-08-31,623,Weiz,Frauen,30 bis 34 Jahre,B9999,unbestimmt (nur Pst),1,30,34
1206069,2022-08-31,623,Weiz,Frauen,35 bis 39 Jahre,B9999,unbestimmt (nur Pst),1,35,39
1206093,2022-08-31,623,Weiz,Frauen,55 bis 59 Jahre,B9999,unbestimmt (nur Pst),1,55,59
1206101,2022-08-31,623,Weiz,Männer,bis 19 Jahre,B9999,unbestimmt (nur Pst),1,0,19
1206132,2022-08-31,623,Weiz,Männer,30 bis 34 Jahre,B9999,unbestimmt (nur Pst),1,30,34
1206137,2022-08-31,623,Weiz,Männer,35 bis 39 Jahre,B9999,unbestimmt (nur Pst),1,35,39
1206147,2022-08-31,623,Weiz,Männer,45 bis 49 Jahre,B9999,unbestimmt (nur Pst),1,45,49
1206151,2022-08-31,623,Weiz,Männer,50 bis 54 Jahre,B9999,unbestimmt (nur Pst),1,50,54
1206194,2022-08-31,630,Graz-West und Umgebung,Frauen,bis 19 Jahre,B9999,unbestimmt (nur Pst),8,0,19
1206249,2022-08-31,630,Graz-West und Umgebung,Frauen,20 bis 24 Jahre,B9999,unbestimmt (nur Pst),4,20,24
1206298,2022-08-31,630,Graz-West und Umgebung,Frauen,25 bis 29 Jahre,B9999,unbestimmt (nur Pst),2,25,29
1206342,2022-08-31,630,Graz-West und Umgebung,Frauen,30 bis 34 Jahre,B9999,unbestimmt (nur Pst),1,30,34
1206390,2022-08-31,630,Graz-West und Umgebung,Frauen,35 bis 39 Jahre,B9999,unbestimmt (nur Pst),2,35,39
1206480,2022-08-31,630,Graz-West und Umgebung,Frauen,45 bis 49 Jahre,B9999,unbestimmt (nur Pst),1,45,49
1206582,2022-08-31,630,Graz-West und Umgebung,Männer,bis 19 Jahre,B9999,unbestimmt (nur Pst),9,0,19
1206646,2022-08-31,630,Graz-West und Umgebung,Männer,20 bis 24 Jahre,B9999,unbestimmt (nur Pst),2,20,24
1206699,2022-08-31,630,Graz-West und Umgebung,Männer,25 bis 29 Jahre,B9999,unbestimmt (nur Pst),1,25,29
1206909,2022-08-31,630,Graz-West und Umgebung,Männer,60 bis 64 Jahre,B9999,unbestimmt (nur Pst),1,60,64
1206931,2022-08-31,631,Graz-Ost,Frauen,bis 19 Jahre,B9999,unbestimmt (nur Pst),1,0,19
1206959,2022-08-31,631,Graz-Ost,Frauen,20 bis 24 Jahre,B9999,unbestimmt (nur Pst),3,20,24
1207001,2022-08-31,631,Graz-Ost,Frauen,25 bis 29 Jahre,B9999,unbestimmt (nur Pst),2,25,29
1207045,2022-08-31,631,Graz-Ost,Frauen,30 bis 34 Jahre,B9999,unbestimmt (nur Pst),3,30,34
1207084,2022-08-31,631,Graz-Ost,Frauen,35 bis 39 Jahre,B9999,unbestimmt (nur Pst),1,35,39
1207113,2022-08-31,631,Graz-Ost,Frauen,40 bis 44 Jahre,B9999,unbestimmt (nur Pst),1,40,44
1207142,2022-08-31,631,Graz-Ost,Frauen,45 bis 49 Jahre,B9999,unbestimmt (nur Pst),2,45,49
1207255,2022-08-31,631,Graz-Ost,Männer,20 bis 24 Jahre,B9999,unbestimmt (nur Pst),4,20,24
1207292,2022-08-31,631,Graz-Ost,Männer,25 bis 29 Jahre,B9999,unbestimmt (nur Pst),1,25,29
1207450,2022-08-31,701,Imst,Frauen,bis 19 Jahre,B9999,unbestimmt (nur Pst),1,0,19
1207463,2022-08-31,701,Imst,Frauen,20 bis 24 Jahre,B9999,unbestimmt (nur Pst),1,20,24
1207467,2022-08-31,701,Imst,Frauen,25 bis 29 Jahre,B9999,unbestimmt (nur Pst),1,25,29
1207476,2022-08-31,701,Imst,Frauen,30 bis 34 Jahre,B9999,unbestimmt (nur Pst),1,30,34
1207481,2022-08-31,701,Imst,Frauen,35 bis 39 Jahre,B9999,unbestimmt (nur Pst),1,35,39
1207505,2022-08-31,701,Imst,Männer,bis 19 Jahre,B9999,unbestimmt (nur Pst),1,0,19
1207529,2022-08-31,701,Imst,Männer,35 bis 39 Jahre,B9999,unbestimmt (nur Pst),1,35,39
1207540,2022-08-31,701,Imst,Männer,50 bis 54 Jahre,B9999,unbestimmt (nur Pst),1,50,54
1207590,2022-08-31,702,Innsbruck,Frauen,20 bis 24 Jahre,B9999,unbestimmt (nur Pst),1,20,24
1207617,2022-08-31,702,Innsbruck,Frauen,25 bis 29 Jahre,B9999,unbestimmt (nur Pst),2,25,29
1207645,2022-08-31,702,Innsbruck,Frauen,30 bis 34 Jahre,B9999,unbestimmt (nur Pst),1,30,34
1207680,2022-08-31,702,Innsbruck,Frauen,35 bis 39 Jahre,B9999,unbestimmt (nur Pst),1,35,39
1207713,2022-08-31,702,Innsbruck,Frauen,40 bis 44 Jahre,B9999,unbestimmt (nur Pst),2,40,44
1207761,2022-08-31,702,Innsbruck,Frauen,60 bis 64 Jahre,B9999,unbestimmt (nur Pst),1,60,64
1207782,2022-08-31,702,Innsbruck,Männer,bis 19 Jahre,B9999,unbestimmt (nur Pst),3,0,19
1207817,2022-08-31,702,Innsbruck,Männer,20 bis 24 Jahre,B9999,unbestimmt (nur Pst),4,20,24
1207849,2022-08-31,702,Innsbruck,Männer,25 bis 29 Jahre,B9999,unbestimmt (nur Pst),2,25,29
1207879,2022-08-31,702,Innsbruck,Männer,30 bis 34 Jahre,B9999,unbestimmt (nur Pst),1,30,34
1207939,2022-08-31,702,Innsbruck,Männer,40 bis 44 Jahre,B9999,unbestimmt (nur Pst),1,40,44
1208096,2022-08-31,705,Kufstein,Frauen,bis 19 Jahre,B9999,unbestimmt (nur Pst),5,0,19
1208108,2022-08-31,705,Kufstein,Frauen,20 bis 24 Jahre,B9999,unbestimmt (nur Pst),2,20,24
1208137,2022-08-31,705,Kufstein,Frauen,30 bis 34 Jahre,B9999,unbestimmt (nur Pst),1,30,34
1208170,2022-08-31,705,Kufstein,Frauen,45 bis 49 Jahre,B9999,unbestimmt (nur Pst),1,45,49
1208202,2022-08-31,705,Kufstein,Männer,bis 19 Jahre,B9999,unbestimmt (nur Pst),6,0,19
1208221,2022-08-31,705,Kufstein,Männer,20 bis 24 Jahre,B9999,unbestimmt (nur Pst),1,20,24
1208257,2022-08-31,705,Kufstein,Männer,35 bis 39 Jahre,B9999,unbestimmt (nur Pst),1,35,39
1208301,2022-08-31,706,Landeck,Frauen,20 bis 24 Jahre,B9999,unbestimmt (nur Pst),1,20,24
1208311,2022-08-31,706,Landeck,Frauen,25 bis 29 Jahre,B9999,unbestimmt (nur Pst),1,25,29
1208366,2022-08-31,707,Lienz,Frauen,bis 19 Jahre,B9999,unbestimmt (nur Pst),5,0,19
1208399,2022-08-31,707,Lienz,Männer,bis 19 Jahre,B9999,unbestimmt (nur Pst),1,0,19
1208492,2022-08-31,709,Schwaz,Frauen,20 bis 24 Jahre,B9999,unbestimmt (nur Pst),2,20,24
1208523,2022-08-31,709,Schwaz,Frauen,35 bis 39 Jahre,B9999,unbestimmt (nur Pst),1,35,39
1208567,2022-08-31,709,Schwaz,Männer,20 bis 24 Jahre,B9999,unbestimmt (nur Pst),1,20,24
1208609,2022-08-31,709,Schwaz,Männer,40 bis 44 Jahre,B9999,unbestimmt (nur Pst),1,40,44
1208658,2022-08-31,801,Bludenz,Frauen,20 bis 24 Jahre,B9999,unbestimmt (nur Pst),2,20,24
1208676,2022-08-31,801,Bludenz,Frauen,25 bis 29 Jahre,B9999,unbestimmt (nur Pst),2,25,29
1208739,2022-08-31,801,Bludenz,Männer,bis 19 Jahre,B9999,unbestimmt (nur Pst),1,0,19
1208754,2022-08-31,801,Bludenz,Männer,20 bis 24 Jahre,B9999,unbestimmt (nur Pst),1,20,24
1208771,2022-08-31,801,Bludenz,Männer,25 bis 29 Jahre,B9999,unbestimmt (nur Pst),1,25,29
1208829,2022-08-31,802,Bregenz,Frauen,bis 19 Jahre,B9999,unbestimmt (nur Pst),2,0,19
1208851,2022-08-31,802,Bregenz,Frauen,20 bis 24 Jahre,B9999,unbestimmt (nur Pst),1,20,24
1208875,2022-08-31,802,Bregenz,Frauen,25 bis 29 Jahre,B9999,unbestimmt (nur Pst),1,25,29
1208924,2022-08-31,802,Bregenz,Frauen,40 bis 44 Jahre,B9999,unbestimmt (nur Pst),1,40,44
1208954,2022-08-31,802,Bregenz,Frauen,55 bis 59 Jahre,B9999,unbestimmt (nur Pst),1,55,59
1208982,2022-08-31,802,Bregenz,Männer,bis 19 Jahre,B9999,unbestimmt (nur Pst),1,0,19
1209133,2022-08-31,804,Dornbirn,Frauen,20 bis 24 Jahre,B9999,unbestimmt (nur Pst),3,20,24
1209237,2022-08-31,804,Dornbirn,Männer,bis 19 Jahre,B9999,unbestimmt (nur Pst),1,0,19
1209291,2022-08-31,804,Dornbirn,Männer,25 bis 29 Jahre,B9999,unbestimmt (nur Pst),1,25,29
1209370,2022-08-31,805,Feldkirch,Frauen,bis 19 Jahre,B9999,unbestimmt (nur Pst),2,0,19
1209397,2022-08-31,805,Feldkirch,Frauen,20 bis 24 Jahre,B9999,unbestimmt (nur Pst),7,20,24
1209415,2022-08-31,805,Feldkirch,Frauen,25 bis 29 Jahre,B9999,unbestimmt (nur Pst),2,25,29
1209454,2022-08-31,805,Feldkirch,Frauen,35 bis 39 Jahre,B9999,unbestimmt (nur Pst),1,35,39
1209469,2022-08-31,805,Feldkirch,Frauen,40 bis 44 Jahre,B9999,unbestimmt (nur Pst),1,40,44
1209483,2022-08-31,805,Feldkirch,Frauen,45 bis 49 Jahre,B9999,unbestimmt (nur Pst),2,45,49
1209522,2022-08-31,805,Feldkirch,Männer,bis 19 Jahre,B9999,unbestimmt (nur Pst),8,0,19
1209552,2022-08-31,805,Feldkirch,Männer,20 bis 24 Jahre,B9999,unbestimmt (nur Pst),5,20,24
1209580,2022-08-31,805,Feldkirch,Männer,25 bis 29 Jahre,B9999,unbestimmt (nur Pst),1,25,29
1209611,2022-08-31,805,Feldkirch,Männer,35 bis 39 Jahre,B9999,unbestimmt (nur Pst),2,35,39
1209637,2022-08-31,805,Feldkirch,Männer,45 bis 49 Jahre,B9999,unbestimmt (nur Pst),1,45,49
1209648,2022-08-31,805,Feldkirch,Männer,50 bis 54 Jahre,B9999,unbestimmt (nur Pst),1,50,54
1209847,2022-08-31,958,Wien Johnstraße,Frauen,55 bis 59 Jahre,B9999,unbestimmt (nur Pst),1,55,59
1210267,2022-08-31,959,Wien Hauffgasse,Frauen,45 bis 49 Jahre,B9999,unbestimmt (nur Pst),1,45,49
1211520,2022-08-31,962,Wien Redergasse,Männer,40 bis 44 Jahre,B9999,unbestimmt (nur Pst),1,40,44
1211719,2022-08-31,963,Wien Währinger Gürtel,Frauen,30 bis 34 Jahre,B9999,unbestimmt (nur Pst),1,30,34
1211811,2022-08-31,963,Wien Währinger Gürtel,Frauen,45 bis 49 Jahre,B9999,unbestimmt (nur Pst),1,45,49
1211931,2022-08-31,963,Wien Währinger Gürtel,Männer,30 bis 34 Jahre,B9999,unbestimmt (nur Pst),1,30,34
1212142,2022-08-31,964,Wien Favoritenstraße,Frauen,25 bis 29 Jahre,B9999,unbestimmt (nur Pst),1,25,29
1212933,2022-08-31,965,Wien Schönbrunner Straße,Frauen,25 bis 29 Jahre,B9999,unbestimmt (nur Pst),1,25,29
1213039,2022-08-31,965,Wien Schönbrunner Straße,Frauen,35 bis 39 Jahre,B9999,unbestimmt (nur Pst),1,35,39
1214389,2022-08-31,967,Wien Huttengasse,Frauen,45 bis 49 Jahre,B9999,unbestimmt (nur Pst),1,45,49
1214529,2022-08-31,967,Wien Huttengasse,Männer,25 bis 29 Jahre,B9999,unbestimmt (nur Pst),1,25,29
1214738,2022-08-31,967,Wien Huttengasse,Männer,40 bis 44 Jahre,B9999,unbestimmt (nur Pst),1,40,44
1216256,2022-08-31,974,Wien Austria Campus,Frauen,50 bis 54 Jahre,B9999,unbestimmt (nur Pst),1,50,54
1216438,2022-08-31,974,Wien Austria Campus,Männer,40 bis 44 Jahre,B9999,unbestimmt (nur Pst),1,40,44
1217043,2022-08-31,976,Wien Jugendliche I,Frauen,bis 19 Jahre,B9999,unbestimmt (nur Pst),10,0,19
1217131,2022-08-31,976,Wien Jugendliche I,Frauen,20 bis 24 Jahre,B9999,unbestimmt (nur Pst),4,20,24
1217233,2022-08-31,976,Wien Jugendliche I,Männer,bis 19 Jahre,B9999,unbestimmt (nur Pst),8,0,19
1217367,2022-08-31,976,Wien Jugendliche I,Männer,20 bis 24 Jahre,B9999,unbestimmt (nur Pst),6,20,24
1217453,2022-08-31,977,Wien Jugendliche II,Frauen,bis 19 Jahre,B9999,unbestimmt (nur Pst),9,0,19
1217549,2022-08-31,977,Wien Jugendliche II,Frauen,20 bis 24 Jahre,B9999,unbestimmt (nur Pst),6,20,24
1217654,2022-08-31,977,Wien Jugendliche II,Männer,bis 19 Jahre,B9999,unbestimmt (nur Pst),10,0,19
1217773,2022-08-31,977,Wien Jugendliche II,Männer,20 bis 24 Jahre,B9999,unbestimmt (nur Pst),3,20,24
1217841,2022-09-30,101,Eisenstadt,Frauen,20 bis 24 Jahre,B9999,unbestimmt (nur Pst),1,20,24
1218009,2022-09-30,102,Mattersburg,Frauen,bis 19 Jahre,B9999,unbestimmt (nur Pst),9,0,19
1218021,2022-09-30,102,Mattersburg,Frauen,20 bis 24 Jahre,B9999,unbestimmt (nur Pst),1,20,24
1218063,2022-09-30,102,Mattersburg,Frauen,45 bis 49 Jahre,B9999,unbestimmt (nur Pst),2,45,49
1218087,2022-09-30,102,Mattersburg,Männer,bis 19 Jahre,B9999,unbestimmt (nur Pst),3,0,19
1218101,2022-09-30,102,Mattersburg,Männer,20 bis 24 Jahre,B9999,unbestimmt (nur Pst),1,20,24
1218210,2022-09-30,103,Neusiedl am See,Männer,bis 19 Jahre,B9999,unbestimmt (nur Pst),1,0,19
1218246,2022-09-30,103,Neusiedl am See,Männer,40 bis 44 Jahre,B9999,unbestimmt (nur Pst),1,40,44
1218412,2022-09-30,105,Oberwart,Frauen,bis 19 Jahre,B9999,unbestimmt (nur Pst),1,0,19
1218427,2022-09-30,105,Oberwart,Frauen,20 bis 24 Jahre,B9999,unbestimmt (nur Pst),1,20,24
1218651,2022-09-30,106,Stegersbach,Frauen,bis 19 Jahre,B9999,unbestimmt (nur Pst),1,0,19
1218902,2022-09-30,201,Feldkirchen,Frauen,30 bis 34 Jahre,B9999,unbestimmt (nur Pst),1,30,34
1218916,2022-09-30,201,Feldkirchen,Frauen,40 bis 44 Jahre,B9999,unbestimmt (nur Pst),1,40,44
1218993,2022-09-30,203,Klagenfurt,Frauen,bis 19 Jahre,B9999,unbestimmt (nur Pst),1,0,19
1219044,2022-09-30,203,Klagenfurt,Frauen,25 bis 29 Jahre,B9999,unbestimmt (nur Pst),1,25,29
1219063,2022-09-30,203,Klagenfurt,Frauen,30 bis 34 Jahre,B9999,unbestimmt (nur Pst),1,30,34
1219116,2022-09-30,203,Klagenfurt,Frauen,40 bis 44 Jahre,B9999,unbestimmt (nur Pst),3,40,44
1219203,2022-09-30,203,Klagenfurt,Männer,bis 19 Jahre,B9999,unbestimmt (nur Pst),4,0,19
1219252,2022-09-30,203,Klagenfurt,Männer,25 bis 29 Jahre,B9999,unbestimmt (nur Pst),1,25,29
1219269,2022-09-30,203,Klagenfurt,Männer,30 bis 34 Jahre,B9999,unbestimmt (nur Pst),1,30,34
1219306,2022-09-30,203,Klagenfurt,Männer,40 bis 44 Jahre,B9999,unbestimmt (nur Pst),2,40,44
1219320,2022-09-30,203,Klagenfurt,Männer,45 bis 49 Jahre,B9999,unbestimmt (nur Pst),1,45,49
1219335,2022-09-30,203,Klagenfurt,Männer,50 bis 54 Jahre,B9999,unbestimmt (nur Pst),1,50,54
1219348,2022-09-30,203,Klagenfurt,Männer,55 bis 59 Jahre,B9999,unbestimmt (nur Pst),1,55,59
1219372,2022-09-30,204,Spittal/Drau,Frauen,bis 19 Jahre,B9999,unbestimmt (nur Pst),2,0,19
1219390,2022-09-30,204,Spittal/Drau,Frauen,20 bis 24 Jahre,B9999,unbestimmt (nur Pst),1,20,24
1219470,2022-09-30,204,Spittal/Drau,Männer,bis 19 Jahre,B9999,unbestimmt (nur Pst),2,0,19
1219710,2022-09-30,206,Villach,Frauen,20 bis 24 Jahre,B9999,unbestimmt (nur Pst),1,20,24
1219790,2022-09-30,206,Villach,Frauen,35 bis 39 Jahre,B9999,unbestimmt (nur Pst),2,35,39
1220071,2022-09-30,207,Völkermarkt,Frauen,40 bis 44 Jahre,B9999,unbestimmt (nur Pst),2,40,44
1220105,2022-09-30,207,Völkermarkt,Männer,20 bis 24 Jahre,B9999,unbestimmt (nur Pst),1,20,24
1220112,2022-09-30,207,Völkermarkt,Männer,30 bis 34 Jahre,B9999,unbestimmt (nur Pst),1,30,34
1220170,2022-09-30,208,Wolfsberg,Frauen,25 bis 29 Jahre,B9999,unbestimmt (nur Pst),1,25,29
1220237,2022-09-30,208,Wolfsberg,Männer,bis 19 Jahre,B9999,unbestimmt (nur Pst),2,0,19
1220318,2022-09-30,301,Amstetten,Frauen,bis 19 Jahre,B9999,unbestimmt (nur Pst),4,0,19
1220340,2022-09-30,301,Amstetten,Frauen,20 bis 24 Jahre,B9999,unbestimmt (nur Pst),1,20,24
1220361,2022-09-30,301,Amstetten,Frauen,25 bis 29 Jahre,B9999,unbestimmt (nur Pst),1,25,29
1220464,2022-09-30,301,Amstetten,Männer,bis 19 Jahre,B9999,unbestimmt (nur Pst),4,0,19
1220480,2022-09-30,301,Amstetten,Männer,20 bis 24 Jahre,B9999,unbestimmt (nur Pst),1,20,24
1220612,2022-09-30,304,Baden neu,Frauen,bis 19 Jahre,B9999,unbestimmt (nur Pst),1,0,19
1220640,2022-09-30,304,Baden neu,Frauen,20 bis 24 Jahre,B9999,unbestimmt (nur Pst),3,20,24
1220681,2022-09-30,304,Baden neu,Frauen,30 bis 34 Jahre,B9999,unbestimmt (nur Pst),1,30,34
1220856,2022-09-30,304,Baden neu,Männer,20 bis 24 Jahre,B9999,unbestimmt (nur Pst),1,20,24
1221008,2022-09-30,306,Bruck/Leitha,Frauen,bis 19 Jahre,B9999,unbestimmt (nur Pst),2,0,19
1221025,2022-09-30,306,Bruck/Leitha,Frauen,20 bis 24 Jahre,B9999,unbestimmt (nur Pst),1,20,24
1221036,2022-09-30,306,Bruck/Leitha,Frauen,25 bis 29 Jahre,B9999,unbestimmt (nur Pst),1,25,29
1221121,2022-09-30,306,Bruck/Leitha,Männer,bis 19 Jahre,B9999,unbestimmt (nur Pst),1,0,19
1221137,2022-09-30,306,Bruck/Leitha,Männer,20 bis 24 Jahre,B9999,unbestimmt (nur Pst),1,20,24
1221148,2022-09-30,306,Bruck/Leitha,Männer,30 bis 34 Jahre,B9999,unbestimmt (nur Pst),1,30,34
1221204,2022-09-30,308,Gänserndorf,Frauen,bis 19 Jahre,B9999,unbestimmt (nur Pst),2,0,19
1221234,2022-09-30,308,Gänserndorf,Frauen,20 bis 24 Jahre,B9999,unbestimmt (nur Pst),3,20,24
1221399,2022-09-30,308,Gänserndorf,Männer,bis 19 Jahre,B9999,unbestimmt (nur Pst),3,0,19
1221539,2022-09-30,311,Gmünd,Frauen,bis 19 Jahre,B9999,unbestimmt (nur Pst),1,0,19
1221603,2022-09-30,311,Gmünd,Frauen,55 bis 59 Jahre,B9999,unbestimmt (nur Pst),1,55,59
1221619,2022-09-30,311,Gmünd,Männer,bis 19 Jahre,B9999,unbestimmt (nur Pst),6,0,19
1221668,2022-09-30,312,Hollabrunn,Frauen,bis 19 Jahre,B9999,unbestimmt (nur Pst),4,0,19
1221720,2022-09-30,312,Hollabrunn,Frauen,35 bis 39 Jahre,B9999,unbestimmt (nur Pst),1,35,39
1221767,2022-09-30,312,Hollabrunn,Männer,bis 19 Jahre,B9999,unbestimmt (nur Pst),3,0,19
1221799,2022-09-30,312,Hollabrunn,Männer,30 bis 34 Jahre,B9999,unbestimmt (nur Pst),1,30,34
1221826,2022-09-30,312,Hollabrunn,Männer,55 bis 59 Jahre,B9999,unbestimmt (nur Pst),1,55,59
1221837,2022-09-30,313,Horn,Frauen,bis 19 Jahre,B9999,unbestimmt (nur Pst),2,0,19
1221846,2022-09-30,313,Horn,Frauen,20 bis 24 Jahre,B9999,unbestimmt (nur Pst),1,20,24
1221890,2022-09-30,313,Horn,Männer,20 bis 24 Jahre,B9999,unbestimmt (nur Pst),1,20,24
1221930,2022-09-30,314,Korneuburg,Frauen,bis 19 Jahre,B9999,unbestimmt (nur Pst),3,0,19
1221955,2022-09-30,314,Korneuburg,Frauen,20 bis 24 Jahre,B9999,unbestimmt (nur Pst),2,20,24
1221976,2022-09-30,314,Korneuburg,Frauen,25 bis 29 Jahre,B9999,unbestimmt (nur Pst),1,25,29
1222015,2022-09-30,314,Korneuburg,Frauen,35 bis 39 Jahre,B9999,unbestimmt (nur Pst),1,35,39
1222093,2022-09-30,314,Korneuburg,Männer,bis 19 Jahre,B9999,unbestimmt (nur Pst),7,0,19
1222211,2022-09-30,315,Krems,Frauen,bis 19 Jahre,B9999,unbestimmt (nur Pst),2,0,19
1222234,2022-09-30,315,Krems,Frauen,20 bis 24 Jahre,B9999,unbestimmt (nur Pst),2,20,24
1222287,2022-09-30,315,Krems,Frauen,35 bis 39 Jahre,B9999,unbestimmt (nur Pst),2,35,39
1222318,2022-09-30,315,Krems,Frauen,45 bis 49 Jahre,B9999,unbestimmt (nur Pst),1,45,49
1222354,2022-09-30,315,Krems,Männer,bis 19 Jahre,B9999,unbestimmt (nur Pst),2,0,19
1222461,2022-09-30,316,Lilienfeld,Frauen,bis 19 Jahre,B9999,unbestimmt (nur Pst),1,0,19
1222471,2022-09-30,316,Lilienfeld,Frauen,20 bis 24 Jahre,B9999,unbestimmt (nur Pst),1,20,24
1222486,2022-09-30,316,Lilienfeld,Frauen,30 bis 34 Jahre,B9999,unbestimmt (nur Pst),1,30,34
1222501,2022-09-30,316,Lilienfeld,Frauen,40 bis 44 Jahre,B9999,unbestimmt (nur Pst),2,40,44
1222505,2022-09-30,316,Lilienfeld,Frauen,45 bis 49 Jahre,B9999,unbestimmt (nur Pst),1,45,49
1222517,2022-09-30,316,Lilienfeld,Männer,bis 19 Jahre,B9999,unbestimmt (nur Pst),8,0,19
1222532,2022-09-30,316,Lilienfeld,Männer,30 bis 34 Jahre,B9999,unbestimmt (nur Pst),1,30,34
1222546,2022-09-30,316,Lilienfeld,Männer,40 bis 44 Jahre,B9999,unbestimmt (nur Pst),1,40,44
1222570,2022-09-30,317,Melk,Frauen,bis 19 Jahre,B9999,unbestimmt (nur Pst),3,0,19
1222583,2022-09-30,317,Melk,Frauen,20 bis 24 Jahre,B9999,unbestimmt (nur Pst),1,20,24
1222685,2022-09-30,317,Melk,Männer,bis 19 Jahre,B9999,unbestimmt (nur Pst),1,0,19
1222788,2022-09-30,319,Mistelbach,Frauen,bis 19 Jahre,B9999,unbestimmt (nur Pst),4,0,19
1222806,2022-09-30,319,Mistelbach,Frauen,20 bis 24 Jahre,B9999,unbestimmt (nur Pst),1,20,24
1222816,2022-09-30,319,Mistelbach,Frauen,25 bis 29 Jahre,B9999,unbestimmt (nur Pst),1,25,29
1222893,2022-09-30,319,Mistelbach,Männer,bis 19 Jahre,B9999,unbestimmt (nur Pst),2,0,19
1222916,2022-09-30,319,Mistelbach,Männer,20 bis 24 Jahre,B9999,unbestimmt (nur Pst),1,20,24
1222990,2022-09-30,321,Mödling,Frauen,bis 19 Jahre,B9999,unbestimmt (nur Pst),4,0,19
1223030,2022-09-30,321,Mödling,Frauen,25 bis 29 Jahre,B9999,unbestimmt (nur Pst),1,25,29
1223120,2022-09-30,321,Mödling,Frauen,45 bis 49 Jahre,B9999,unbestimmt (nur Pst),2,45,49
1223175,2022-09-30,321,Mödling,Männer,bis 19 Jahre,B9999,unbestimmt (nur Pst),7,0,19
1223204,2022-09-30,321,Mödling,Männer,20 bis 24 Jahre,B9999,unbestimmt (nur Pst),1,20,24
1223328,2022-09-30,323,Neunkirchen,Frauen,bis 19 Jahre,B9999,unbestimmt (nur Pst),4,0,19
1223468,2022-09-30,323,Neunkirchen,Männer,bis 19 Jahre,B9999,unbestimmt (nur Pst),1,0,19
1223619,2022-09-30,326,St. Pölten,Frauen,bis 19 Jahre,B9999,unbestimmt (nur Pst),20,0,19
1223650,2022-09-30,326,St. Pölten,Frauen,20 bis 24 Jahre,B9999,unbestimmt (nur Pst),7,20,24
1223685,2022-09-30,326,St. Pölten,Frauen,25 bis 29 Jahre,B9999,unbestimmt (nur Pst),2,25,29
1223723,2022-09-30,326,St. Pölten,Frauen,30 bis 34 Jahre,B9999,unbestimmt (nur Pst),2,30,34
1223767,2022-09-30,326,St. Pölten,Frauen,35 bis 39 Jahre,B9999,unbestimmt (nur Pst),2,35,39
1223808,2022-09-30,326,St. Pölten,Frauen,40 bis 44 Jahre,B9999,unbestimmt (nur Pst),2,40,44
1223836,2022-09-30,326,St. Pölten,Frauen,45 bis 49 Jahre,B9999,unbestimmt (nur Pst),2,45,49
1223878,2022-09-30,326,St. Pölten,Frauen,55 bis 59 Jahre,B9999,unbestimmt (nur Pst),1,55,59
1223910,2022-09-30,326,St. Pölten,Männer,bis 19 Jahre,B9999,unbestimmt (nur Pst),18,0,19
1223951,2022-09-30,326,St. Pölten,Männer,20 bis 24 Jahre,B9999,unbestimmt (nur Pst),7,20,24
1223979,2022-09-30,326,St. Pölten,Männer,25 bis 29 Jahre,B9999,unbestimmt (nur Pst),1,25,29
1224058,2022-09-30,326,St. Pölten,Männer,40 bis 44 Jahre,B9999,unbestimmt (nur Pst),1,40,44
1224099,2022-09-30,326,St. Pölten,Männer,50 bis 54 Jahre,B9999,unbestimmt (nur Pst),1,50,54
1224128,2022-09-30,328,Scheibbs,Frauen,bis 19 Jahre,B9999,unbestimmt (nur Pst),1,0,19
1224137,2022-09-30,328,Scheibbs,Frauen,20 bis 24 Jahre,B9999,unbestimmt (nur Pst),1,20,24
1224191,2022-09-30,328,Scheibbs,Männer,bis 19 Jahre,B9999,unbestimmt (nur Pst),4,0,19
1224257,2022-09-30,329,Schwechat,Frauen,bis 19 Jahre,B9999,unbestimmt (nur Pst),2,0,19
1224275,2022-09-30,329,Schwechat,Frauen,20 bis 24 Jahre,B9999,unbestimmt (nur Pst),1,20,24
1224331,2022-09-30,329,Schwechat,Frauen,35 bis 39 Jahre,B9999,unbestimmt (nur Pst),1,35,39
1224391,2022-09-30,329,Schwechat,Männer,bis 19 Jahre,B9999,unbestimmt (nur Pst),5,0,19
1224502,2022-09-30,331,Tulln,Frauen,bis 19 Jahre,B9999,unbestimmt (nur Pst),9,0,19
1224523,2022-09-30,331,Tulln,Frauen,20 bis 24 Jahre,B9999,unbestimmt (nur Pst),4,20,24
1224627,2022-09-30,331,Tulln,Frauen,50 bis 54 Jahre,B9999,unbestimmt (nur Pst),2,50,54
1224648,2022-09-30,331,Tulln,Männer,bis 19 Jahre,B9999,unbestimmt (nur Pst),6,0,19
1224666,2022-09-30,331,Tulln,Männer,20 bis 24 Jahre,B9999,unbestimmt (nur Pst),1,20,24
1224680,2022-09-30,331,Tulln,Männer,25 bis 29 Jahre,B9999,unbestimmt (nur Pst),1,25,29
1224769,2022-09-30,332,Waidhofen/Thaya,Frauen,bis 19 Jahre,B9999,unbestimmt (nur Pst),1,0,19
1224831,2022-09-30,332,Waidhofen/Thaya,Männer,bis 19 Jahre,B9999,unbestimmt (nur Pst),1,0,19
1224839,2022-09-30,332,Waidhofen/Thaya,Männer,20 bis 24 Jahre,B9999,unbestimmt (nur Pst),3,20,24
1224867,2022-09-30,333,Waidhofen/Ybbs,Frauen,bis 19 Jahre,B9999,unbestimmt (nur Pst),1,0,19
1224878,2022-09-30,333,Waidhofen/Ybbs,Frauen,20 bis 24 Jahre,B9999,unbestimmt (nur Pst),1,20,24
1224915,2022-09-30,333,Waidhofen/Ybbs,Männer,bis 19 Jahre,B9999,unbestimmt (nur Pst),1,0,19
1224919,2022-09-30,333,Waidhofen/Ybbs,Männer,20 bis 24 Jahre,B9999,unbestimmt (nur Pst),1,20,24
1224968,2022-09-30,334,Wr. Neustadt,Frauen,bis 19 Jahre,B9999,unbestimmt (nur Pst),3,0,19
1225049,2022-09-30,334,Wr. Neustadt,Frauen,30 bis 34 Jahre,B9999,unbestimmt (nur Pst),1,30,34
1225188,2022-09-30,334,Wr. Neustadt,Männer,bis 19 Jahre,B9999,unbestimmt (nur Pst),4,0,19
1225480,2022-09-30,335,Zwettl,Männer,30 bis 34 Jahre,B9999,unbestimmt (nur Pst),1,30,34
1225513,2022-09-30,401,Braunau,Frauen,bis 19 Jahre,B9999,unbestimmt (nur Pst),11,0,19
1225538,2022-09-30,401,Braunau,Frauen,20 bis 24 Jahre,B9999,unbestimmt (nur Pst),6,20,24
1225561,2022-09-30,401,Braunau,Frauen,25 bis 29 Jahre,B9999,unbestimmt (nur Pst),5,25,29
1225581,2022-09-30,401,Braunau,Frauen,30 bis 34 Jahre,B9999,unbestimmt (nur Pst),3,30,34
1225602,2022-09-30,401,Braunau,Frauen,35 bis 39 Jahre,B9999,unbestimmt (nur Pst),2,35,39
1225624,2022-09-30,401,Braunau,Frauen,40 bis 44 Jahre,B9999,unbestimmt (nur Pst),2,40,44
1225645,2022-09-30,401,Braunau,Frauen,45 bis 49 Jahre,B9999,unbestimmt (nur Pst),4,45,49
1225661,2022-09-30,401,Braunau,Frauen,50 bis 54 Jahre,B9999,unbestimmt (nur Pst),2,50,54
1225674,2022-09-30,401,Braunau,Frauen,55 bis 59 Jahre,B9999,unbestimmt (nur Pst),2,55,59
1225697,2022-09-30,401,Braunau,Männer,bis 19 Jahre,B9999,unbestimmt (nur Pst),15,0,19
1225725,2022-09-30,401,Braunau,Männer,20 bis 24 Jahre,B9999,unbestimmt (nur Pst),3,20,24
1225743,2022-09-30,401,Braunau,Männer,25 bis 29 Jahre,B9999,unbestimmt (nur Pst),5,25,29
1225765,2022-09-30,401,Braunau,Männer,30 bis 34 Jahre,B9999,unbestimmt (nur Pst),1,30,34
1225798,2022-09-30,401,Braunau,Männer,40 bis 44 Jahre,B9999,unbestimmt (nur Pst),1,40,44
1225815,2022-09-30,401,Braunau,Männer,45 bis 49 Jahre,B9999,unbestimmt (nur Pst),1,45,49
1225845,2022-09-30,401,Braunau,Männer,60 bis 64 Jahre,B9999,unbestimmt (nur Pst),1,60,64
1225858,2022-09-30,402,Eferding,Frauen,20 bis 24 Jahre,B9999,unbestimmt (nur Pst),2,20,24
1225874,2022-09-30,402,Eferding,Frauen,30 bis 34 Jahre,B9999,unbestimmt (nur Pst),1,30,34
1225886,2022-09-30,402,Eferding,Frauen,40 bis 44 Jahre,B9999,unbestimmt (nur Pst),2,40,44
1225900,2022-09-30,402,Eferding,Frauen,55 bis 59 Jahre,B9999,unbestimmt (nur Pst),1,55,59
1225925,2022-09-30,402,Eferding,Männer,20 bis 24 Jahre,B9999,unbestimmt (nur Pst),1,20,24
1225939,2022-09-30,402,Eferding,Männer,35 bis 39 Jahre,B9999,unbestimmt (nur Pst),1,35,39
1225977,2022-09-30,403,Freistadt,Frauen,bis 19 Jahre,B9999,unbestimmt (nur Pst),3,0,19
1225997,2022-09-30,403,Freistadt,Frauen,20 bis 24 Jahre,B9999,unbestimmt (nur Pst),1,20,24
1226009,2022-09-30,403,Freistadt,Frauen,25 bis 29 Jahre,B9999,unbestimmt (nur Pst),1,25,29
1226140,2022-09-30,403,Freistadt,Männer,25 bis 29 Jahre,B9999,unbestimmt (nur Pst),1,25,29
1226215,2022-09-30,404,Gmunden,Frauen,bis 19 Jahre,B9999,unbestimmt (nur Pst),1,0,19
1226259,2022-09-30,404,Gmunden,Frauen,25 bis 29 Jahre,B9999,unbestimmt (nur Pst),1,25,29
1226305,2022-09-30,404,Gmunden,Frauen,35 bis 39 Jahre,B9999,unbestimmt (nur Pst),1,35,39
1226398,2022-09-30,404,Gmunden,Männer,bis 19 Jahre,B9999,unbestimmt (nur Pst),5,0,19
1226425,2022-09-30,404,Gmunden,Männer,20 bis 24 Jahre,B9999,unbestimmt (nur Pst),1,20,24
1226551,2022-09-30,406,Grieskirchen,Frauen,bis 19 Jahre,B9999,unbestimmt (nur Pst),2,0,19
1226569,2022-09-30,406,Grieskirchen,Frauen,20 bis 24 Jahre,B9999,unbestimmt (nur Pst),1,20,24
1226584,2022-09-30,406,Grieskirchen,Frauen,25 bis 29 Jahre,B9999,unbestimmt (nur Pst),1,25,29
1226623,2022-09-30,406,Grieskirchen,Frauen,40 bis 44 Jahre,B9999,unbestimmt (nur Pst),1,40,44
1226634,2022-09-30,406,Grieskirchen,Frauen,45 bis 49 Jahre,B9999,unbestimmt (nur Pst),1,45,49
1226644,2022-09-30,406,Grieskirchen,Frauen,50 bis 54 Jahre,B9999,unbestimmt (nur Pst),1,50,54
1226665,2022-09-30,406,Grieskirchen,Männer,bis 19 Jahre,B9999,unbestimmt (nur Pst),3,0,19
1226734,2022-09-30,407,Kirchdorf/Krems,Frauen,bis 19 Jahre,B9999,unbestimmt (nur Pst),5,0,19
1226755,2022-09-30,407,Kirchdorf/Krems,Frauen,20 bis 24 Jahre,B9999,unbestimmt (nur Pst),2,20,24
1226794,2022-09-30,407,Kirchdorf/Krems,Frauen,35 bis 39 Jahre,B9999,unbestimmt (nur Pst),1,35,39
1226864,2022-09-30,407,Kirchdorf/Krems,Männer,bis 19 Jahre,B9999,unbestimmt (nur Pst),3,0,19
1226916,2022-09-30,407,Kirchdorf/Krems,Männer,30 bis 34 Jahre,B9999,unbestimmt (nur Pst),1,30,34
1227000,2022-09-30,409,Linz neu,Frauen,bis 19 Jahre,B9999,unbestimmt (nur Pst),36,0,19
1227051,2022-09-30,409,Linz neu,Frauen,20 bis 24 Jahre,B9999,unbestimmt (nur Pst),29,20,24
1227099,2022-09-30,409,Linz neu,Frauen,25 bis 29 Jahre,B9999,unbestimmt (nur Pst),4,25,29
1227142,2022-09-30,409,Linz neu,Frauen,30 bis 34 Jahre,B9999,unbestimmt (nur Pst),5,30,34
1227187,2022-09-30,409,Linz neu,Frauen,35 bis 39 Jahre,B9999,unbestimmt (nur Pst),2,35,39
1227228,2022-09-30,409,Linz neu,Frauen,40 bis 44 Jahre,B9999,unbestimmt (nur Pst),2,40,44
1227263,2022-09-30,409,Linz neu,Frauen,45 bis 49 Jahre,B9999,unbestimmt (nur Pst),2,45,49
1227353,2022-09-30,409,Linz neu,Männer,bis 19 Jahre,B9999,unbestimmt (nur Pst),37,0,19
1227404,2022-09-30,409,Linz neu,Männer,20 bis 24 Jahre,B9999,unbestimmt (nur Pst),20,20,24
1227467,2022-09-30,409,Linz neu,Männer,25 bis 29 Jahre,B9999,unbestimmt (nur Pst),2,25,29
1227522,2022-09-30,409,Linz neu,Männer,30 bis 34 Jahre,B9999,unbestimmt (nur Pst),3,30,34
1227564,2022-09-30,409,Linz neu,Männer,35 bis 39 Jahre,B9999,unbestimmt (nur Pst),2,35,39
1227609,2022-09-30,409,Linz neu,Männer,40 bis 44 Jahre,B9999,unbestimmt (nur Pst),3,40,44
1227646,2022-09-30,409,Linz neu,Männer,45 bis 49 Jahre,B9999,unbestimmt (nur Pst),1,45,49
1227708,2022-09-30,409,Linz neu,Männer,60 bis 64 Jahre,B9999,unbestimmt (nur Pst),1,60,64
1227722,2022-09-30,411,Perg,Frauen,bis 19 Jahre,B9999,unbestimmt (nur Pst),1,0,19
1227739,2022-09-30,411,Perg,Frauen,20 bis 24 Jahre,B9999,unbestimmt (nur Pst),1,20,24
1227863,2022-09-30,411,Perg,Männer,20 bis 24 Jahre,B9999,unbestimmt (nur Pst),2,20,24
1227952,2022-09-30,412,Ried im Innkreis,Frauen,bis 19 Jahre,B9999,unbestimmt (nur Pst),13,0,19
1227971,2022-09-30,412,Ried im Innkreis,Frauen,20 bis 24 Jahre,B9999,unbestimmt (nur Pst),2,20,24
1227986,2022-09-30,412,Ried im Innkreis,Frauen,25 bis 29 Jahre,B9999,unbestimmt (nur Pst),3,25,29
1228000,2022-09-30,412,Ried im Innkreis,Frauen,30 bis 34 Jahre,B9999,unbestimmt (nur Pst),3,30,34
1228015,2022-09-30,412,Ried im Innkreis,Frauen,35 bis 39 Jahre,B9999,unbestimmt (nur Pst),2,35,39
1228028,2022-09-30,412,Ried im Innkreis,Frauen,40 bis 44 Jahre,B9999,unbestimmt (nur Pst),2,40,44
1228047,2022-09-30,412,Ried im Innkreis,Frauen,50 bis 54 Jahre,B9999,unbestimmt (nur Pst),4,50,54
1228060,2022-09-30,412,Ried im Innkreis,Frauen,55 bis 59 Jahre,B9999,unbestimmt (nur Pst),1,55,59
1228073,2022-09-30,412,Ried im Innkreis,Männer,bis 19 Jahre,B9999,unbestimmt (nur Pst),4,0,19
1228095,2022-09-30,412,Ried im Innkreis,Männer,20 bis 24 Jahre,B9999,unbestimmt (nur Pst),1,20,24
1228117,2022-09-30,412,Ried im Innkreis,Männer,30 bis 34 Jahre,B9999,unbestimmt (nur Pst),1,30,34
1228181,2022-09-30,413,Rohrbach,Frauen,20 bis 24 Jahre,B9999,unbestimmt (nur Pst),2,20,24
1228194,2022-09-30,413,Rohrbach,Frauen,25 bis 29 Jahre,B9999,unbestimmt (nur Pst),1,25,29
1228212,2022-09-30,413,Rohrbach,Frauen,35 bis 39 Jahre,B9999,unbestimmt (nur Pst),2,35,39
1228232,2022-09-30,413,Rohrbach,Frauen,45 bis 49 Jahre,B9999,unbestimmt (nur Pst),1,45,49
1228239,2022-09-30,413,Rohrbach,Frauen,50 bis 54 Jahre,B9999,unbestimmt (nur Pst),1,50,54
1228254,2022-09-30,413,Rohrbach,Männer,bis 19 Jahre,B9999,unbestimmt (nur Pst),2,0,19
1228289,2022-09-30,413,Rohrbach,Männer,40 bis 44 Jahre,B9999,unbestimmt (nur Pst),1,40,44
1228300,2022-09-30,413,Rohrbach,Männer,50 bis 54 Jahre,B9999,unbestimmt (nur Pst),1,50,54
1228321,2022-09-30,414,Schärding,Frauen,bis 19 Jahre,B9999,unbestimmt (nur Pst),3,0,19
1228373,2022-09-30,414,Schärding,Frauen,40 bis 44 Jahre,B9999,unbestimmt (nur Pst),1,40,44
1228387,2022-09-30,414,Schärding,Frauen,50 bis 54 Jahre,B9999,unbestimmt (nur Pst),1,50,54
1228486,2022-09-30,415,Steyr,Frauen,bis 19 Jahre,B9999,unbestimmt (nur Pst),16,0,19
1228517,2022-09-30,415,Steyr,Frauen,20 bis 24 Jahre,B9999,unbestimmt (nur Pst),3,20,24
1228566,2022-09-30,415,Steyr,Frauen,30 bis 34 Jahre,B9999,unbestimmt (nur Pst),1,30,34
1228595,2022-09-30,415,Steyr,Frauen,35 bis 39 Jahre,B9999,unbestimmt (nur Pst),3,35,39
1228612,2022-09-30,415,Steyr,Frauen,40 bis 44 Jahre,B9999,unbestimmt (nur Pst),1,40,44
1228651,2022-09-30,415,Steyr,Frauen,55 bis 59 Jahre,B9999,unbestimmt (nur Pst),1,55,59
1228652,2022-09-30,415,Steyr,Frauen,60 bis 64 Jahre,B9999,unbestimmt (nur Pst),1,60,64
1228678,2022-09-30,415,Steyr,Männer,bis 19 Jahre,B9999,unbestimmt (nur Pst),14,0,19
1228710,2022-09-30,415,Steyr,Männer,20 bis 24 Jahre,B9999,unbestimmt (nur Pst),4,20,24
1228733,2022-09-30,415,Steyr,Männer,25 bis 29 Jahre,B9999,unbestimmt (nur Pst),4,25,29
1228764,2022-09-30,415,Steyr,Männer,30 bis 34 Jahre,B9999,unbestimmt (nur Pst),1,30,34
1228817,2022-09-30,415,Steyr,Männer,45 bis 49 Jahre,B9999,unbestimmt (nur Pst),1,45,49
1228858,2022-09-30,418,Vöcklabruck,Frauen,bis 19 Jahre,B9999,unbestimmt (nur Pst),5,0,19
1228874,2022-09-30,418,Vöcklabruck,Frauen,20 bis 24 Jahre,B9999,unbestimmt (nur Pst),1,20,24
1228961,2022-09-30,418,Vöcklabruck,Frauen,40 bis 44 Jahre,B9999,unbestimmt (nur Pst),1,40,44
1229033,2022-09-30,418,Vöcklabruck,Männer,bis 19 Jahre,B9999,unbestimmt (nur Pst),3,0,19
1229058,2022-09-30,418,Vöcklabruck,Männer,20 bis 24 Jahre,B9999,unbestimmt (nur Pst),1,20,24
1229187,2022-09-30,418,Vöcklabruck,Männer,55 bis 59 Jahre,B9999,unbestimmt (nur Pst),1,55,59
1229247,2022-09-30,419,Wels,Frauen,20 bis 24 Jahre,B9999,unbestimmt (nur Pst),1,20,24
1229431,2022-09-30,419,Wels,Männer,bis 19 Jahre,B9999,unbestimmt (nur Pst),1,0,19
1229511,2022-09-30,419,Wels,Männer,30 bis 34 Jahre,B9999,unbestimmt (nur Pst),2,30,34
1229529,2022-09-30,419,Wels,Männer,35 bis 39 Jahre,B9999,unbestimmt (nur Pst),1,35,39
1229609,2022-09-30,421,Traun,Frauen,bis 19 Jahre,B9999,unbestimmt (nur Pst),8,0,19
1229718,2022-09-30,421,Traun,Frauen,35 bis 39 Jahre,B9999,unbestimmt (nur Pst),1,35,39
1229752,2022-09-30,421,Traun,Frauen,40 bis 44 Jahre,B9999,unbestimmt (nur Pst),1,40,44
1229853,2022-09-30,421,Traun,Männer,bis 19 Jahre,B9999,unbestimmt (nur Pst),6,0,19
1229915,2022-09-30,421,Traun,Männer,25 bis 29 Jahre,B9999,unbestimmt (nur Pst),1,25,29
1229972,2022-09-30,421,Traun,Männer,35 bis 39 Jahre,B9999,unbestimmt (nur Pst),1,35,39
1229998,2022-09-30,421,Traun,Männer,40 bis 44 Jahre,B9999,unbestimmt (nur Pst),1,40,44
1230033,2022-09-30,421,Traun,Männer,50 bis 54 Jahre,B9999,unbestimmt (nur Pst),1,50,54
1230062,2022-09-30,421,Traun,Männer,60 bis 64 Jahre,B9999,unbestimmt (nur Pst),1,60,64
1230092,2022-09-30,501,Bischofshofen,Frauen,20 bis 24 Jahre,B9999,unbestimmt (nur Pst),2,20,24
1230106,2022-09-30,501,Bischofshofen,Frauen,25 bis 29 Jahre,B9999,unbestimmt (nur Pst),1,25,29
1230153,2022-09-30,501,Bischofshofen,Frauen,40 bis 44 Jahre,B9999,unbestimmt (nur Pst),1,40,44
1230197,2022-09-30,501,Bischofshofen,Männer,bis 19 Jahre,B9999,unbestimmt (nur Pst),1,0,19
1230222,2022-09-30,501,Bischofshofen,Männer,25 bis 29 Jahre,B9999,unbestimmt (nur Pst),1,25,29
1230266,2022-09-30,503,Hallein,Frauen,bis 19 Jahre,B9999,unbestimmt (nur Pst),1,0,19
1230358,2022-09-30,503,Hallein,Männer,bis 19 Jahre,B9999,unbestimmt (nur Pst),2,0,19
1230445,2022-09-30,506,Zell am See,Frauen,bis 19 Jahre,B9999,unbestimmt (nur Pst),4,0,19
1230528,2022-09-30,506,Zell am See,Männer,bis 19 Jahre,B9999,unbestimmt (nur Pst),2,0,19
1230546,2022-09-30,506,Zell am See,Männer,25 bis 29 Jahre,B9999,unbestimmt (nur Pst),1,25,29
1230577,2022-09-30,506,Zell am See,Männer,55 bis 59 Jahre,B9999,unbestimmt (nur Pst),1,55,59
1230641,2022-09-30,510,Salzburg-Stadt,Frauen,20 bis 24 Jahre,B9999,unbestimmt (nur Pst),1,20,24
1230675,2022-09-30,510,Salzburg-Stadt,Frauen,25 bis 29 Jahre,B9999,unbestimmt (nur Pst),2,25,29
1230704,2022-09-30,510,Salzburg-Stadt,Frauen,30 bis 34 Jahre,B9999,unbestimmt (nur Pst),1,30,34
1230864,2022-09-30,510,Salzburg-Stadt,Männer,20 bis 24 Jahre,B9999,unbestimmt (nur Pst),1,20,24
1231005,2022-09-30,511,Salzburg-Umgebung,Frauen,bis 19 Jahre,B9999,unbestimmt (nur Pst),1,0,19
1231279,2022-09-30,601,Bruck/Mur,Frauen,bis 19 Jahre,B9999,unbestimmt (nur Pst),9,0,19
1231297,2022-09-30,601,Bruck/Mur,Frauen,20 bis 24 Jahre,B9999,unbestimmt (nur Pst),2,20,24
1231328,2022-09-30,601,Bruck/Mur,Frauen,30 bis 34 Jahre,B9999,unbestimmt (nur Pst),1,30,34
1231389,2022-09-30,601,Bruck/Mur,Frauen,50 bis 54 Jahre,B9999,unbestimmt (nur Pst),1,50,54
1231416,2022-09-30,601,Bruck/Mur,Männer,bis 19 Jahre,B9999,unbestimmt (nur Pst),12,0,19
1231438,2022-09-30,601,Bruck/Mur,Männer,20 bis 24 Jahre,B9999,unbestimmt (nur Pst),2,20,24
1231553,2022-09-30,603,Deutschlandsberg,Frauen,20 bis 24 Jahre,B9999,unbestimmt (nur Pst),2,20,24
1231665,2022-09-30,603,Deutschlandsberg,Männer,20 bis 24 Jahre,B9999,unbestimmt (nur Pst),1,20,24
1231737,2022-09-30,604,Feldbach,Frauen,bis 19 Jahre,B9999,unbestimmt (nur Pst),1,0,19
1231759,2022-09-30,604,Feldbach,Frauen,20 bis 24 Jahre,B9999,unbestimmt (nur Pst),1,20,24
1231973,2022-09-30,606,Gleisdorf,Frauen,bis 19 Jahre,B9999,unbestimmt (nur Pst),1,0,19
1231987,2022-09-30,606,Gleisdorf,Frauen,20 bis 24 Jahre,B9999,unbestimmt (nur Pst),1,20,24
1232058,2022-09-30,606,Gleisdorf,Männer,bis 19 Jahre,B9999,unbestimmt (nur Pst),1,0,19
1232073,2022-09-30,606,Gleisdorf,Männer,20 bis 24 Jahre,B9999,unbestimmt (nur Pst),1,20,24
1232287,2022-09-30,609,Hartberg,Männer,bis 19 Jahre,B9999,unbestimmt (nur Pst),4,0,19
1232309,2022-09-30,609,Hartberg,Männer,20 bis 24 Jahre,B9999,unbestimmt (nur Pst),1,20,24
1232421,2022-09-30,610,Judenburg,Frauen,bis 19 Jahre,B9999,unbestimmt (nur Pst),1,0,19
1232455,2022-09-30,610,Judenburg,Frauen,25 bis 29 Jahre,B9999,unbestimmt (nur Pst),1,25,29
1232637,2022-09-30,611,Murau,Frauen,30 bis 34 Jahre,B9999,unbestimmt (nur Pst),1,30,34
1232658,2022-09-30,611,Murau,Männer,bis 19 Jahre,B9999,unbestimmt (nur Pst),1,0,19
1232666,2022-09-30,611,Murau,Männer,20 bis 24 Jahre,B9999,unbestimmt (nur Pst),1,20,24
1232703,2022-09-30,614,Leibnitz,Frauen,bis 19 Jahre,B9999,unbestimmt (nur Pst),3,0,19
1232879,2022-09-30,614,Leibnitz,Männer,bis 19 Jahre,B9999,unbestimmt (nur Pst),2,0,19
1232895,2022-09-30,614,Leibnitz,Männer,20 bis 24 Jahre,B9999,unbestimmt (nur Pst),2,20,24
1232991,2022-09-30,616,Leoben,Frauen,bis 19 Jahre,B9999,unbestimmt (nur Pst),3,0,19
1233017,2022-09-30,616,Leoben,Frauen,20 bis 24 Jahre,B9999,unbestimmt (nur Pst),4,20,24
1233026,2022-09-30,616,Leoben,Frauen,25 bis 29 Jahre,B9999,unbestimmt (nur Pst),2,25,29
1233044,2022-09-30,616,Leoben,Frauen,30 bis 34 Jahre,B9999,unbestimmt (nur Pst),2,30,34
1233056,2022-09-30,616,Leoben,Frauen,35 bis 39 Jahre,B9999,unbestimmt (nur Pst),3,35,39
1233070,2022-09-30,616,Leoben,Frauen,40 bis 44 Jahre,B9999,unbestimmt (nur Pst),3,40,44
1233082,2022-09-30,616,Leoben,Frauen,45 bis 49 Jahre,B9999,unbestimmt (nur Pst),1,45,49
1233093,2022-09-30,616,Leoben,Frauen,50 bis 54 Jahre,B9999,unbestimmt (nur Pst),1,50,54
1233122,2022-09-30,616,Leoben,Männer,bis 19 Jahre,B9999,unbestimmt (nur Pst),3,0,19
1233243,2022-09-30,618,Liezen,Frauen,20 bis 24 Jahre,B9999,unbestimmt (nur Pst),1,20,24
1233425,2022-09-30,621,Mürzzuschlag,Frauen,bis 19 Jahre,B9999,unbestimmt (nur Pst),1,0,19
1233438,2022-09-30,621,Mürzzuschlag,Frauen,20 bis 24 Jahre,B9999,unbestimmt (nur Pst),2,20,24
1233466,2022-09-30,621,Mürzzuschlag,Frauen,35 bis 39 Jahre,B9999,unbestimmt (nur Pst),1,35,39
1233482,2022-09-30,621,Mürzzuschlag,Frauen,45 bis 49 Jahre,B9999,unbestimmt (nur Pst),1,45,49
1233511,2022-09-30,621,Mürzzuschlag,Männer,bis 19 Jahre,B9999,unbestimmt (nur Pst),2,0,19
1233525,2022-09-30,621,Mürzzuschlag,Männer,20 bis 24 Jahre,B9999,unbestimmt (nur Pst),1,20,24
1233586,2022-09-30,621,Mürzzuschlag,Männer,50 bis 54 Jahre,B9999,unbestimmt (nur Pst),1,50,54
1233607,2022-09-30,622,Voitsberg,Frauen,bis 19 Jahre,B9999,unbestimmt (nur Pst),3,0,19
1233630,2022-09-30,622,Voitsberg,Frauen,20 bis 24 Jahre,B9999,unbestimmt (nur Pst),1,20,24
1233732,2022-09-30,622,Voitsberg,Männer,bis 19 Jahre,B9999,unbestimmt (nur Pst),3,0,19
1233814,2022-09-30,623,Weiz,Frauen,bis 19 Jahre,B9999,unbestimmt (nur Pst),2,0,19
1233841,2022-09-30,623,Weiz,Frauen,30 bis 34 Jahre,B9999,unbestimmt (nur Pst),1,30,34
1233851,2022-09-30,623,Weiz,Frauen,35 bis 39 Jahre,B9999,unbestimmt (nur Pst),1,35,39
1233869,2022-09-30,623,Weiz,Frauen,45 bis 49 Jahre,B9999,unbestimmt (nur Pst),1,45,49
1233880,2022-09-30,623,Weiz,Frauen,55 bis 59 Jahre,B9999,unbestimmt (nur Pst),1,55,59
1233886,2022-09-30,623,Weiz,Männer,bis 19 Jahre,B9999,unbestimmt (nur Pst),1,0,19
1233919,2022-09-30,623,Weiz,Männer,35 bis 39 Jahre,B9999,unbestimmt (nur Pst),1,35,39
1233929,2022-09-30,623,Weiz,Männer,45 bis 49 Jahre,B9999,unbestimmt (nur Pst),1,45,49
1233933,2022-09-30,623,Weiz,Männer,50 bis 54 Jahre,B9999,unbestimmt (nur Pst),1,50,54
1233983,2022-09-30,630,Graz-West und Umgebung,Frauen,bis 19 Jahre,B9999,unbestimmt (nur Pst),10,0,19
1234036,2022-09-30,630,Graz-West und Umgebung,Frauen,20 bis 24 Jahre,B9999,unbestimmt (nur Pst),4,20,24
1234085,2022-09-30,630,Graz-West und Umgebung,Frauen,25 bis 29 Jahre,B9999,unbestimmt (nur Pst),3,25,29
1234132,2022-09-30,630,Graz-West und Umgebung,Frauen,30 bis 34 Jahre,B9999,unbestimmt (nur Pst),2,30,34
1234188,2022-09-30,630,Graz-West und Umgebung,Frauen,35 bis 39 Jahre,B9999,unbestimmt (nur Pst),1,35,39
1234278,2022-09-30,630,Graz-West und Umgebung,Frauen,45 bis 49 Jahre,B9999,unbestimmt (nur Pst),2,45,49
1234384,2022-09-30,630,Graz-West und Umgebung,Männer,bis 19 Jahre,B9999,unbestimmt (nur Pst),13,0,19
1234446,2022-09-30,630,Graz-West und Umgebung,Männer,20 bis 24 Jahre,B9999,unbestimmt (nur Pst),3,20,24
1234500,2022-09-30,630,Graz-West und Umgebung,Männer,25 bis 29 Jahre,B9999,unbestimmt (nur Pst),1,25,29
1234677,2022-09-30,630,Graz-West und Umgebung,Männer,50 bis 54 Jahre,B9999,unbestimmt (nur Pst),1,50,54
1234705,2022-09-30,630,Graz-West und Umgebung,Männer,60 bis 64 Jahre,B9999,unbestimmt (nur Pst),1,60,64
1234726,2022-09-30,631,Graz-Ost,Frauen,bis 19 Jahre,B9999,unbestimmt (nur Pst),2,0,19
1234752,2022-09-30,631,Graz-Ost,Frauen,20 bis 24 Jahre,B9999,unbestimmt (nur Pst),3,20,24
1234793,2022-09-30,631,Graz-Ost,Frauen,25 bis 29 Jahre,B9999,unbestimmt (nur Pst),2,25,29
1234841,2022-09-30,631,Graz-Ost,Frauen,30 bis 34 Jahre,B9999,unbestimmt (nur Pst),3,30,34
1234879,2022-09-30,631,Graz-Ost,Frauen,35 bis 39 Jahre,B9999,unbestimmt (nur Pst),1,35,39
1234920,2022-09-30,631,Graz-Ost,Frauen,40 bis 44 Jahre,B9999,unbestimmt (nur Pst),1,40,44
1234957,2022-09-30,631,Graz-Ost,Frauen,45 bis 49 Jahre,B9999,unbestimmt (nur Pst),1,45,49
1235029,2022-09-30,631,Graz-Ost,Männer,bis 19 Jahre,B9999,unbestimmt (nur Pst),14,0,19
1235069,2022-09-30,631,Graz-Ost,Männer,20 bis 24 Jahre,B9999,unbestimmt (nur Pst),3,20,24
1235108,2022-09-30,631,Graz-Ost,Männer,25 bis 29 Jahre,B9999,unbestimmt (nur Pst),1,25,29
1235232,2022-09-30,631,Graz-Ost,Männer,45 bis 49 Jahre,B9999,unbestimmt (nur Pst),1,45,49
1235271,2022-09-30,701,Imst,Frauen,bis 19 Jahre,B9999,unbestimmt (nur Pst),2,0,19
1235287,2022-09-30,701,Imst,Frauen,20 bis 24 Jahre,B9999,unbestimmt (nur Pst),1,20,24
1235293,2022-09-30,701,Imst,Frauen,25 bis 29 Jahre,B9999,unbestimmt (nur Pst),1,25,29
1235302,2022-09-30,701,Imst,Frauen,30 bis 34 Jahre,B9999,unbestimmt (nur Pst),2,30,34
1235340,2022-09-30,701,Imst,Männer,bis 19 Jahre,B9999,unbestimmt (nur Pst),1,0,19
1235364,2022-09-30,701,Imst,Männer,30 bis 34 Jahre,B9999,unbestimmt (nur Pst),1,30,34
1235373,2022-09-30,701,Imst,Männer,35 bis 39 Jahre,B9999,unbestimmt (nur Pst),1,35,39
1235374,2022-09-30,701,Imst,Männer,40 bis 44 Jahre,B9999,unbestimmt (nur Pst),1,40,44
1235415,2022-09-30,702,Innsbruck,Frauen,bis 19 Jahre,B9999,unbestimmt (nur Pst),6,0,19
1235446,2022-09-30,702,Innsbruck,Frauen,20 bis 24 Jahre,B9999,unbestimmt (nur Pst),1,20,24
1235503,2022-09-30,702,Innsbruck,Frauen,30 bis 34 Jahre,B9999,unbestimmt (nur Pst),1,30,34
1235540,2022-09-30,702,Innsbruck,Frauen,35 bis 39 Jahre,B9999,unbestimmt (nur Pst),2,35,39
1235576,2022-09-30,702,Innsbruck,Frauen,40 bis 44 Jahre,B9999,unbestimmt (nur Pst),3,40,44
1235631,2022-09-30,702,Innsbruck,Frauen,60 bis 64 Jahre,B9999,unbestimmt (nur Pst),2,60,64
1235658,2022-09-30,702,Innsbruck,Männer,bis 19 Jahre,B9999,unbestimmt (nur Pst),7,0,19
1235699,2022-09-30,702,Innsbruck,Männer,20 bis 24 Jahre,B9999,unbestimmt (nur Pst),5,20,24
1235735,2022-09-30,702,Innsbruck,Männer,25 bis 29 Jahre,B9999,unbestimmt (nur Pst),3,25,29
1235767,2022-09-30,702,Innsbruck,Männer,30 bis 34 Jahre,B9999,unbestimmt (nur Pst),1,30,34
1235906,2022-09-30,704,Kitzbühel,Frauen,30 bis 34 Jahre,B9999,unbestimmt (nur Pst),1,30,34
1235988,2022-09-30,705,Kufstein,Frauen,bis 19 Jahre,B9999,unbestimmt (nur Pst),5,0,19
1236002,2022-09-30,705,Kufstein,Frauen,20 bis 24 Jahre,B9999,unbestimmt (nur Pst),2,20,24
1236075,2022-09-30,705,Kufstein,Frauen,45 bis 49 Jahre,B9999,unbestimmt (nur Pst),1,45,49
1236113,2022-09-30,705,Kufstein,Männer,bis 19 Jahre,B9999,unbestimmt (nur Pst),5,0,19
1236131,2022-09-30,705,Kufstein,Männer,20 bis 24 Jahre,B9999,unbestimmt (nur Pst),1,20,24
1236221,2022-09-30,706,Landeck,Frauen,20 bis 24 Jahre,B9999,unbestimmt (nur Pst),1,20,24
1236259,2022-09-30,706,Landeck,Männer,bis 19 Jahre,B9999,unbestimmt (nur Pst),1,0,19
1236295,2022-09-30,707,Lienz,Frauen,bis 19 Jahre,B9999,unbestimmt (nur Pst),6,0,19
1236329,2022-09-30,707,Lienz,Männer,bis 19 Jahre,B9999,unbestimmt (nur Pst),1,0,19
1236425,2022-09-30,709,Schwaz,Frauen,bis 19 Jahre,B9999,unbestimmt (nur Pst),1,0,19
1236434,2022-09-30,709,Schwaz,Frauen,20 bis 24 Jahre,B9999,unbestimmt (nur Pst),2,20,24
1236448,2022-09-30,709,Schwaz,Frauen,25 bis 29 Jahre,B9999,unbestimmt (nur Pst),1,25,29
1236471,2022-09-30,709,Schwaz,Frauen,35 bis 39 Jahre,B9999,unbestimmt (nur Pst),1,35,39
1236517,2022-09-30,709,Schwaz,Männer,20 bis 24 Jahre,B9999,unbestimmt (nur Pst),1,20,24
1236530,2022-09-30,709,Schwaz,Männer,25 bis 29 Jahre,B9999,unbestimmt (nur Pst),1,25,29
1236554,2022-09-30,709,Schwaz,Männer,40 bis 44 Jahre,B9999,unbestimmt (nur Pst),1,40,44
1236610,2022-09-30,801,Bludenz,Frauen,20 bis 24 Jahre,B9999,unbestimmt (nur Pst),1,20,24
1236629,2022-09-30,801,Bludenz,Frauen,25 bis 29 Jahre,B9999,unbestimmt (nur Pst),2,25,29
1236687,2022-09-30,801,Bludenz,Frauen,50 bis 54 Jahre,B9999,unbestimmt (nur Pst),1,50,54
1236708,2022-09-30,801,Bludenz,Männer,bis 19 Jahre,B9999,unbestimmt (nur Pst),1,0,19
1236727,2022-09-30,801,Bludenz,Männer,20 bis 24 Jahre,B9999,unbestimmt (nur Pst),2,20,24
1236741,2022-09-30,801,Bludenz,Männer,25 bis 29 Jahre,B9999,unbestimmt (nur Pst),1,25,29
1236808,2022-09-30,802,Bregenz,Frauen,bis 19 Jahre,B9999,unbestimmt (nur Pst),3,0,19
1236833,2022-09-30,802,Bregenz,Frauen,20 bis 24 Jahre,B9999,unbestimmt (nur Pst),1,20,24
1236922,2022-09-30,802,Bregenz,Frauen,40 bis 44 Jahre,B9999,unbestimmt (nur Pst),1,40,44
1236942,2022-09-30,802,Bregenz,Frauen,45 bis 49 Jahre,B9999,unbestimmt (nur Pst),1,45,49
1237080,2022-09-30,802,Bregenz,Männer,35 bis 39 Jahre,B9999,unbestimmt (nur Pst),2,35,39
1237124,2022-09-30,804,Dornbirn,Frauen,bis 19 Jahre,B9999,unbestimmt (nur Pst),2,0,19
1237160,2022-09-30,804,Dornbirn,Frauen,20 bis 24 Jahre,B9999,unbestimmt (nur Pst),6,20,24
1237308,2022-09-30,804,Dornbirn,Männer,bis 19 Jahre,B9999,unbestimmt (nur Pst),1,0,19
1237367,2022-09-30,804,Dornbirn,Männer,25 bis 29 Jahre,B9999,unbestimmt (nur Pst),1,25,29
1237458,2022-09-30,805,Feldkirch,Frauen,bis 19 Jahre,B9999,unbestimmt (nur Pst),3,0,19
1237489,2022-09-30,805,Feldkirch,Frauen,20 bis 24 Jahre,B9999,unbestimmt (nur Pst),10,20,24
1237507,2022-09-30,805,Feldkirch,Frauen,25 bis 29 Jahre,B9999,unbestimmt (nur Pst),4,25,29
1237537,2022-09-30,805,Feldkirch,Frauen,30 bis 34 Jahre,B9999,unbestimmt (nur Pst),1,30,34
1237560,2022-09-30,805,Feldkirch,Frauen,35 bis 39 Jahre,B9999,unbestimmt (nur Pst),1,35,39
1237575,2022-09-30,805,Feldkirch,Frauen,40 bis 44 Jahre,B9999,unbestimmt (nur Pst),1,40,44
1237593,2022-09-30,805,Feldkirch,Frauen,45 bis 49 Jahre,B9999,unbestimmt (nur Pst),2,45,49
1237637,2022-09-30,805,Feldkirch,Männer,bis 19 Jahre,B9999,unbestimmt (nur Pst),10,0,19
1237669,2022-09-30,805,Feldkirch,Männer,20 bis 24 Jahre,B9999,unbestimmt (nur Pst),3,20,24
1237700,2022-09-30,805,Feldkirch,Männer,25 bis 29 Jahre,B9999,unbestimmt (nur Pst),2,25,29
1237732,2022-09-30,805,Feldkirch,Männer,35 bis 39 Jahre,B9999,unbestimmt (nur Pst),2,35,39
1237760,2022-09-30,805,Feldkirch,Männer,45 bis 49 Jahre,B9999,unbestimmt (nur Pst),1,45,49
1237775,2022-09-30,805,Feldkirch,Männer,50 bis 54 Jahre,B9999,unbestimmt (nur Pst),1,50,54
1238297,2022-09-30,959,Wien Hauffgasse,Frauen,25 bis 29 Jahre,B9999,unbestimmt (nur Pst),1,25,29
1238447,2022-09-30,959,Wien Hauffgasse,Frauen,45 bis 49 Jahre,B9999,unbestimmt (nur Pst),1,45,49
1238656,2022-09-30,959,Wien Hauffgasse,Männer,35 bis 39 Jahre,B9999,unbestimmt (nur Pst),1,35,39
1239199,2022-09-30,960,Wien Esteplatz,Männer,40 bis 44 Jahre,B9999,unbestimmt (nur Pst),1,40,44
1239801,2022-09-30,962,Wien Redergasse,Männer,40 bis 44 Jahre,B9999,unbestimmt (nur Pst),1,40,44
1240000,2022-09-30,963,Wien Währinger Gürtel,Frauen,30 bis 34 Jahre,B9999,unbestimmt (nur Pst),1,30,34
1240069,2022-09-30,963,Wien Währinger Gürtel,Frauen,40 bis 44 Jahre,B9999,unbestimmt (nur Pst),2,40,44
1240096,2022-09-30,963,Wien Währinger Gürtel,Frauen,45 bis 49 Jahre,B9999,unbestimmt (nur Pst),1,45,49
1240232,2022-09-30,963,Wien Währinger Gürtel,Männer,30 bis 34 Jahre,B9999,unbestimmt (nur Pst),1,30,34
1240511,2022-09-30,964,Wien Favoritenstraße,Frauen,30 bis 34 Jahre,B9999,unbestimmt (nur Pst),1,30,34
1241429,2022-09-30,965,Wien Schönbrunner Straße,Frauen,35 bis 39 Jahre,B9999,unbestimmt (nur Pst),1,35,39
1241482,2022-09-30,965,Wien Schönbrunner Straße,Frauen,40 bis 44 Jahre,B9999,unbestimmt (nur Pst),1,40,44
1242638,2022-09-30,967,Wien Huttengasse,Frauen,25 bis 29 Jahre,B9999,unbestimmt (nur Pst),1,25,29
1242852,2022-09-30,967,Wien Huttengasse,Frauen,45 bis 49 Jahre,B9999,unbestimmt (nur Pst),1,45,49
1243000,2022-09-30,967,Wien Huttengasse,Männer,25 bis 29 Jahre,B9999,unbestimmt (nur Pst),1,25,29
1243404,2022-09-30,968,Wien Schloßhofer Straße,Frauen,25 bis 29 Jahre,B9999,unbestimmt (nur Pst),1,25,29
1243454,2022-09-30,968,Wien Schloßhofer Straße,Frauen,30 bis 34 Jahre,B9999,unbestimmt (nur Pst),1,30,34
1243547,2022-09-30,968,Wien Schloßhofer Straße,Frauen,40 bis 44 Jahre,B9999,unbestimmt (nur Pst),2,40,44
1243613,2022-09-30,968,Wien Schloßhofer Straße,Frauen,50 bis 54 Jahre,B9999,unbestimmt (nur Pst),1,50,54
1243731,2022-09-30,968,Wien Schloßhofer Straße,Männer,30 bis 34 Jahre,B9999,unbestimmt (nur Pst),1,30,34
1244757,2022-09-30,974,Wien Austria Campus,Frauen,35 bis 39 Jahre,B9999,unbestimmt (nur Pst),1,35,39
1244853,2022-09-30,974,Wien Austria Campus,Frauen,50 bis 54 Jahre,B9999,unbestimmt (nur Pst),1,50,54
1244957,2022-09-30,974,Wien Austria Campus,Männer,30 bis 34 Jahre,B9999,unbestimmt (nur Pst),1,30,34
1245682,2022-09-30,976,Wien Jugendliche I,Frauen,bis 19 Jahre,B9999,unbestimmt (nur Pst),16,0,19
1245770,2022-09-30,976,Wien Jugendliche I,Frauen,20 bis 24 Jahre,B9999,unbestimmt (nur Pst),6,20,24
1245875,2022-09-30,976,Wien Jugendliche I,Männer,bis 19 Jahre,B9999,unbestimmt (nur Pst),11,0,19
1246011,2022-09-30,976,Wien Jugendliche I,Männer,20 bis 24 Jahre,B9999,unbestimmt (nur Pst),5,20,24
1246093,2022-09-30,977,Wien Jugendliche II,Frauen,bis 19 Jahre,B9999,unbestimmt (nur Pst),12,0,19
1246196,2022-09-30,977,Wien Jugendliche II,Frauen,20 bis 24 Jahre,B9999,unbestimmt (nur Pst),7,20,24
1246304,2022-09-30,977,Wien Jugendliche II,Männer,bis 19 Jahre,B9999,unbestimmt (nur Pst),14,0,19
1246432,2022-09-30,977,Wien Jugendliche II,Männer,20 bis 24 Jahre,B9999,unbestimmt (nur Pst),2,20,24
1246491,2022-10-31,101,Eisenstadt,Frauen,bis 19 Jahre,B9999,unbestimmt (nur Pst),1,0,19
1246505,2022-10-31,101,Eisenstadt,Frauen,20 bis 24 Jahre,B9999,unbestimmt (nur Pst),1,20,24
1246595,2022-10-31,101,Eisenstadt,Männer,bis 19 Jahre,B9999,unbestimmt (nur Pst),1,0,19
1246677,2022-10-31,102,Mattersburg,Frauen,bis 19 Jahre,B9999,unbestimmt (nur Pst),9,0,19
1246688,2022-10-31,102,Mattersburg,Frauen,20 bis 24 Jahre,B9999,unbestimmt (nur Pst),1,20,24
1246731,2022-10-31,102,Mattersburg,Frauen,45 bis 49 Jahre,B9999,unbestimmt (nur Pst),2,45,49
1246757,2022-10-31,102,Mattersburg,Männer,bis 19 Jahre,B9999,unbestimmt (nur Pst),3,0,19
1246769,2022-10-31,102,Mattersburg,Männer,20 bis 24 Jahre,B9999,unbestimmt (nur Pst),1,20,24
1246896,2022-10-31,103,Neusiedl am See,Männer,bis 19 Jahre,B9999,unbestimmt (nur Pst),1,0,19
1246930,2022-10-31,103,Neusiedl am See,Männer,40 bis 44 Jahre,B9999,unbestimmt (nur Pst),1,40,44
1247072,2022-10-31,105,Oberwart,Frauen,bis 19 Jahre,B9999,unbestimmt (nur Pst),1,0,19
1247090,2022-10-31,105,Oberwart,Frauen,20 bis 24 Jahre,B9999,unbestimmt (nur Pst),1,20,24
1247214,2022-10-31,105,Oberwart,Männer,bis 19 Jahre,B9999,unbestimmt (nur Pst),1,0,19
1247315,2022-10-31,106,Stegersbach,Frauen,bis 19 Jahre,B9999,unbestimmt (nur Pst),1,0,19
1247575,2022-10-31,201,Feldkirchen,Frauen,30 bis 34 Jahre,B9999,unbestimmt (nur Pst),1,30,34
1247591,2022-10-31,201,Feldkirchen,Frauen,40 bis 44 Jahre,B9999,unbestimmt (nur Pst),1,40,44
1247674,2022-10-31,203,Klagenfurt,Frauen,bis 19 Jahre,B9999,unbestimmt (nur Pst),1,0,19
1247747,2022-10-31,203,Klagenfurt,Frauen,30 bis 34 Jahre,B9999,unbestimmt (nur Pst),1,30,34
1247894,2022-10-31,203,Klagenfurt,Männer,bis 19 Jahre,B9999,unbestimmt (nur Pst),5,0,19
1247940,2022-10-31,203,Klagenfurt,Männer,25 bis 29 Jahre,B9999,unbestimmt (nur Pst),1,25,29
1248007,2022-10-31,203,Klagenfurt,Männer,45 bis 49 Jahre,B9999,unbestimmt (nur Pst),2,45,49
1248058,2022-10-31,204,Spittal/Drau,Frauen,bis 19 Jahre,B9999,unbestimmt (nur Pst),2,0,19
1248072,2022-10-31,204,Spittal/Drau,Frauen,20 bis 24 Jahre,B9999,unbestimmt (nur Pst),1,20,24
1248154,2022-10-31,204,Spittal/Drau,Männer,bis 19 Jahre,B9999,unbestimmt (nur Pst),1,0,19
1248266,2022-10-31,205,St. Veit/Glan,Frauen,35 bis 39 Jahre,B9999,unbestimmt (nur Pst),1,35,39
1248400,2022-10-31,206,Villach,Frauen,20 bis 24 Jahre,B9999,unbestimmt (nur Pst),1,20,24
1248474,2022-10-31,206,Villach,Frauen,35 bis 39 Jahre,B9999,unbestimmt (nur Pst),2,35,39
1248659,2022-10-31,206,Villach,Männer,40 bis 44 Jahre,B9999,unbestimmt (nur Pst),1,40,44
1248729,2022-10-31,207,Völkermarkt,Frauen,25 bis 29 Jahre,B9999,unbestimmt (nur Pst),1,25,29
1248753,2022-10-31,207,Völkermarkt,Frauen,40 bis 44 Jahre,B9999,unbestimmt (nur Pst),3,40,44
1248791,2022-10-31,207,Völkermarkt,Männer,20 bis 24 Jahre,B9999,unbestimmt (nur Pst),1,20,24
1248801,2022-10-31,207,Völkermarkt,Männer,30 bis 34 Jahre,B9999,unbestimmt (nur Pst),1,30,34
1248840,2022-10-31,208,Wolfsberg,Frauen,bis 19 Jahre,B9999,unbestimmt (nur Pst),1,0,19
1248932,2022-10-31,208,Wolfsberg,Männer,bis 19 Jahre,B9999,unbestimmt (nur Pst),3,0,19
1249017,2022-10-31,301,Amstetten,Frauen,bis 19 Jahre,B9999,unbestimmt (nur Pst),6,0,19
1249061,2022-10-31,301,Amstetten,Frauen,25 bis 29 Jahre,B9999,unbestimmt (nur Pst),2,25,29
1249171,2022-10-31,301,Amstetten,Männer,bis 19 Jahre,B9999,unbestimmt (nur Pst),6,0,19
1249323,2022-10-31,304,Baden neu,Frauen,bis 19 Jahre,B9999,unbestimmt (nur Pst),2,0,19
1249350,2022-10-31,304,Baden neu,Frauen,20 bis 24 Jahre,B9999,unbestimmt (nur Pst),2,20,24
1249392,2022-10-31,304,Baden neu,Frauen,30 bis 34 Jahre,B9999,unbestimmt (nur Pst),1,30,34
1249528,2022-10-31,304,Baden neu,Männer,bis 19 Jahre,B9999,unbestimmt (nur Pst),3,0,19
1249571,2022-10-31,304,Baden neu,Männer,20 bis 24 Jahre,B9999,unbestimmt (nur Pst),2,20,24
1249719,2022-10-31,306,Bruck/Leitha,Frauen,bis 19 Jahre,B9999,unbestimmt (nur Pst),2,0,19
1249735,2022-10-31,306,Bruck/Leitha,Frauen,20 bis 24 Jahre,B9999,unbestimmt (nur Pst),1,20,24
1249746,2022-10-31,306,Bruck/Leitha,Frauen,25 bis 29 Jahre,B9999,unbestimmt (nur Pst),1,25,29
1249834,2022-10-31,306,Bruck/Leitha,Männer,bis 19 Jahre,B9999,unbestimmt (nur Pst),1,0,19
1249851,2022-10-31,306,Bruck/Leitha,Männer,20 bis 24 Jahre,B9999,unbestimmt (nur Pst),2,20,24
1249918,2022-10-31,308,Gänserndorf,Frauen,bis 19 Jahre,B9999,unbestimmt (nur Pst),1,0,19
1249947,2022-10-31,308,Gänserndorf,Frauen,20 bis 24 Jahre,B9999,unbestimmt (nur Pst),3,20,24
1249964,2022-10-31,308,Gänserndorf,Frauen,25 bis 29 Jahre,B9999,unbestimmt (nur Pst),1,25,29
1250108,2022-10-31,308,Gänserndorf,Männer,bis 19 Jahre,B9999,unbestimmt (nur Pst),5,0,19
1250247,2022-10-31,311,Gmünd,Frauen,bis 19 Jahre,B9999,unbestimmt (nur Pst),1,0,19
1250305,2022-10-31,311,Gmünd,Frauen,55 bis 59 Jahre,B9999,unbestimmt (nur Pst),1,55,59
1250322,2022-10-31,311,Gmünd,Männer,bis 19 Jahre,B9999,unbestimmt (nur Pst),5,0,19
1250374,2022-10-31,312,Hollabrunn,Frauen,bis 19 Jahre,B9999,unbestimmt (nur Pst),4,0,19
1250391,2022-10-31,312,Hollabrunn,Frauen,20 bis 24 Jahre,B9999,unbestimmt (nur Pst),1,20,24
1250428,2022-10-31,312,Hollabrunn,Frauen,35 bis 39 Jahre,B9999,unbestimmt (nur Pst),1,35,39
1250473,2022-10-31,312,Hollabrunn,Männer,bis 19 Jahre,B9999,unbestimmt (nur Pst),3,0,19
1250509,2022-10-31,312,Hollabrunn,Männer,30 bis 34 Jahre,B9999,unbestimmt (nur Pst),1,30,34
1250529,2022-10-31,312,Hollabrunn,Männer,55 bis 59 Jahre,B9999,unbestimmt (nur Pst),1,55,59
1250539,2022-10-31,313,Horn,Frauen,bis 19 Jahre,B9999,unbestimmt (nur Pst),2,0,19
1250548,2022-10-31,313,Horn,Frauen,20 bis 24 Jahre,B9999,unbestimmt (nur Pst),1,20,24
1250585,2022-10-31,313,Horn,Männer,20 bis 24 Jahre,B9999,unbestimmt (nur Pst),1,20,24
1250621,2022-10-31,314,Korneuburg,Frauen,bis 19 Jahre,B9999,unbestimmt (nur Pst),2,0,19
1250644,2022-10-31,314,Korneuburg,Frauen,20 bis 24 Jahre,B9999,unbestimmt (nur Pst),1,20,24
1250661,2022-10-31,314,Korneuburg,Frauen,25 bis 29 Jahre,B9999,unbestimmt (nur Pst),1,25,29
1250698,2022-10-31,314,Korneuburg,Frauen,35 bis 39 Jahre,B9999,unbestimmt (nur Pst),1,35,39
1250782,2022-10-31,314,Korneuburg,Männer,bis 19 Jahre,B9999,unbestimmt (nur Pst),6,0,19
1250809,2022-10-31,314,Korneuburg,Männer,20 bis 24 Jahre,B9999,unbestimmt (nur Pst),1,20,24
1250902,2022-10-31,315,Krems,Frauen,bis 19 Jahre,B9999,unbestimmt (nur Pst),4,0,19
1250924,2022-10-31,315,Krems,Frauen,20 bis 24 Jahre,B9999,unbestimmt (nur Pst),1,20,24
1250976,2022-10-31,315,Krems,Frauen,35 bis 39 Jahre,B9999,unbestimmt (nur Pst),4,35,39
1251012,2022-10-31,315,Krems,Frauen,45 bis 49 Jahre,B9999,unbestimmt (nur Pst),2,45,49
1251050,2022-10-31,315,Krems,Männer,bis 19 Jahre,B9999,unbestimmt (nur Pst),1,0,19
1251154,2022-10-31,316,Lilienfeld,Frauen,bis 19 Jahre,B9999,unbestimmt (nur Pst),2,0,19
1251167,2022-10-31,316,Lilienfeld,Frauen,20 bis 24 Jahre,B9999,unbestimmt (nur Pst),1,20,24
1251184,2022-10-31,316,Lilienfeld,Frauen,30 bis 34 Jahre,B9999,unbestimmt (nur Pst),2,30,34
1251200,2022-10-31,316,Lilienfeld,Frauen,40 bis 44 Jahre,B9999,unbestimmt (nur Pst),2,40,44
1251206,2022-10-31,316,Lilienfeld,Frauen,45 bis 49 Jahre,B9999,unbestimmt (nur Pst),1,45,49
1251222,2022-10-31,316,Lilienfeld,Männer,bis 19 Jahre,B9999,unbestimmt (nur Pst),10,0,19
1251236,2022-10-31,316,Lilienfeld,Männer,30 bis 34 Jahre,B9999,unbestimmt (nur Pst),1,30,34
1251249,2022-10-31,316,Lilienfeld,Männer,40 bis 44 Jahre,B9999,unbestimmt (nur Pst),1,40,44
1251276,2022-10-31,317,Melk,Frauen,bis 19 Jahre,B9999,unbestimmt (nur Pst),3,0,19
1251290,2022-10-31,317,Melk,Frauen,20 bis 24 Jahre,B9999,unbestimmt (nur Pst),1,20,24
1251392,2022-10-31,317,Melk,Männer,bis 19 Jahre,B9999,unbestimmt (nur Pst),1,0,19
1251676,2022-10-31,321,Mödling,Frauen,bis 19 Jahre,B9999,unbestimmt (nur Pst),2,0,19
1251695,2022-10-31,321,Mödling,Frauen,20 bis 24 Jahre,B9999,unbestimmt (nur Pst),1,20,24
1251713,2022-10-31,321,Mödling,Frauen,25 bis 29 Jahre,B9999,unbestimmt (nur Pst),1,25,29
1251844,2022-10-31,321,Mödling,Männer,bis 19 Jahre,B9999,unbestimmt (nur Pst),11,0,19
1251997,2022-10-31,323,Neunkirchen,Frauen,bis 19 Jahre,B9999,unbestimmt (nur Pst),4,0,19
1252135,2022-10-31,323,Neunkirchen,Männer,bis 19 Jahre,B9999,unbestimmt (nur Pst),1,0,19
1252287,2022-10-31,326,St. Pölten,Frauen,bis 19 Jahre,B9999,unbestimmt (nur Pst),16,0,19
1252323,2022-10-31,326,St. Pölten,Frauen,20 bis 24 Jahre,B9999,unbestimmt (nur Pst),5,20,24
1252362,2022-10-31,326,St. Pölten,Frauen,25 bis 29 Jahre,B9999,unbestimmt (nur Pst),2,25,29
1252401,2022-10-31,326,St. Pölten,Frauen,30 bis 34 Jahre,B9999,unbestimmt (nur Pst),2,30,34
1252447,2022-10-31,326,St. Pölten,Frauen,35 bis 39 Jahre,B9999,unbestimmt (nur Pst),2,35,39
1252488,2022-10-31,326,St. Pölten,Frauen,40 bis 44 Jahre,B9999,unbestimmt (nur Pst),2,40,44
1252516,2022-10-31,326,St. Pölten,Frauen,45 bis 49 Jahre,B9999,unbestimmt (nur Pst),2,45,49
1252538,2022-10-31,326,St. Pölten,Frauen,50 bis 54 Jahre,B9999,unbestimmt (nur Pst),1,50,54
1252593,2022-10-31,326,St. Pölten,Männer,bis 19 Jahre,B9999,unbestimmt (nur Pst),17,0,19
1252633,2022-10-31,326,St. Pölten,Männer,20 bis 24 Jahre,B9999,unbestimmt (nur Pst),6,20,24
1252662,2022-10-31,326,St. Pölten,Männer,25 bis 29 Jahre,B9999,unbestimmt (nur Pst),2,25,29
1252719,2022-10-31,326,St. Pölten,Männer,35 bis 39 Jahre,B9999,unbestimmt (nur Pst),1,35,39
1252749,2022-10-31,326,St. Pölten,Männer,40 bis 44 Jahre,B9999,unbestimmt (nur Pst),2,40,44
1252794,2022-10-31,326,St. Pölten,Männer,50 bis 54 Jahre,B9999,unbestimmt (nur Pst),1,50,54
1252823,2022-10-31,328,Scheibbs,Frauen,bis 19 Jahre,B9999,unbestimmt (nur Pst),1,0,19
1252834,2022-10-31,328,Scheibbs,Frauen,20 bis 24 Jahre,B9999,unbestimmt (nur Pst),1,20,24
1252885,2022-10-31,328,Scheibbs,Männer,bis 19 Jahre,B9999,unbestimmt (nur Pst),3,0,19
1252951,2022-10-31,329,Schwechat,Frauen,bis 19 Jahre,B9999,unbestimmt (nur Pst),2,0,19
1252969,2022-10-31,329,Schwechat,Frauen,20 bis 24 Jahre,B9999,unbestimmt (nur Pst),1,20,24
1253076,2022-10-31,329,Schwechat,Männer,bis 19 Jahre,B9999,unbestimmt (nur Pst),5,0,19
1253147,2022-10-31,329,Schwechat,Männer,40 bis 44 Jahre,B9999,unbestimmt (nur Pst),1,40,44
1253191,2022-10-31,331,Tulln,Frauen,bis 19 Jahre,B9999,unbestimmt (nur Pst),8,0,19
1253209,2022-10-31,331,Tulln,Frauen,20 bis 24 Jahre,B9999,unbestimmt (nur Pst),3,20,24
1253305,2022-10-31,331,Tulln,Frauen,50 bis 54 Jahre,B9999,unbestimmt (nur Pst),1,50,54
1253326,2022-10-31,331,Tulln,Männer,bis 19 Jahre,B9999,unbestimmt (nur Pst),6,0,19
1253347,2022-10-31,331,Tulln,Männer,20 bis 24 Jahre,B9999,unbestimmt (nur Pst),1,20,24
1253437,2022-10-31,332,Waidhofen/Thaya,Frauen,bis 19 Jahre,B9999,unbestimmt (nur Pst),1,0,19
1253503,2022-10-31,332,Waidhofen/Thaya,Männer,bis 19 Jahre,B9999,unbestimmt (nur Pst),2,0,19
1253512,2022-10-31,332,Waidhofen/Thaya,Männer,20 bis 24 Jahre,B9999,unbestimmt (nur Pst),2,20,24
1253541,2022-10-31,333,Waidhofen/Ybbs,Frauen,bis 19 Jahre,B9999,unbestimmt (nur Pst),1,0,19
1253587,2022-10-31,333,Waidhofen/Ybbs,Männer,bis 19 Jahre,B9999,unbestimmt (nur Pst),1,0,19
1253592,2022-10-31,333,Waidhofen/Ybbs,Männer,20 bis 24 Jahre,B9999,unbestimmt (nur Pst),1,20,24
1253635,2022-10-31,334,Wr. Neustadt,Frauen,bis 19 Jahre,B9999,unbestimmt (nur Pst),2,0,19
1253668,2022-10-31,334,Wr. Neustadt,Frauen,20 bis 24 Jahre,B9999,unbestimmt (nur Pst),1,20,24
1253719,2022-10-31,334,Wr. Neustadt,Frauen,30 bis 34 Jahre,B9999,unbestimmt (nur Pst),1,30,34
1253861,2022-10-31,334,Wr. Neustadt,Männer,bis 19 Jahre,B9999,unbestimmt (nur Pst),4,0,19
1254122,2022-10-31,335,Zwettl,Männer,30 bis 34 Jahre,B9999,unbestimmt (nur Pst),1,30,34
1254157,2022-10-31,401,Braunau,Frauen,bis 19 Jahre,B9999,unbestimmt (nur Pst),12,0,19
1254186,2022-10-31,401,Braunau,Frauen,20 bis 24 Jahre,B9999,unbestimmt (nur Pst),6,20,24
1254210,2022-10-31,401,Braunau,Frauen,25 bis 29 Jahre,B9999,unbestimmt (nur Pst),2,25,29
1254231,2022-10-31,401,Braunau,Frauen,30 bis 34 Jahre,B9999,unbestimmt (nur Pst),7,30,34
1254254,2022-10-31,401,Braunau,Frauen,35 bis 39 Jahre,B9999,unbestimmt (nur Pst),2,35,39
1254279,2022-10-31,401,Braunau,Frauen,40 bis 44 Jahre,B9999,unbestimmt (nur Pst),2,40,44
1254300,2022-10-31,401,Braunau,Frauen,45 bis 49 Jahre,B9999,unbestimmt (nur Pst),2,45,49
1254316,2022-10-31,401,Braunau,Frauen,50 bis 54 Jahre,B9999,unbestimmt (nur Pst),2,50,54
1254327,2022-10-31,401,Braunau,Frauen,55 bis 59 Jahre,B9999,unbestimmt (nur Pst),2,55,59
1254352,2022-10-31,401,Braunau,Männer,bis 19 Jahre,B9999,unbestimmt (nur Pst),21,0,19
1254381,2022-10-31,401,Braunau,Männer,20 bis 24 Jahre,B9999,unbestimmt (nur Pst),4,20,24
1254397,2022-10-31,401,Braunau,Männer,25 bis 29 Jahre,B9999,unbestimmt (nur Pst),3,25,29
1254418,2022-10-31,401,Braunau,Männer,30 bis 34 Jahre,B9999,unbestimmt (nur Pst),1,30,34
1254450,2022-10-31,401,Braunau,Männer,40 bis 44 Jahre,B9999,unbestimmt (nur Pst),1,40,44
1254467,2022-10-31,401,Braunau,Männer,45 bis 49 Jahre,B9999,unbestimmt (nur Pst),2,45,49
1254498,2022-10-31,401,Braunau,Männer,60 bis 64 Jahre,B9999,unbestimmt (nur Pst),1,60,64
1254511,2022-10-31,402,Eferding,Frauen,20 bis 24 Jahre,B9999,unbestimmt (nur Pst),1,20,24
1254518,2022-10-31,402,Eferding,Frauen,25 bis 29 Jahre,B9999,unbestimmt (nur Pst),1,25,29
1254532,2022-10-31,402,Eferding,Frauen,30 bis 34 Jahre,B9999,unbestimmt (nur Pst),2,30,34
1254548,2022-10-31,402,Eferding,Frauen,40 bis 44 Jahre,B9999,unbestimmt (nur Pst),2,40,44
1254553,2022-10-31,402,Eferding,Frauen,45 bis 49 Jahre,B9999,unbestimmt (nur Pst),1,45,49
1254562,2022-10-31,402,Eferding,Frauen,55 bis 59 Jahre,B9999,unbestimmt (nur Pst),1,55,59
1254587,2022-10-31,402,Eferding,Männer,20 bis 24 Jahre,B9999,unbestimmt (nur Pst),1,20,24
1254600,2022-10-31,402,Eferding,Männer,35 bis 39 Jahre,B9999,unbestimmt (nur Pst),1,35,39
1254640,2022-10-31,403,Freistadt,Frauen,bis 19 Jahre,B9999,unbestimmt (nur Pst),2,0,19
1254661,2022-10-31,403,Freistadt,Frauen,20 bis 24 Jahre,B9999,unbestimmt (nur Pst),2,20,24
1254674,2022-10-31,403,Freistadt,Frauen,25 bis 29 Jahre,B9999,unbestimmt (nur Pst),1,25,29
1254802,2022-10-31,403,Freistadt,Männer,25 bis 29 Jahre,B9999,unbestimmt (nur Pst),1,25,29
1254881,2022-10-31,404,Gmunden,Frauen,bis 19 Jahre,B9999,unbestimmt (nur Pst),1,0,19
1254975,2022-10-31,404,Gmunden,Frauen,35 bis 39 Jahre,B9999,unbestimmt (nur Pst),1,35,39
1255037,2022-10-31,404,Gmunden,Frauen,50 bis 54 Jahre,B9999,unbestimmt (nur Pst),1,50,54
1255080,2022-10-31,404,Gmunden,Männer,bis 19 Jahre,B9999,unbestimmt (nur Pst),3,0,19
1255107,2022-10-31,404,Gmunden,Männer,20 bis 24 Jahre,B9999,unbestimmt (nur Pst),1,20,24
1255230,2022-10-31,406,Grieskirchen,Frauen,bis 19 Jahre,B9999,unbestimmt (nur Pst),3,0,19
1255247,2022-10-31,406,Grieskirchen,Frauen,20 bis 24 Jahre,B9999,unbestimmt (nur Pst),1,20,24
1255260,2022-10-31,406,Grieskirchen,Frauen,25 bis 29 Jahre,B9999,unbestimmt (nur Pst),1,25,29
1255306,2022-10-31,406,Grieskirchen,Frauen,40 bis 44 Jahre,B9999,unbestimmt (nur Pst),1,40,44
1255316,2022-10-31,406,Grieskirchen,Frauen,45 bis 49 Jahre,B9999,unbestimmt (nur Pst),1,45,49
1255329,2022-10-31,406,Grieskirchen,Frauen,50 bis 54 Jahre,B9999,unbestimmt (nur Pst),1,50,54
1255347,2022-10-31,406,Grieskirchen,Männer,bis 19 Jahre,B9999,unbestimmt (nur Pst),3,0,19
1255418,2022-10-31,407,Kirchdorf/Krems,Frauen,bis 19 Jahre,B9999,unbestimmt (nur Pst),4,0,19
1255437,2022-10-31,407,Kirchdorf/Krems,Frauen,20 bis 24 Jahre,B9999,unbestimmt (nur Pst),2,20,24
1255480,2022-10-31,407,Kirchdorf/Krems,Frauen,35 bis 39 Jahre,B9999,unbestimmt (nur Pst),1,35,39
1255538,2022-10-31,407,Kirchdorf/Krems,Männer,bis 19 Jahre,B9999,unbestimmt (nur Pst),3,0,19
1255591,2022-10-31,407,Kirchdorf/Krems,Männer,30 bis 34 Jahre,B9999,unbestimmt (nur Pst),1,30,34
1255668,2022-10-31,409,Linz neu,Frauen,bis 19 Jahre,B9999,unbestimmt (nur Pst),41,0,19
1255714,2022-10-31,409,Linz neu,Frauen,20 bis 24 Jahre,B9999,unbestimmt (nur Pst),29,20,24
1255760,2022-10-31,409,Linz neu,Frauen,25 bis 29 Jahre,B9999,unbestimmt (nur Pst),6,25,29
1255805,2022-10-31,409,Linz neu,Frauen,30 bis 34 Jahre,B9999,unbestimmt (nur Pst),4,30,34
1255852,2022-10-31,409,Linz neu,Frauen,35 bis 39 Jahre,B9999,unbestimmt (nur Pst),2,35,39
1255896,2022-10-31,409,Linz neu,Frauen,40 bis 44 Jahre,B9999,unbestimmt (nur Pst),3,40,44
1255935,2022-10-31,409,Linz neu,Frauen,45 bis 49 Jahre,B9999,unbestimmt (nur Pst),3,45,49
1255992,2022-10-31,409,Linz neu,Frauen,55 bis 59 Jahre,B9999,unbestimmt (nur Pst),1,55,59
1256031,2022-10-31,409,Linz neu,Männer,bis 19 Jahre,B9999,unbestimmt (nur Pst),38,0,19
1256088,2022-10-31,409,Linz neu,Männer,20 bis 24 Jahre,B9999,unbestimmt (nur Pst),24,20,24
1256149,2022-10-31,409,Linz neu,Männer,25 bis 29 Jahre,B9999,unbestimmt (nur Pst),2,25,29
1256205,2022-10-31,409,Linz neu,Männer,30 bis 34 Jahre,B9999,unbestimmt (nur Pst),2,30,34
1256248,2022-10-31,409,Linz neu,Männer,35 bis 39 Jahre,B9999,unbestimmt (nur Pst),2,35,39
1256291,2022-10-31,409,Linz neu,Männer,40 bis 44 Jahre,B9999,unbestimmt (nur Pst),3,40,44
1256324,2022-10-31,409,Linz neu,Männer,45 bis 49 Jahre,B9999,unbestimmt (nur Pst),1,45,49
1256379,2022-10-31,409,Linz neu,Männer,60 bis 64 Jahre,B9999,unbestimmt (nur Pst),1,60,64
1256394,2022-10-31,411,Perg,Frauen,bis 19 Jahre,B9999,unbestimmt (nur Pst),1,0,19
1256409,2022-10-31,411,Perg,Frauen,20 bis 24 Jahre,B9999,unbestimmt (nur Pst),1,20,24
1256529,2022-10-31,411,Perg,Männer,20 bis 24 Jahre,B9999,unbestimmt (nur Pst),2,20,24
1256625,2022-10-31,412,Ried im Innkreis,Frauen,bis 19 Jahre,B9999,unbestimmt (nur Pst),9,0,19
1256642,2022-10-31,412,Ried im Innkreis,Frauen,20 bis 24 Jahre,B9999,unbestimmt (nur Pst),2,20,24
1256656,2022-10-31,412,Ried im Innkreis,Frauen,25 bis 29 Jahre,B9999,unbestimmt (nur Pst),3,25,29
1256672,2022-10-31,412,Ried im Innkreis,Frauen,30 bis 34 Jahre,B9999,unbestimmt (nur Pst),3,30,34
1256690,2022-10-31,412,Ried im Innkreis,Frauen,35 bis 39 Jahre,B9999,unbestimmt (nur Pst),2,35,39
1256702,2022-10-31,412,Ried im Innkreis,Frauen,40 bis 44 Jahre,B9999,unbestimmt (nur Pst),4,40,44
1256721,2022-10-31,412,Ried im Innkreis,Frauen,50 bis 54 Jahre,B9999,unbestimmt (nur Pst),2,50,54
1256732,2022-10-31,412,Ried im Innkreis,Frauen,55 bis 59 Jahre,B9999,unbestimmt (nur Pst),1,55,59
1256746,2022-10-31,412,Ried im Innkreis,Männer,bis 19 Jahre,B9999,unbestimmt (nur Pst),7,0,19
1256765,2022-10-31,412,Ried im Innkreis,Männer,20 bis 24 Jahre,B9999,unbestimmt (nur Pst),1,20,24
1256794,2022-10-31,412,Ried im Innkreis,Männer,30 bis 34 Jahre,B9999,unbestimmt (nur Pst),1,30,34
1256819,2022-10-31,412,Ried im Innkreis,Männer,45 bis 49 Jahre,B9999,unbestimmt (nur Pst),1,45,49
1256855,2022-10-31,413,Rohrbach,Frauen,20 bis 24 Jahre,B9999,unbestimmt (nur Pst),2,20,24
1256866,2022-10-31,413,Rohrbach,Frauen,25 bis 29 Jahre,B9999,unbestimmt (nur Pst),1,25,29
1256906,2022-10-31,413,Rohrbach,Frauen,45 bis 49 Jahre,B9999,unbestimmt (nur Pst),3,45,49
1256915,2022-10-31,413,Rohrbach,Frauen,50 bis 54 Jahre,B9999,unbestimmt (nur Pst),2,50,54
1256923,2022-10-31,413,Rohrbach,Frauen,55 bis 59 Jahre,B9999,unbestimmt (nur Pst),1,55,59
1256933,2022-10-31,413,Rohrbach,Männer,bis 19 Jahre,B9999,unbestimmt (nur Pst),1,0,19
1256965,2022-10-31,413,Rohrbach,Männer,40 bis 44 Jahre,B9999,unbestimmt (nur Pst),1,40,44
1256974,2022-10-31,413,Rohrbach,Männer,50 bis 54 Jahre,B9999,unbestimmt (nur Pst),1,50,54
1256996,2022-10-31,414,Schärding,Frauen,bis 19 Jahre,B9999,unbestimmt (nur Pst),4,0,19
1257050,2022-10-31,414,Schärding,Frauen,40 bis 44 Jahre,B9999,unbestimmt (nur Pst),1,40,44
1257064,2022-10-31,414,Schärding,Frauen,50 bis 54 Jahre,B9999,unbestimmt (nur Pst),1,50,54
1257120,2022-10-31,414,Schärding,Männer,35 bis 39 Jahre,B9999,unbestimmt (nur Pst),1,35,39
1257164,2022-10-31,415,Steyr,Frauen,bis 19 Jahre,B9999,unbestimmt (nur Pst),16,0,19
1257194,2022-10-31,415,Steyr,Frauen,20 bis 24 Jahre,B9999,unbestimmt (nur Pst),2,20,24
1257218,2022-10-31,415,Steyr,Frauen,25 bis 29 Jahre,B9999,unbestimmt (nur Pst),1,25,29
1257245,2022-10-31,415,Steyr,Frauen,30 bis 34 Jahre,B9999,unbestimmt (nur Pst),1,30,34
1257272,2022-10-31,415,Steyr,Frauen,35 bis 39 Jahre,B9999,unbestimmt (nur Pst),4,35,39
1257288,2022-10-31,415,Steyr,Frauen,40 bis 44 Jahre,B9999,unbestimmt (nur Pst),1,40,44
1257332,2022-10-31,415,Steyr,Frauen,55 bis 59 Jahre,B9999,unbestimmt (nur Pst),1,55,59
1257333,2022-10-31,415,Steyr,Frauen,60 bis 64 Jahre,B9999,unbestimmt (nur Pst),1,60,64
1257361,2022-10-31,415,Steyr,Männer,bis 19 Jahre,B9999,unbestimmt (nur Pst),13,0,19
1257389,2022-10-31,415,Steyr,Männer,20 bis 24 Jahre,B9999,unbestimmt (nur Pst),5,20,24
1257413,2022-10-31,415,Steyr,Männer,25 bis 29 Jahre,B9999,unbestimmt (nur Pst),4,25,29
1257442,2022-10-31,415,Steyr,Männer,30 bis 34 Jahre,B9999,unbestimmt (nur Pst),1,30,34
1257495,2022-10-31,415,Steyr,Männer,45 bis 49 Jahre,B9999,unbestimmt (nur Pst),1,45,49
1257508,2022-10-31,415,Steyr,Männer,50 bis 54 Jahre,B9999,unbestimmt (nur Pst),1,50,54
1257536,2022-10-31,418,Vöcklabruck,Frauen,bis 19 Jahre,B9999,unbestimmt (nur Pst),4,0,19
1257555,2022-10-31,418,Vöcklabruck,Frauen,20 bis 24 Jahre,B9999,unbestimmt (nur Pst),2,20,24
1257711,2022-10-31,418,Vöcklabruck,Männer,bis 19 Jahre,B9999,unbestimmt (nur Pst),4,0,19
1257739,2022-10-31,418,Vöcklabruck,Männer,20 bis 24 Jahre,B9999,unbestimmt (nur Pst),1,20,24
1257862,2022-10-31,418,Vöcklabruck,Männer,55 bis 59 Jahre,B9999,unbestimmt (nur Pst),1,55,59
1257921,2022-10-31,419,Wels,Frauen,20 bis 24 Jahre,B9999,unbestimmt (nur Pst),1,20,24
1258111,2022-10-31,419,Wels,Männer,bis 19 Jahre,B9999,unbestimmt (nur Pst),1,0,19
1258194,2022-10-31,419,Wels,Männer,30 bis 34 Jahre,B9999,unbestimmt (nur Pst),2,30,34
1258213,2022-10-31,419,Wels,Männer,35 bis 39 Jahre,B9999,unbestimmt (nur Pst),1,35,39
1258305,2022-10-31,421,Traun,Frauen,bis 19 Jahre,B9999,unbestimmt (nur Pst),7,0,19
1258418,2022-10-31,421,Traun,Frauen,35 bis 39 Jahre,B9999,unbestimmt (nur Pst),1,35,39
1258454,2022-10-31,421,Traun,Frauen,40 bis 44 Jahre,B9999,unbestimmt (nur Pst),1,40,44
1258558,2022-10-31,421,Traun,Männer,bis 19 Jahre,B9999,unbestimmt (nur Pst),2,0,19
1258616,2022-10-31,421,Traun,Männer,25 bis 29 Jahre,B9999,unbestimmt (nur Pst),1,25,29
1258671,2022-10-31,421,Traun,Männer,35 bis 39 Jahre,B9999,unbestimmt (nur Pst),1,35,39
1258701,2022-10-31,421,Traun,Männer,40 bis 44 Jahre,B9999,unbestimmt (nur Pst),2,40,44
1258736,2022-10-31,421,Traun,Männer,50 bis 54 Jahre,B9999,unbestimmt (nur Pst),1,50,54
1258765,2022-10-31,421,Traun,Männer,60 bis 64 Jahre,B9999,unbestimmt (nur Pst),1,60,64
1258797,2022-10-31,501,Bischofshofen,Frauen,20 bis 24 Jahre,B9999,unbestimmt (nur Pst),3,20,24
1258811,2022-10-31,501,Bischofshofen,Frauen,25 bis 29 Jahre,B9999,unbestimmt (nur Pst),1,25,29
1258867,2022-10-31,501,Bischofshofen,Frauen,40 bis 44 Jahre,B9999,unbestimmt (nur Pst),1,40,44
1258914,2022-10-31,501,Bischofshofen,Männer,bis 19 Jahre,B9999,unbestimmt (nur Pst),1,0,19
1258947,2022-10-31,501,Bischofshofen,Männer,25 bis 29 Jahre,B9999,unbestimmt (nur Pst),1,25,29
1258994,2022-10-31,503,Hallein,Frauen,bis 19 Jahre,B9999,unbestimmt (nur Pst),1,0,19
1259091,2022-10-31,503,Hallein,Männer,bis 19 Jahre,B9999,unbestimmt (nur Pst),3,0,19
1259172,2022-10-31,506,Zell am See,Frauen,bis 19 Jahre,B9999,unbestimmt (nur Pst),4,0,19
1259185,2022-10-31,506,Zell am See,Frauen,20 bis 24 Jahre,B9999,unbestimmt (nur Pst),1,20,24
1259271,2022-10-31,506,Zell am See,Männer,bis 19 Jahre,B9999,unbestimmt (nur Pst),2,0,19
1259325,2022-10-31,506,Zell am See,Männer,55 bis 59 Jahre,B9999,unbestimmt (nur Pst),1,55,59
1259759,2022-10-31,511,Salzburg-Umgebung,Frauen,bis 19 Jahre,B9999,unbestimmt (nur Pst),1,0,19
1259850,2022-10-31,511,Salzburg-Umgebung,Frauen,35 bis 39 Jahre,B9999,unbestimmt (nur Pst),1,35,39
1260062,2022-10-31,601,Bruck/Mur,Frauen,bis 19 Jahre,B9999,unbestimmt (nur Pst),9,0,19
1260078,2022-10-31,601,Bruck/Mur,Frauen,20 bis 24 Jahre,B9999,unbestimmt (nur Pst),3,20,24
1260111,2022-10-31,601,Bruck/Mur,Frauen,30 bis 34 Jahre,B9999,unbestimmt (nur Pst),2,30,34
1260174,2022-10-31,601,Bruck/Mur,Frauen,50 bis 54 Jahre,B9999,unbestimmt (nur Pst),1,50,54
1260204,2022-10-31,601,Bruck/Mur,Männer,bis 19 Jahre,B9999,unbestimmt (nur Pst),12,0,19
1260227,2022-10-31,601,Bruck/Mur,Männer,20 bis 24 Jahre,B9999,unbestimmt (nur Pst),2,20,24
1260348,2022-10-31,603,Deutschlandsberg,Frauen,20 bis 24 Jahre,B9999,unbestimmt (nur Pst),1,20,24
1260441,2022-10-31,603,Deutschlandsberg,Männer,20 bis 24 Jahre,B9999,unbestimmt (nur Pst),1,20,24
1260766,2022-10-31,606,Gleisdorf,Frauen,bis 19 Jahre,B9999,unbestimmt (nur Pst),1,0,19
1260777,2022-10-31,606,Gleisdorf,Frauen,20 bis 24 Jahre,B9999,unbestimmt (nur Pst),2,20,24
1260852,2022-10-31,606,Gleisdorf,Männer,bis 19 Jahre,B9999,unbestimmt (nur Pst),2,0,19
1260869,2022-10-31,606,Gleisdorf,Männer,20 bis 24 Jahre,B9999,unbestimmt (nur Pst),1,20,24
1261095,2022-10-31,609,Hartberg,Männer,bis 19 Jahre,B9999,unbestimmt (nur Pst),4,0,19
1261117,2022-10-31,609,Hartberg,Männer,20 bis 24 Jahre,B9999,unbestimmt (nur Pst),1,20,24
1261236,2022-10-31,610,Judenburg,Frauen,bis 19 Jahre,B9999,unbestimmt (nur Pst),1,0,19
1261272,2022-10-31,610,Judenburg,Frauen,25 bis 29 Jahre,B9999,unbestimmt (nur Pst),1,25,29
1261457,2022-10-31,611,Murau,Frauen,20 bis 24 Jahre,B9999,unbestimmt (nur Pst),1,20,24
1261491,2022-10-31,611,Murau,Männer,bis 19 Jahre,B9999,unbestimmt (nur Pst),1,0,19
1261534,2022-10-31,614,Leibnitz,Frauen,bis 19 Jahre,B9999,unbestimmt (nur Pst),5,0,19
1261700,2022-10-31,614,Leibnitz,Männer,bis 19 Jahre,B9999,unbestimmt (nur Pst),1,0,19
1261719,2022-10-31,614,Leibnitz,Männer,20 bis 24 Jahre,B9999,unbestimmt (nur Pst),2,20,24
1261820,2022-10-31,616,Leoben,Frauen,bis 19 Jahre,B9999,unbestimmt (nur Pst),2,0,19
1261843,2022-10-31,616,Leoben,Frauen,20 bis 24 Jahre,B9999,unbestimmt (nur Pst),4,20,24
1261854,2022-10-31,616,Leoben,Frauen,25 bis 29 Jahre,B9999,unbestimmt (nur Pst),2,25,29
1261869,2022-10-31,616,Leoben,Frauen,30 bis 34 Jahre,B9999,unbestimmt (nur Pst),2,30,34
1261886,2022-10-31,616,Leoben,Frauen,35 bis 39 Jahre,B9999,unbestimmt (nur Pst),3,35,39
1261901,2022-10-31,616,Leoben,Frauen,40 bis 44 Jahre,B9999,unbestimmt (nur Pst),4,40,44
1261916,2022-10-31,616,Leoben,Frauen,45 bis 49 Jahre,B9999,unbestimmt (nur Pst),1,45,49
1261955,2022-10-31,616,Leoben,Männer,bis 19 Jahre,B9999,unbestimmt (nur Pst),3,0,19
1262031,2022-10-31,616,Leoben,Männer,40 bis 44 Jahre,B9999,unbestimmt (nur Pst),1,40,44
1262271,2022-10-31,621,Mürzzuschlag,Frauen,bis 19 Jahre,B9999,unbestimmt (nur Pst),1,0,19
1262282,2022-10-31,621,Mürzzuschlag,Frauen,20 bis 24 Jahre,B9999,unbestimmt (nur Pst),1,20,24
1262306,2022-10-31,621,Mürzzuschlag,Frauen,35 bis 39 Jahre,B9999,unbestimmt (nur Pst),1,35,39
1262327,2022-10-31,621,Mürzzuschlag,Frauen,45 bis 49 Jahre,B9999,unbestimmt (nur Pst),1,45,49
1262342,2022-10-31,621,Mürzzuschlag,Frauen,55 bis 59 Jahre,B9999,unbestimmt (nur Pst),1,55,59
1262360,2022-10-31,621,Mürzzuschlag,Männer,bis 19 Jahre,B9999,unbestimmt (nur Pst),3,0,19
1262373,2022-10-31,621,Mürzzuschlag,Männer,20 bis 24 Jahre,B9999,unbestimmt (nur Pst),1,20,24
1262437,2022-10-31,621,Mürzzuschlag,Männer,50 bis 54 Jahre,B9999,unbestimmt (nur Pst),1,50,54
1262458,2022-10-31,622,Voitsberg,Frauen,bis 19 Jahre,B9999,unbestimmt (nur Pst),2,0,19
1262480,2022-10-31,622,Voitsberg,Frauen,20 bis 24 Jahre,B9999,unbestimmt (nur Pst),1,20,24
1262580,2022-10-31,622,Voitsberg,Männer,bis 19 Jahre,B9999,unbestimmt (nur Pst),2,0,19
1262670,2022-10-31,623,Weiz,Frauen,bis 19 Jahre,B9999,unbestimmt (nur Pst),2,0,19
1262683,2022-10-31,623,Weiz,Frauen,20 bis 24 Jahre,B9999,unbestimmt (nur Pst),1,20,24
1262696,2022-10-31,623,Weiz,Frauen,30 bis 34 Jahre,B9999,unbestimmt (nur Pst),1,30,34
1262717,2022-10-31,623,Weiz,Frauen,40 bis 44 Jahre,B9999,unbestimmt (nur Pst),1,40,44
1262726,2022-10-31,623,Weiz,Frauen,45 bis 49 Jahre,B9999,unbestimmt (nur Pst),2,45,49
1262735,2022-10-31,623,Weiz,Frauen,55 bis 59 Jahre,B9999,unbestimmt (nur Pst),1,55,59
1262740,2022-10-31,623,Weiz,Männer,bis 19 Jahre,B9999,unbestimmt (nur Pst),1,0,19
1262770,2022-10-31,623,Weiz,Männer,35 bis 39 Jahre,B9999,unbestimmt (nur Pst),1,35,39
1262783,2022-10-31,623,Weiz,Männer,45 bis 49 Jahre,B9999,unbestimmt (nur Pst),1,45,49
1262788,2022-10-31,623,Weiz,Männer,50 bis 54 Jahre,B9999,unbestimmt (nur Pst),1,50,54
1262841,2022-10-31,630,Graz-West und Umgebung,Frauen,bis 19 Jahre,B9999,unbestimmt (nur Pst),8,0,19
1262895,2022-10-31,630,Graz-West und Umgebung,Frauen,20 bis 24 Jahre,B9999,unbestimmt (nur Pst),2,20,24
1262946,2022-10-31,630,Graz-West und Umgebung,Frauen,25 bis 29 Jahre,B9999,unbestimmt (nur Pst),1,25,29
1262992,2022-10-31,630,Graz-West und Umgebung,Frauen,30 bis 34 Jahre,B9999,unbestimmt (nur Pst),2,30,34
1263040,2022-10-31,630,Graz-West und Umgebung,Frauen,35 bis 39 Jahre,B9999,unbestimmt (nur Pst),1,35,39
1263088,2022-10-31,630,Graz-West und Umgebung,Frauen,40 bis 44 Jahre,B9999,unbestimmt (nur Pst),2,40,44
1263129,2022-10-31,630,Graz-West und Umgebung,Frauen,45 bis 49 Jahre,B9999,unbestimmt (nur Pst),3,45,49
1263166,2022-10-31,630,Graz-West und Umgebung,Frauen,50 bis 54 Jahre,B9999,unbestimmt (nur Pst),1,50,54
1263242,2022-10-31,630,Graz-West und Umgebung,Männer,bis 19 Jahre,B9999,unbestimmt (nur Pst),13,0,19
1263307,2022-10-31,630,Graz-West und Umgebung,Männer,20 bis 24 Jahre,B9999,unbestimmt (nur Pst),2,20,24
1263359,2022-10-31,630,Graz-West und Umgebung,Männer,25 bis 29 Jahre,B9999,unbestimmt (nur Pst),1,25,29
1263544,2022-10-31,630,Graz-West und Umgebung,Männer,50 bis 54 Jahre,B9999,unbestimmt (nur Pst),1,50,54
1263572,2022-10-31,630,Graz-West und Umgebung,Männer,60 bis 64 Jahre,B9999,unbestimmt (nur Pst),1,60,64
1263592,2022-10-31,631,Graz-Ost,Frauen,bis 19 Jahre,B9999,unbestimmt (nur Pst),2,0,19
1263622,2022-10-31,631,Graz-Ost,Frauen,20 bis 24 Jahre,B9999,unbestimmt (nur Pst),3,20,24
1263900,2022-10-31,631,Graz-Ost,Männer,bis 19 Jahre,B9999,unbestimmt (nur Pst),15,0,19
1264058,2022-10-31,631,Graz-Ost,Männer,35 bis 39 Jahre,B9999,unbestimmt (nur Pst),1,35,39
1264137,2022-10-31,701,Imst,Frauen,bis 19 Jahre,B9999,unbestimmt (nur Pst),4,0,19
1264154,2022-10-31,701,Imst,Frauen,20 bis 24 Jahre,B9999,unbestimmt (nur Pst),1,20,24
1264213,2022-10-31,701,Imst,Männer,bis 19 Jahre,B9999,unbestimmt (nur Pst),1,0,19
1264289,2022-10-31,702,Innsbruck,Frauen,bis 19 Jahre,B9999,unbestimmt (nur Pst),8,0,19
1264316,2022-10-31,702,Innsbruck,Frauen,20 bis 24 Jahre,B9999,unbestimmt (nur Pst),2,20,24
1264373,2022-10-31,702,Innsbruck,Frauen,30 bis 34 Jahre,B9999,unbestimmt (nur Pst),2,30,34
1264411,2022-10-31,702,Innsbruck,Frauen,35 bis 39 Jahre,B9999,unbestimmt (nur Pst),1,35,39
1264447,2022-10-31,702,Innsbruck,Frauen,40 bis 44 Jahre,B9999,unbestimmt (nur Pst),2,40,44
1264504,2022-10-31,702,Innsbruck,Frauen,60 bis 64 Jahre,B9999,unbestimmt (nur Pst),1,60,64
1264537,2022-10-31,702,Innsbruck,Männer,bis 19 Jahre,B9999,unbestimmt (nur Pst),5,0,19
1264576,2022-10-31,702,Innsbruck,Männer,20 bis 24 Jahre,B9999,unbestimmt (nur Pst),4,20,24
1264611,2022-10-31,702,Innsbruck,Männer,25 bis 29 Jahre,B9999,unbestimmt (nur Pst),5,25,29
1264639,2022-10-31,702,Innsbruck,Männer,30 bis 34 Jahre,B9999,unbestimmt (nur Pst),1,30,34
1264670,2022-10-31,702,Innsbruck,Männer,35 bis 39 Jahre,B9999,unbestimmt (nur Pst),1,35,39
1264892,2022-10-31,705,Kufstein,Frauen,bis 19 Jahre,B9999,unbestimmt (nur Pst),5,0,19
1264906,2022-10-31,705,Kufstein,Frauen,20 bis 24 Jahre,B9999,unbestimmt (nur Pst),2,20,24
1264987,2022-10-31,705,Kufstein,Frauen,45 bis 49 Jahre,B9999,unbestimmt (nur Pst),1,45,49
1265020,2022-10-31,705,Kufstein,Männer,bis 19 Jahre,B9999,unbestimmt (nur Pst),4,0,19
1265037,2022-10-31,705,Kufstein,Männer,20 bis 24 Jahre,B9999,unbestimmt (nur Pst),1,20,24
1265083,2022-10-31,705,Kufstein,Männer,40 bis 44 Jahre,B9999,unbestimmt (nur Pst),1,40,44
1265123,2022-10-31,706,Landeck,Frauen,bis 19 Jahre,B9999,unbestimmt (nur Pst),1,0,19
1265131,2022-10-31,706,Landeck,Frauen,20 bis 24 Jahre,B9999,unbestimmt (nur Pst),1,20,24
1265173,2022-10-31,706,Landeck,Männer,bis 19 Jahre,B9999,unbestimmt (nur Pst),1,0,19
1265181,2022-10-31,706,Landeck,Männer,20 bis 24 Jahre,B9999,unbestimmt (nur Pst),1,20,24
1265342,2022-10-31,709,Schwaz,Frauen,bis 19 Jahre,B9999,unbestimmt (nur Pst),2,0,19
1265353,2022-10-31,709,Schwaz,Frauen,20 bis 24 Jahre,B9999,unbestimmt (nur Pst),2,20,24
1265366,2022-10-31,709,Schwaz,Frauen,25 bis 29 Jahre,B9999,unbestimmt (nur Pst),1,25,29
1265438,2022-10-31,709,Schwaz,Männer,20 bis 24 Jahre,B9999,unbestimmt (nur Pst),1,20,24
1265450,2022-10-31,709,Schwaz,Männer,25 bis 29 Jahre,B9999,unbestimmt (nur Pst),1,25,29
1265475,2022-10-31,709,Schwaz,Männer,40 bis 44 Jahre,B9999,unbestimmt (nur Pst),1,40,44
1265504,2022-10-31,801,Bludenz,Frauen,bis 19 Jahre,B9999,unbestimmt (nur Pst),1,0,19
1265532,2022-10-31,801,Bludenz,Frauen,20 bis 24 Jahre,B9999,unbestimmt (nur Pst),2,20,24
1265550,2022-10-31,801,Bludenz,Frauen,25 bis 29 Jahre,B9999,unbestimmt (nur Pst),1,25,29
1265619,2022-10-31,801,Bludenz,Frauen,50 bis 54 Jahre,B9999,unbestimmt (nur Pst),1,50,54
1265643,2022-10-31,801,Bludenz,Männer,bis 19 Jahre,B9999,unbestimmt (nur Pst),1,0,19
1265663,2022-10-31,801,Bludenz,Männer,20 bis 24 Jahre,B9999,unbestimmt (nur Pst),2,20,24
1265677,2022-10-31,801,Bludenz,Männer,25 bis 29 Jahre,B9999,unbestimmt (nur Pst),1,25,29
1265742,2022-10-31,802,Bregenz,Frauen,bis 19 Jahre,B9999,unbestimmt (nur Pst),2,0,19
1265770,2022-10-31,802,Bregenz,Frauen,20 bis 24 Jahre,B9999,unbestimmt (nur Pst),1,20,24
1265869,2022-10-31,802,Bregenz,Frauen,40 bis 44 Jahre,B9999,unbestimmt (nur Pst),1,40,44
1265891,2022-10-31,802,Bregenz,Frauen,45 bis 49 Jahre,B9999,unbestimmt (nur Pst),1,45,49
1265980,2022-10-31,802,Bregenz,Männer,20 bis 24 Jahre,B9999,unbestimmt (nur Pst),1,20,24
1266042,2022-10-31,802,Bregenz,Männer,35 bis 39 Jahre,B9999,unbestimmt (nur Pst),3,35,39
1266100,2022-10-31,804,Dornbirn,Frauen,bis 19 Jahre,B9999,unbestimmt (nur Pst),3,0,19
1266134,2022-10-31,804,Dornbirn,Frauen,20 bis 24 Jahre,B9999,unbestimmt (nur Pst),6,20,24
1266289,2022-10-31,804,Dornbirn,Männer,bis 19 Jahre,B9999,unbestimmt (nur Pst),1,0,19
1266351,2022-10-31,804,Dornbirn,Männer,25 bis 29 Jahre,B9999,unbestimmt (nur Pst),1,25,29
1266372,2022-10-31,804,Dornbirn,Männer,30 bis 34 Jahre,B9999,unbestimmt (nur Pst),1,30,34
1266399,2022-10-31,804,Dornbirn,Männer,40 bis 44 Jahre,B9999,unbestimmt (nur Pst),1,40,44
1266448,2022-10-31,805,Feldkirch,Frauen,bis 19 Jahre,B9999,unbestimmt (nur Pst),3,0,19
1266483,2022-10-31,805,Feldkirch,Frauen,20 bis 24 Jahre,B9999,unbestimmt (nur Pst),12,20,24
1266502,2022-10-31,805,Feldkirch,Frauen,25 bis 29 Jahre,B9999,unbestimmt (nur Pst),4,25,29
1266532,2022-10-31,805,Feldkirch,Frauen,30 bis 34 Jahre,B9999,unbestimmt (nur Pst),2,30,34
1266555,2022-10-31,805,Feldkirch,Frauen,35 bis 39 Jahre,B9999,unbestimmt (nur Pst),1,35,39
1266578,2022-10-31,805,Feldkirch,Frauen,40 bis 44 Jahre,B9999,unbestimmt (nur Pst),1,40,44
1266600,2022-10-31,805,Feldkirch,Frauen,45 bis 49 Jahre,B9999,unbestimmt (nur Pst),1,45,49
1266650,2022-10-31,805,Feldkirch,Männer,bis 19 Jahre,B9999,unbestimmt (nur Pst),9,0,19
1266683,2022-10-31,805,Feldkirch,Männer,20 bis 24 Jahre,B9999,unbestimmt (nur Pst),4,20,24
1266708,2022-10-31,805,Feldkirch,Männer,25 bis 29 Jahre,B9999,unbestimmt (nur Pst),1,25,29
1266740,2022-10-31,805,Feldkirch,Männer,35 bis 39 Jahre,B9999,unbestimmt (nur Pst),2,35,39
1266766,2022-10-31,805,Feldkirch,Männer,45 bis 49 Jahre,B9999,unbestimmt (nur Pst),1,45,49
1266780,2022-10-31,805,Feldkirch,Männer,50 bis 54 Jahre,B9999,unbestimmt (nur Pst),1,50,54
1267450,2022-10-31,959,Wien Hauffgasse,Frauen,45 bis 49 Jahre,B9999,unbestimmt (nur Pst),1,45,49
1267645,2022-10-31,959,Wien Hauffgasse,Männer,35 bis 39 Jahre,B9999,unbestimmt (nur Pst),1,35,39
1268802,2022-10-31,962,Wien Redergasse,Männer,40 bis 44 Jahre,B9999,unbestimmt (nur Pst),1,40,44
1268993,2022-10-31,963,Wien Währinger Gürtel,Frauen,30 bis 34 Jahre,B9999,unbestimmt (nur Pst),1,30,34
1269071,2022-10-31,963,Wien Währinger Gürtel,Frauen,40 bis 44 Jahre,B9999,unbestimmt (nur Pst),2,40,44
1269101,2022-10-31,963,Wien Währinger Gürtel,Frauen,45 bis 49 Jahre,B9999,unbestimmt (nur Pst),1,45,49
1269129,2022-10-31,963,Wien Währinger Gürtel,Frauen,50 bis 54 Jahre,B9999,unbestimmt (nur Pst),1,50,54
1269503,2022-10-31,964,Wien Favoritenstraße,Frauen,30 bis 34 Jahre,B9999,unbestimmt (nur Pst),1,30,34
1270415,2022-10-31,965,Wien Schönbrunner Straße,Frauen,35 bis 39 Jahre,B9999,unbestimmt (nur Pst),1,35,39
1270472,2022-10-31,965,Wien Schönbrunner Straße,Frauen,40 bis 44 Jahre,B9999,unbestimmt (nur Pst),1,40,44
1270659,2022-10-31,965,Wien Schönbrunner Straße,Männer,25 bis 29 Jahre,B9999,unbestimmt (nur Pst),1,25,29
1271556,2022-10-31,966,Wien Hietzinger Kai,Männer,50 bis 54 Jahre,B9999,unbestimmt (nur Pst),1,50,54
1271651,2022-10-31,967,Wien Huttengasse,Frauen,25 bis 29 Jahre,B9999,unbestimmt (nur Pst),1,25,29
1271882,2022-10-31,967,Wien Huttengasse,Frauen,45 bis 49 Jahre,B9999,unbestimmt (nur Pst),1,45,49
1272018,2022-10-31,967,Wien Huttengasse,Männer,25 bis 29 Jahre,B9999,unbestimmt (nur Pst),1,25,29
1272435,2022-10-31,968,Wien Schloßhofer Straße,Frauen,25 bis 29 Jahre,B9999,unbestimmt (nur Pst),2,25,29
1272485,2022-10-31,968,Wien Schloßhofer Straße,Frauen,30 bis 34 Jahre,B9999,unbestimmt (nur Pst),2,30,34
1272591,2022-10-31,968,Wien Schloßhofer Straße,Frauen,40 bis 44 Jahre,B9999,unbestimmt (nur Pst),2,40,44
1272655,2022-10-31,968,Wien Schloßhofer Straße,Frauen,50 bis 54 Jahre,B9999,unbestimmt (nur Pst),1,50,54
1272783,2022-10-31,968,Wien Schloßhofer Straße,Männer,30 bis 34 Jahre,B9999,unbestimmt (nur Pst),1,30,34
1273794,2022-10-31,974,Wien Austria Campus,Frauen,35 bis 39 Jahre,B9999,unbestimmt (nur Pst),1,35,39
1273995,2022-10-31,974,Wien Austria Campus,Männer,30 bis 34 Jahre,B9999,unbestimmt (nur Pst),1,30,34
1274718,2022-10-31,976,Wien Jugendliche I,Frauen,bis 19 Jahre,B9999,unbestimmt (nur Pst),16,0,19
1274804,2022-10-31,976,Wien Jugendliche I,Frauen,20 bis 24 Jahre,B9999,unbestimmt (nur Pst),8,20,24
1274915,2022-10-31,976,Wien Jugendliche I,Männer,bis 19 Jahre,B9999,unbestimmt (nur Pst),13,0,19
1275048,2022-10-31,976,Wien Jugendliche I,Männer,20 bis 24 Jahre,B9999,unbestimmt (nur Pst),3,20,24
1275130,2022-10-31,977,Wien Jugendliche II,Frauen,bis 19 Jahre,B9999,unbestimmt (nur Pst),16,0,19
1275232,2022-10-31,977,Wien Jugendliche II,Frauen,20 bis 24 Jahre,B9999,unbestimmt (nur Pst),5,20,24
1275347,2022-10-31,977,Wien Jugendliche II,Männer,bis 19 Jahre,B9999,unbestimmt (nur Pst),18,0,19
1275476,2022-10-31,977,Wien Jugendliche II,Männer,20 bis 24 Jahre,B9999,unbestimmt (nur Pst),3,20,24
1275539,2022-11-30,101,Eisenstadt,Frauen,bis 19 Jahre,B9999,unbestimmt (nur Pst),2,0,19
1275553,2022-11-30,101,Eisenstadt,Frauen,20 bis 24 Jahre,B9999,unbestimmt (nur Pst),1,20,24
1275641,2022-11-30,101,Eisenstadt,Männer,bis 19 Jahre,B9999,unbestimmt (nur Pst),1,0,19
1275728,2022-11-30,102,Mattersburg,Frauen,bis 19 Jahre,B9999,unbestimmt (nur Pst),6,0,19
1275738,2022-11-30,102,Mattersburg,Frauen,20 bis 24 Jahre,B9999,unbestimmt (nur Pst),2,20,24
1275777,2022-11-30,102,Mattersburg,Frauen,45 bis 49 Jahre,B9999,unbestimmt (nur Pst),2,45,49
1275802,2022-11-30,102,Mattersburg,Männer,bis 19 Jahre,B9999,unbestimmt (nur Pst),3,0,19
1275817,2022-11-30,102,Mattersburg,Männer,20 bis 24 Jahre,B9999,unbestimmt (nur Pst),1,20,24
1275943,2022-11-30,103,Neusiedl am See,Männer,bis 19 Jahre,B9999,unbestimmt (nur Pst),1,0,19
1275978,2022-11-30,103,Neusiedl am See,Männer,40 bis 44 Jahre,B9999,unbestimmt (nur Pst),1,40,44
1276144,2022-11-30,105,Oberwart,Frauen,bis 19 Jahre,B9999,unbestimmt (nur Pst),1,0,19
1276163,2022-11-30,105,Oberwart,Frauen,20 bis 24 Jahre,B9999,unbestimmt (nur Pst),1,20,24
1276293,2022-11-30,105,Oberwart,Männer,bis 19 Jahre,B9999,unbestimmt (nur Pst),1,0,19
1276404,2022-11-30,106,Stegersbach,Frauen,bis 19 Jahre,B9999,unbestimmt (nur Pst),1,0,19
1276663,2022-11-30,201,Feldkirchen,Frauen,40 bis 44 Jahre,B9999,unbestimmt (nur Pst),1,40,44
1276696,2022-11-30,201,Feldkirchen,Männer,35 bis 39 Jahre,B9999,unbestimmt (nur Pst),1,35,39
1276759,2022-11-30,203,Klagenfurt,Frauen,bis 19 Jahre,B9999,unbestimmt (nur Pst),1,0,19
1276841,2022-11-30,203,Klagenfurt,Frauen,30 bis 34 Jahre,B9999,unbestimmt (nur Pst),2,30,34
1276982,2022-11-30,203,Klagenfurt,Männer,bis 19 Jahre,B9999,unbestimmt (nur Pst),4,0,19
1277036,2022-11-30,203,Klagenfurt,Männer,25 bis 29 Jahre,B9999,unbestimmt (nur Pst),1,25,29
1277103,2022-11-30,203,Klagenfurt,Männer,45 bis 49 Jahre,B9999,unbestimmt (nur Pst),2,45,49
1277156,2022-11-30,204,Spittal/Drau,Frauen,bis 19 Jahre,B9999,unbestimmt (nur Pst),3,0,19
1277176,2022-11-30,204,Spittal/Drau,Frauen,20 bis 24 Jahre,B9999,unbestimmt (nur Pst),1,20,24
1277251,2022-11-30,204,Spittal/Drau,Männer,bis 19 Jahre,B9999,unbestimmt (nur Pst),2,0,19
1277368,2022-11-30,205,St. Veit/Glan,Frauen,35 bis 39 Jahre,B9999,unbestimmt (nur Pst),1,35,39
1277517,2022-11-30,206,Villach,Frauen,20 bis 24 Jahre,B9999,unbestimmt (nur Pst),1,20,24
1277594,2022-11-30,206,Villach,Frauen,35 bis 39 Jahre,B9999,unbestimmt (nur Pst),1,35,39
1277790,2022-11-30,206,Villach,Männer,40 bis 44 Jahre,B9999,unbestimmt (nur Pst),1,40,44
1277857,2022-11-30,207,Völkermarkt,Frauen,25 bis 29 Jahre,B9999,unbestimmt (nur Pst),1,25,29
1277877,2022-11-30,207,Völkermarkt,Frauen,40 bis 44 Jahre,B9999,unbestimmt (nur Pst),3,40,44
1277918,2022-11-30,207,Völkermarkt,Männer,20 bis 24 Jahre,B9999,unbestimmt (nur Pst),1,20,24
1277929,2022-11-30,207,Völkermarkt,Männer,30 bis 34 Jahre,B9999,unbestimmt (nur Pst),1,30,34
1277971,2022-11-30,208,Wolfsberg,Frauen,bis 19 Jahre,B9999,unbestimmt (nur Pst),1,0,19
1278062,2022-11-30,208,Wolfsberg,Männer,bis 19 Jahre,B9999,unbestimmt (nur Pst),3,0,19
1278149,2022-11-30,301,Amstetten,Frauen,bis 19 Jahre,B9999,unbestimmt (nur Pst),8,0,19
1278172,2022-11-30,301,Amstetten,Frauen,20 bis 24 Jahre,B9999,unbestimmt (nur Pst),1,20,24
1278195,2022-11-30,301,Amstetten,Frauen,25 bis 29 Jahre,B9999,unbestimmt (nur Pst),1,25,29
1278221,2022-11-30,301,Amstetten,Frauen,30 bis 34 Jahre,B9999,unbestimmt (nur Pst),1,30,34
1278320,2022-11-30,301,Amstetten,Männer,bis 19 Jahre,B9999,unbestimmt (nur Pst),7,0,19
1278340,2022-11-30,301,Amstetten,Männer,20 bis 24 Jahre,B9999,unbestimmt (nur Pst),3,20,24
1278466,2022-11-30,304,Baden neu,Frauen,bis 19 Jahre,B9999,unbestimmt (nur Pst),4,0,19
1278497,2022-11-30,304,Baden neu,Frauen,20 bis 24 Jahre,B9999,unbestimmt (nur Pst),3,20,24
1278523,2022-11-30,304,Baden neu,Frauen,25 bis 29 Jahre,B9999,unbestimmt (nur Pst),1,25,29
1278578,2022-11-30,304,Baden neu,Frauen,35 bis 39 Jahre,B9999,unbestimmt (nur Pst),1,35,39
1278692,2022-11-30,304,Baden neu,Männer,bis 19 Jahre,B9999,unbestimmt (nur Pst),4,0,19
1278734,2022-11-30,304,Baden neu,Männer,20 bis 24 Jahre,B9999,unbestimmt (nur Pst),2,20,24
1278890,2022-11-30,306,Bruck/Leitha,Frauen,bis 19 Jahre,B9999,unbestimmt (nur Pst),2,0,19
1278908,2022-11-30,306,Bruck/Leitha,Frauen,20 bis 24 Jahre,B9999,unbestimmt (nur Pst),1,20,24
1278918,2022-11-30,306,Bruck/Leitha,Frauen,25 bis 29 Jahre,B9999,unbestimmt (nur Pst),1,25,29
1279003,2022-11-30,306,Bruck/Leitha,Männer,bis 19 Jahre,B9999,unbestimmt (nur Pst),1,0,19
1279019,2022-11-30,306,Bruck/Leitha,Männer,20 bis 24 Jahre,B9999,unbestimmt (nur Pst),2,20,24
1279089,2022-11-30,308,Gänserndorf,Frauen,bis 19 Jahre,B9999,unbestimmt (nur Pst),1,0,19
1279115,2022-11-30,308,Gänserndorf,Frauen,20 bis 24 Jahre,B9999,unbestimmt (nur Pst),2,20,24
1279135,2022-11-30,308,Gänserndorf,Frauen,25 bis 29 Jahre,B9999,unbestimmt (nur Pst),1,25,29
1279278,2022-11-30,308,Gänserndorf,Männer,bis 19 Jahre,B9999,unbestimmt (nur Pst),6,0,19
1279434,2022-11-30,311,Gmünd,Frauen,bis 19 Jahre,B9999,unbestimmt (nur Pst),1,0,19
1279494,2022-11-30,311,Gmünd,Frauen,55 bis 59 Jahre,B9999,unbestimmt (nur Pst),1,55,59
1279515,2022-11-30,311,Gmünd,Männer,bis 19 Jahre,B9999,unbestimmt (nur Pst),5,0,19
1279577,2022-11-30,312,Hollabrunn,Frauen,bis 19 Jahre,B9999,unbestimmt (nur Pst),4,0,19
1279593,2022-11-30,312,Hollabrunn,Frauen,20 bis 24 Jahre,B9999,unbestimmt (nur Pst),1,20,24
1279633,2022-11-30,312,Hollabrunn,Frauen,35 bis 39 Jahre,B9999,unbestimmt (nur Pst),1,35,39
1279674,2022-11-30,312,Hollabrunn,Männer,bis 19 Jahre,B9999,unbestimmt (nur Pst),3,0,19
1279733,2022-11-30,312,Hollabrunn,Männer,55 bis 59 Jahre,B9999,unbestimmt (nur Pst),1,55,59
1279742,2022-11-30,313,Horn,Frauen,bis 19 Jahre,B9999,unbestimmt (nur Pst),2,0,19
1279752,2022-11-30,313,Horn,Frauen,20 bis 24 Jahre,B9999,unbestimmt (nur Pst),1,20,24
1279831,2022-11-30,314,Korneuburg,Frauen,bis 19 Jahre,B9999,unbestimmt (nur Pst),3,0,19
1279854,2022-11-30,314,Korneuburg,Frauen,20 bis 24 Jahre,B9999,unbestimmt (nur Pst),2,20,24
1279870,2022-11-30,314,Korneuburg,Frauen,25 bis 29 Jahre,B9999,unbestimmt (nur Pst),1,25,29
1279907,2022-11-30,314,Korneuburg,Frauen,35 bis 39 Jahre,B9999,unbestimmt (nur Pst),1,35,39
1279986,2022-11-30,314,Korneuburg,Männer,bis 19 Jahre,B9999,unbestimmt (nur Pst),5,0,19
1280090,2022-11-30,315,Krems,Frauen,bis 19 Jahre,B9999,unbestimmt (nur Pst),4,0,19
1280114,2022-11-30,315,Krems,Frauen,20 bis 24 Jahre,B9999,unbestimmt (nur Pst),1,20,24
1280167,2022-11-30,315,Krems,Frauen,35 bis 39 Jahre,B9999,unbestimmt (nur Pst),4,35,39
1280201,2022-11-30,315,Krems,Frauen,45 bis 49 Jahre,B9999,unbestimmt (nur Pst),3,45,49
1280241,2022-11-30,315,Krems,Männer,bis 19 Jahre,B9999,unbestimmt (nur Pst),1,0,19
1280300,2022-11-30,315,Krems,Männer,35 bis 39 Jahre,B9999,unbestimmt (nur Pst),1,35,39
1280347,2022-11-30,316,Lilienfeld,Frauen,bis 19 Jahre,B9999,unbestimmt (nur Pst),2,0,19
1280362,2022-11-30,316,Lilienfeld,Frauen,20 bis 24 Jahre,B9999,unbestimmt (nur Pst),1,20,24
1280379,2022-11-30,316,Lilienfeld,Frauen,30 bis 34 Jahre,B9999,unbestimmt (nur Pst),2,30,34
1280393,2022-11-30,316,Lilienfeld,Frauen,35 bis 39 Jahre,B9999,unbestimmt (nur Pst),1,35,39
1280396,2022-11-30,316,Lilienfeld,Frauen,40 bis 44 Jahre,B9999,unbestimmt (nur Pst),1,40,44
1280402,2022-11-30,316,Lilienfeld,Frauen,45 bis 49 Jahre,B9999,unbestimmt (nur Pst),1,45,49
1280416,2022-11-30,316,Lilienfeld,Männer,bis 19 Jahre,B9999,unbestimmt (nur Pst),6,0,19
1280430,2022-11-30,316,Lilienfeld,Männer,30 bis 34 Jahre,B9999,unbestimmt (nur Pst),1,30,34
1280464,2022-11-30,317,Melk,Frauen,bis 19 Jahre,B9999,unbestimmt (nur Pst),3,0,19
1280475,2022-11-30,317,Melk,Frauen,20 bis 24 Jahre,B9999,unbestimmt (nur Pst),1,20,24
1280580,2022-11-30,317,Melk,Männer,bis 19 Jahre,B9999,unbestimmt (nur Pst),1,0,19
1280870,2022-11-30,321,Mödling,Frauen,bis 19 Jahre,B9999,unbestimmt (nur Pst),3,0,19
1280889,2022-11-30,321,Mödling,Frauen,20 bis 24 Jahre,B9999,unbestimmt (nur Pst),2,20,24
1280906,2022-11-30,321,Mödling,Frauen,25 bis 29 Jahre,B9999,unbestimmt (nur Pst),1,25,29
1280987,2022-11-30,321,Mödling,Frauen,45 bis 49 Jahre,B9999,unbestimmt (nur Pst),1,45,49
1281043,2022-11-30,321,Mödling,Männer,bis 19 Jahre,B9999,unbestimmt (nur Pst),12,0,19
1281200,2022-11-30,323,Neunkirchen,Frauen,bis 19 Jahre,B9999,unbestimmt (nur Pst),4,0,19
1281349,2022-11-30,323,Neunkirchen,Männer,bis 19 Jahre,B9999,unbestimmt (nur Pst),1,0,19
1281510,2022-11-30,326,St. Pölten,Frauen,bis 19 Jahre,B9999,unbestimmt (nur Pst),16,0,19
1281545,2022-11-30,326,St. Pölten,Frauen,20 bis 24 Jahre,B9999,unbestimmt (nur Pst),5,20,24
1281583,2022-11-30,326,St. Pölten,Frauen,25 bis 29 Jahre,B9999,unbestimmt (nur Pst),1,25,29
1281621,2022-11-30,326,St. Pölten,Frauen,30 bis 34 Jahre,B9999,unbestimmt (nur Pst),2,30,34
1281669,2022-11-30,326,St. Pölten,Frauen,35 bis 39 Jahre,B9999,unbestimmt (nur Pst),1,35,39
1281713,2022-11-30,326,St. Pölten,Frauen,40 bis 44 Jahre,B9999,unbestimmt (nur Pst),3,40,44
1281744,2022-11-30,326,St. Pölten,Frauen,45 bis 49 Jahre,B9999,unbestimmt (nur Pst),2,45,49
1281770,2022-11-30,326,St. Pölten,Frauen,50 bis 54 Jahre,B9999,unbestimmt (nur Pst),1,50,54
1281825,2022-11-30,326,St. Pölten,Männer,bis 19 Jahre,B9999,unbestimmt (nur Pst),17,0,19
1281867,2022-11-30,326,St. Pölten,Männer,20 bis 24 Jahre,B9999,unbestimmt (nur Pst),6,20,24
1281891,2022-11-30,326,St. Pölten,Männer,25 bis 29 Jahre,B9999,unbestimmt (nur Pst),3,25,29
1281948,2022-11-30,326,St. Pölten,Männer,35 bis 39 Jahre,B9999,unbestimmt (nur Pst),1,35,39
1281974,2022-11-30,326,St. Pölten,Männer,40 bis 44 Jahre,B9999,unbestimmt (nur Pst),2,40,44
1282017,2022-11-30,326,St. Pölten,Männer,50 bis 54 Jahre,B9999,unbestimmt (nur Pst),1,50,54
1282049,2022-11-30,328,Scheibbs,Frauen,bis 19 Jahre,B9999,unbestimmt (nur Pst),1,0,19
1282060,2022-11-30,328,Scheibbs,Frauen,20 bis 24 Jahre,B9999,unbestimmt (nur Pst),1,20,24
1282107,2022-11-30,328,Scheibbs,Männer,bis 19 Jahre,B9999,unbestimmt (nur Pst),2,0,19
1282174,2022-11-30,329,Schwechat,Frauen,bis 19 Jahre,B9999,unbestimmt (nur Pst),2,0,19
1282194,2022-11-30,329,Schwechat,Frauen,20 bis 24 Jahre,B9999,unbestimmt (nur Pst),1,20,24
1282309,2022-11-30,329,Schwechat,Männer,bis 19 Jahre,B9999,unbestimmt (nur Pst),5,0,19
1282378,2022-11-30,329,Schwechat,Männer,40 bis 44 Jahre,B9999,unbestimmt (nur Pst),1,40,44
1282419,2022-11-30,331,Tulln,Frauen,bis 19 Jahre,B9999,unbestimmt (nur Pst),10,0,19
1282441,2022-11-30,331,Tulln,Frauen,20 bis 24 Jahre,B9999,unbestimmt (nur Pst),2,20,24
1282557,2022-11-30,331,Tulln,Frauen,50 bis 54 Jahre,B9999,unbestimmt (nur Pst),1,50,54
1282580,2022-11-30,331,Tulln,Männer,bis 19 Jahre,B9999,unbestimmt (nur Pst),5,0,19
1282601,2022-11-30,331,Tulln,Männer,20 bis 24 Jahre,B9999,unbestimmt (nur Pst),1,20,24
1282703,2022-11-30,332,Waidhofen/Thaya,Frauen,bis 19 Jahre,B9999,unbestimmt (nur Pst),2,0,19
1282784,2022-11-30,332,Waidhofen/Thaya,Männer,bis 19 Jahre,B9999,unbestimmt (nur Pst),2,0,19
1282794,2022-11-30,332,Waidhofen/Thaya,Männer,20 bis 24 Jahre,B9999,unbestimmt (nur Pst),2,20,24
1282821,2022-11-30,333,Waidhofen/Ybbs,Frauen,bis 19 Jahre,B9999,unbestimmt (nur Pst),1,0,19
1282868,2022-11-30,333,Waidhofen/Ybbs,Männer,bis 19 Jahre,B9999,unbestimmt (nur Pst),1,0,19
1282873,2022-11-30,333,Waidhofen/Ybbs,Männer,20 bis 24 Jahre,B9999,unbestimmt (nur Pst),1,20,24
1282917,2022-11-30,334,Wr. Neustadt,Frauen,bis 19 Jahre,B9999,unbestimmt (nur Pst),3,0,19
1282950,2022-11-30,334,Wr. Neustadt,Frauen,20 bis 24 Jahre,B9999,unbestimmt (nur Pst),1,20,24
1283145,2022-11-30,334,Wr. Neustadt,Männer,bis 19 Jahre,B9999,unbestimmt (nur Pst),3,0,19
1283440,2022-11-30,335,Zwettl,Männer,30 bis 34 Jahre,B9999,unbestimmt (nur Pst),1,30,34
1283474,2022-11-30,401,Braunau,Frauen,bis 19 Jahre,B9999,unbestimmt (nur Pst),10,0,19
1283502,2022-11-30,401,Braunau,Frauen,20 bis 24 Jahre,B9999,unbestimmt (nur Pst),6,20,24
1283528,2022-11-30,401,Braunau,Frauen,25 bis 29 Jahre,B9999,unbestimmt (nur Pst),2,25,29
1283548,2022-11-30,401,Braunau,Frauen,30 bis 34 Jahre,B9999,unbestimmt (nur Pst),8,30,34
1283570,2022-11-30,401,Braunau,Frauen,35 bis 39 Jahre,B9999,unbestimmt (nur Pst),2,35,39
1283597,2022-11-30,401,Braunau,Frauen,40 bis 44 Jahre,B9999,unbestimmt (nur Pst),2,40,44
1283614,2022-11-30,401,Braunau,Frauen,45 bis 49 Jahre,B9999,unbestimmt (nur Pst),3,45,49
1283630,2022-11-30,401,Braunau,Frauen,50 bis 54 Jahre,B9999,unbestimmt (nur Pst),2,50,54
1283663,2022-11-30,401,Braunau,Männer,bis 19 Jahre,B9999,unbestimmt (nur Pst),25,0,19
1283691,2022-11-30,401,Braunau,Männer,20 bis 24 Jahre,B9999,unbestimmt (nur Pst),4,20,24
1283709,2022-11-30,401,Braunau,Männer,25 bis 29 Jahre,B9999,unbestimmt (nur Pst),4,25,29
1283729,2022-11-30,401,Braunau,Männer,30 bis 34 Jahre,B9999,unbestimmt (nur Pst),1,30,34
1283762,2022-11-30,401,Braunau,Männer,40 bis 44 Jahre,B9999,unbestimmt (nur Pst),1,40,44
1283779,2022-11-30,401,Braunau,Männer,45 bis 49 Jahre,B9999,unbestimmt (nur Pst),2,45,49
1283832,2022-11-30,402,Eferding,Frauen,25 bis 29 Jahre,B9999,unbestimmt (nur Pst),1,25,29
1283844,2022-11-30,402,Eferding,Frauen,30 bis 34 Jahre,B9999,unbestimmt (nur Pst),1,30,34
1283860,2022-11-30,402,Eferding,Frauen,40 bis 44 Jahre,B9999,unbestimmt (nur Pst),2,40,44
1283875,2022-11-30,402,Eferding,Frauen,55 bis 59 Jahre,B9999,unbestimmt (nur Pst),1,55,59
1283900,2022-11-30,402,Eferding,Männer,20 bis 24 Jahre,B9999,unbestimmt (nur Pst),1,20,24
1283953,2022-11-30,403,Freistadt,Frauen,bis 19 Jahre,B9999,unbestimmt (nur Pst),2,0,19
1283974,2022-11-30,403,Freistadt,Frauen,20 bis 24 Jahre,B9999,unbestimmt (nur Pst),1,20,24
1283988,2022-11-30,403,Freistadt,Frauen,25 bis 29 Jahre,B9999,unbestimmt (nur Pst),1,25,29
1284121,2022-11-30,403,Freistadt,Männer,25 bis 29 Jahre,B9999,unbestimmt (nur Pst),1,25,29
1284199,2022-11-30,404,Gmunden,Frauen,bis 19 Jahre,B9999,unbestimmt (nur Pst),3,0,19
1284292,2022-11-30,404,Gmunden,Frauen,35 bis 39 Jahre,B9999,unbestimmt (nur Pst),1,35,39
1284356,2022-11-30,404,Gmunden,Frauen,50 bis 54 Jahre,B9999,unbestimmt (nur Pst),1,50,54
1284403,2022-11-30,404,Gmunden,Männer,bis 19 Jahre,B9999,unbestimmt (nur Pst),5,0,19
1284562,2022-11-30,406,Grieskirchen,Frauen,bis 19 Jahre,B9999,unbestimmt (nur Pst),1,0,19
1284579,2022-11-30,406,Grieskirchen,Frauen,20 bis 24 Jahre,B9999,unbestimmt (nur Pst),1,20,24
1284594,2022-11-30,406,Grieskirchen,Frauen,25 bis 29 Jahre,B9999,unbestimmt (nur Pst),1,25,29
1284637,2022-11-30,406,Grieskirchen,Frauen,40 bis 44 Jahre,B9999,unbestimmt (nur Pst),1,40,44
1284647,2022-11-30,406,Grieskirchen,Frauen,45 bis 49 Jahre,B9999,unbestimmt (nur Pst),1,45,49
1284660,2022-11-30,406,Grieskirchen,Frauen,50 bis 54 Jahre,B9999,unbestimmt (nur Pst),1,50,54
1284677,2022-11-30,406,Grieskirchen,Männer,bis 19 Jahre,B9999,unbestimmt (nur Pst),3,0,19
1284753,2022-11-30,407,Kirchdorf/Krems,Frauen,bis 19 Jahre,B9999,unbestimmt (nur Pst),6,0,19
1284771,2022-11-30,407,Kirchdorf/Krems,Frauen,20 bis 24 Jahre,B9999,unbestimmt (nur Pst),1,20,24
1284878,2022-11-30,407,Kirchdorf/Krems,Männer,bis 19 Jahre,B9999,unbestimmt (nur Pst),4,0,19
1284924,2022-11-30,407,Kirchdorf/Krems,Männer,30 bis 34 Jahre,B9999,unbestimmt (nur Pst),1,30,34
1284998,2022-11-30,409,Linz neu,Frauen,bis 19 Jahre,B9999,unbestimmt (nur Pst),41,0,19
1285044,2022-11-30,409,Linz neu,Frauen,20 bis 24 Jahre,B9999,unbestimmt (nur Pst),25,20,24
1285092,2022-11-30,409,Linz neu,Frauen,25 bis 29 Jahre,B9999,unbestimmt (nur Pst),9,25,29
1285140,2022-11-30,409,Linz neu,Frauen,30 bis 34 Jahre,B9999,unbestimmt (nur Pst),4,30,34
1285185,2022-11-30,409,Linz neu,Frauen,35 bis 39 Jahre,B9999,unbestimmt (nur Pst),5,35,39
1285234,2022-11-30,409,Linz neu,Frauen,40 bis 44 Jahre,B9999,unbestimmt (nur Pst),5,40,44
1285273,2022-11-30,409,Linz neu,Frauen,45 bis 49 Jahre,B9999,unbestimmt (nur Pst),4,45,49
1285328,2022-11-30,409,Linz neu,Frauen,55 bis 59 Jahre,B9999,unbestimmt (nur Pst),2,55,59
1285368,2022-11-30,409,Linz neu,Männer,bis 19 Jahre,B9999,unbestimmt (nur Pst),39,0,19
1285424,2022-11-30,409,Linz neu,Männer,20 bis 24 Jahre,B9999,unbestimmt (nur Pst),22,20,24
1285484,2022-11-30,409,Linz neu,Männer,25 bis 29 Jahre,B9999,unbestimmt (nur Pst),2,25,29
1285541,2022-11-30,409,Linz neu,Männer,30 bis 34 Jahre,B9999,unbestimmt (nur Pst),2,30,34
1285584,2022-11-30,409,Linz neu,Männer,35 bis 39 Jahre,B9999,unbestimmt (nur Pst),2,35,39
1285624,2022-11-30,409,Linz neu,Männer,40 bis 44 Jahre,B9999,unbestimmt (nur Pst),3,40,44
1285657,2022-11-30,409,Linz neu,Männer,45 bis 49 Jahre,B9999,unbestimmt (nur Pst),1,45,49
1285723,2022-11-30,409,Linz neu,Männer,60 bis 64 Jahre,B9999,unbestimmt (nur Pst),1,60,64
1285739,2022-11-30,411,Perg,Frauen,bis 19 Jahre,B9999,unbestimmt (nur Pst),1,0,19
1285753,2022-11-30,411,Perg,Frauen,20 bis 24 Jahre,B9999,unbestimmt (nur Pst),1,20,24
1285854,2022-11-30,411,Perg,Männer,bis 19 Jahre,B9999,unbestimmt (nur Pst),1,0,19
1285880,2022-11-30,411,Perg,Männer,20 bis 24 Jahre,B9999,unbestimmt (nur Pst),2,20,24
1285976,2022-11-30,412,Ried im Innkreis,Frauen,bis 19 Jahre,B9999,unbestimmt (nur Pst),10,0,19
1285992,2022-11-30,412,Ried im Innkreis,Frauen,20 bis 24 Jahre,B9999,unbestimmt (nur Pst),1,20,24
1286007,2022-11-30,412,Ried im Innkreis,Frauen,25 bis 29 Jahre,B9999,unbestimmt (nur Pst),3,25,29
1286022,2022-11-30,412,Ried im Innkreis,Frauen,30 bis 34 Jahre,B9999,unbestimmt (nur Pst),3,30,34
1286043,2022-11-30,412,Ried im Innkreis,Frauen,35 bis 39 Jahre,B9999,unbestimmt (nur Pst),1,35,39
1286056,2022-11-30,412,Ried im Innkreis,Frauen,40 bis 44 Jahre,B9999,unbestimmt (nur Pst),3,40,44
1286073,2022-11-30,412,Ried im Innkreis,Frauen,50 bis 54 Jahre,B9999,unbestimmt (nur Pst),3,50,54
1286083,2022-11-30,412,Ried im Innkreis,Frauen,55 bis 59 Jahre,B9999,unbestimmt (nur Pst),1,55,59
1286098,2022-11-30,412,Ried im Innkreis,Männer,bis 19 Jahre,B9999,unbestimmt (nur Pst),11,0,19
1286118,2022-11-30,412,Ried im Innkreis,Männer,20 bis 24 Jahre,B9999,unbestimmt (nur Pst),1,20,24
1286147,2022-11-30,412,Ried im Innkreis,Männer,30 bis 34 Jahre,B9999,unbestimmt (nur Pst),1,30,34
1286173,2022-11-30,412,Ried im Innkreis,Männer,45 bis 49 Jahre,B9999,unbestimmt (nur Pst),1,45,49
1286226,2022-11-30,413,Rohrbach,Frauen,25 bis 29 Jahre,B9999,unbestimmt (nur Pst),2,25,29
1286272,2022-11-30,413,Rohrbach,Frauen,45 bis 49 Jahre,B9999,unbestimmt (nur Pst),2,45,49
1286279,2022-11-30,413,Rohrbach,Frauen,50 bis 54 Jahre,B9999,unbestimmt (nur Pst),2,50,54
1286286,2022-11-30,413,Rohrbach,Frauen,55 bis 59 Jahre,B9999,unbestimmt (nur Pst),1,55,59
1286297,2022-11-30,413,Rohrbach,Männer,bis 19 Jahre,B9999,unbestimmt (nur Pst),1,0,19
1286327,2022-11-30,413,Rohrbach,Männer,40 bis 44 Jahre,B9999,unbestimmt (nur Pst),1,40,44
1286336,2022-11-30,413,Rohrbach,Männer,50 bis 54 Jahre,B9999,unbestimmt (nur Pst),1,50,54
1286357,2022-11-30,414,Schärding,Frauen,bis 19 Jahre,B9999,unbestimmt (nur Pst),2,0,19
1286371,2022-11-30,414,Schärding,Frauen,20 bis 24 Jahre,B9999,unbestimmt (nur Pst),2,20,24
1286422,2022-11-30,414,Schärding,Frauen,40 bis 44 Jahre,B9999,unbestimmt (nur Pst),1,40,44
1286435,2022-11-30,414,Schärding,Frauen,50 bis 54 Jahre,B9999,unbestimmt (nur Pst),1,50,54
1286485,2022-11-30,414,Schärding,Männer,35 bis 39 Jahre,B9999,unbestimmt (nur Pst),1,35,39
1286526,2022-11-30,415,Steyr,Frauen,bis 19 Jahre,B9999,unbestimmt (nur Pst),16,0,19
1286559,2022-11-30,415,Steyr,Frauen,20 bis 24 Jahre,B9999,unbestimmt (nur Pst),2,20,24
1286582,2022-11-30,415,Steyr,Frauen,25 bis 29 Jahre,B9999,unbestimmt (nur Pst),1,25,29
1286632,2022-11-30,415,Steyr,Frauen,35 bis 39 Jahre,B9999,unbestimmt (nur Pst),4,35,39
1286700,2022-11-30,415,Steyr,Frauen,55 bis 59 Jahre,B9999,unbestimmt (nur Pst),1,55,59
1286701,2022-11-30,415,Steyr,Frauen,60 bis 64 Jahre,B9999,unbestimmt (nur Pst),1,60,64
1286731,2022-11-30,415,Steyr,Männer,bis 19 Jahre,B9999,unbestimmt (nur Pst),16,0,19
1286762,2022-11-30,415,Steyr,Männer,20 bis 24 Jahre,B9999,unbestimmt (nur Pst),6,20,24
1286786,2022-11-30,415,Steyr,Männer,25 bis 29 Jahre,B9999,unbestimmt (nur Pst),4,25,29
1286868,2022-11-30,415,Steyr,Männer,45 bis 49 Jahre,B9999,unbestimmt (nur Pst),1,45,49
1286881,2022-11-30,415,Steyr,Männer,50 bis 54 Jahre,B9999,unbestimmt (nur Pst),1,50,54
1286913,2022-11-30,418,Vöcklabruck,Frauen,bis 19 Jahre,B9999,unbestimmt (nur Pst),4,0,19
1286938,2022-11-30,418,Vöcklabruck,Frauen,20 bis 24 Jahre,B9999,unbestimmt (nur Pst),2,20,24
1287095,2022-11-30,418,Vöcklabruck,Männer,bis 19 Jahre,B9999,unbestimmt (nur Pst),4,0,19
1287125,2022-11-30,418,Vöcklabruck,Männer,20 bis 24 Jahre,B9999,unbestimmt (nur Pst),1,20,24
1287305,2022-11-30,419,Wels,Frauen,20 bis 24 Jahre,B9999,unbestimmt (nur Pst),1,20,24
1287363,2022-11-30,419,Wels,Frauen,30 bis 34 Jahre,B9999,unbestimmt (nur Pst),1,30,34
1287416,2022-11-30,419,Wels,Frauen,40 bis 44 Jahre,B9999,unbestimmt (nur Pst),1,40,44
1287504,2022-11-30,419,Wels,Männer,bis 19 Jahre,B9999,unbestimmt (nur Pst),1,0,19
1287595,2022-11-30,419,Wels,Männer,30 bis 34 Jahre,B9999,unbestimmt (nur Pst),2,30,34
1287615,2022-11-30,419,Wels,Männer,35 bis 39 Jahre,B9999,unbestimmt (nur Pst),1,35,39
1287703,2022-11-30,421,Traun,Frauen,bis 19 Jahre,B9999,unbestimmt (nur Pst),6,0,19
1287815,2022-11-30,421,Traun,Frauen,35 bis 39 Jahre,B9999,unbestimmt (nur Pst),1,35,39
1287848,2022-11-30,421,Traun,Frauen,40 bis 44 Jahre,B9999,unbestimmt (nur Pst),2,40,44
1287951,2022-11-30,421,Traun,Männer,bis 19 Jahre,B9999,unbestimmt (nur Pst),3,0,19
1288009,2022-11-30,421,Traun,Männer,25 bis 29 Jahre,B9999,unbestimmt (nur Pst),1,25,29
1288063,2022-11-30,421,Traun,Männer,35 bis 39 Jahre,B9999,unbestimmt (nur Pst),1,35,39
1288091,2022-11-30,421,Traun,Männer,40 bis 44 Jahre,B9999,unbestimmt (nur Pst),1,40,44
1288131,2022-11-30,421,Traun,Männer,50 bis 54 Jahre,B9999,unbestimmt (nur Pst),1,50,54
1288154,2022-11-30,421,Traun,Männer,60 bis 64 Jahre,B9999,unbestimmt (nur Pst),1,60,64
1288187,2022-11-30,501,Bischofshofen,Frauen,20 bis 24 Jahre,B9999,unbestimmt (nur Pst),2,20,24
1288199,2022-11-30,501,Bischofshofen,Frauen,25 bis 29 Jahre,B9999,unbestimmt (nur Pst),1,25,29
1288249,2022-11-30,501,Bischofshofen,Frauen,40 bis 44 Jahre,B9999,unbestimmt (nur Pst),1,40,44
1288315,2022-11-30,501,Bischofshofen,Männer,25 bis 29 Jahre,B9999,unbestimmt (nur Pst),1,25,29
1288360,2022-11-30,503,Hallein,Frauen,bis 19 Jahre,B9999,unbestimmt (nur Pst),1,0,19
1288449,2022-11-30,503,Hallein,Männer,bis 19 Jahre,B9999,unbestimmt (nur Pst),3,0,19
1288534,2022-11-30,506,Zell am See,Frauen,bis 19 Jahre,B9999,unbestimmt (nur Pst),2,0,19
1288672,2022-11-30,506,Zell am See,Männer,55 bis 59 Jahre,B9999,unbestimmt (nur Pst),1,55,59
1289115,2022-11-30,511,Salzburg-Umgebung,Frauen,bis 19 Jahre,B9999,unbestimmt (nur Pst),2,0,19
1289198,2022-11-30,511,Salzburg-Umgebung,Frauen,35 bis 39 Jahre,B9999,unbestimmt (nur Pst),1,35,39
1289407,2022-11-30,601,Bruck/Mur,Frauen,bis 19 Jahre,B9999,unbestimmt (nur Pst),4,0,19
1289453,2022-11-30,601,Bruck/Mur,Frauen,30 bis 34 Jahre,B9999,unbestimmt (nur Pst),2,30,34
1289515,2022-11-30,601,Bruck/Mur,Frauen,50 bis 54 Jahre,B9999,unbestimmt (nur Pst),1,50,54
1289542,2022-11-30,601,Bruck/Mur,Männer,bis 19 Jahre,B9999,unbestimmt (nur Pst),8,0,19
1289673,2022-11-30,603,Deutschlandsberg,Frauen,bis 19 Jahre,B9999,unbestimmt (nur Pst),1,0,19
1289688,2022-11-30,603,Deutschlandsberg,Frauen,20 bis 24 Jahre,B9999,unbestimmt (nur Pst),1,20,24
1290109,2022-11-30,606,Gleisdorf,Frauen,bis 19 Jahre,B9999,unbestimmt (nur Pst),3,0,19
1290122,2022-11-30,606,Gleisdorf,Frauen,20 bis 24 Jahre,B9999,unbestimmt (nur Pst),2,20,24
1290201,2022-11-30,606,Gleisdorf,Männer,bis 19 Jahre,B9999,unbestimmt (nur Pst),1,0,19
1290218,2022-11-30,606,Gleisdorf,Männer,20 bis 24 Jahre,B9999,unbestimmt (nur Pst),1,20,24
1290390,2022-11-30,609,Hartberg,Frauen,40 bis 44 Jahre,B9999,unbestimmt (nur Pst),1,40,44
1290455,2022-11-30,609,Hartberg,Männer,bis 19 Jahre,B9999,unbestimmt (nur Pst),3,0,19
1290477,2022-11-30,609,Hartberg,Männer,20 bis 24 Jahre,B9999,unbestimmt (nur Pst),1,20,24
1290524,2022-11-30,609,Hartberg,Männer,35 bis 39 Jahre,B9999,unbestimmt (nur Pst),1,35,39
1290833,2022-11-30,611,Murau,Frauen,20 bis 24 Jahre,B9999,unbestimmt (nur Pst),1,20,24
1290867,2022-11-30,611,Murau,Männer,bis 19 Jahre,B9999,unbestimmt (nur Pst),2,0,19
1290908,2022-11-30,614,Leibnitz,Frauen,bis 19 Jahre,B9999,unbestimmt (nur Pst),5,0,19
1291085,2022-11-30,614,Leibnitz,Männer,bis 19 Jahre,B9999,unbestimmt (nur Pst),1,0,19
1291104,2022-11-30,614,Leibnitz,Männer,20 bis 24 Jahre,B9999,unbestimmt (nur Pst),1,20,24
1291203,2022-11-30,616,Leoben,Frauen,bis 19 Jahre,B9999,unbestimmt (nur Pst),2,0,19
1291225,2022-11-30,616,Leoben,Frauen,20 bis 24 Jahre,B9999,unbestimmt (nur Pst),3,20,24
1291235,2022-11-30,616,Leoben,Frauen,25 bis 29 Jahre,B9999,unbestimmt (nur Pst),2,25,29
1291251,2022-11-30,616,Leoben,Frauen,30 bis 34 Jahre,B9999,unbestimmt (nur Pst),2,30,34
1291269,2022-11-30,616,Leoben,Frauen,35 bis 39 Jahre,B9999,unbestimmt (nur Pst),3,35,39
1291284,2022-11-30,616,Leoben,Frauen,40 bis 44 Jahre,B9999,unbestimmt (nur Pst),3,40,44
1291297,2022-11-30,616,Leoben,Frauen,45 bis 49 Jahre,B9999,unbestimmt (nur Pst),2,45,49
1291343,2022-11-30,616,Leoben,Männer,bis 19 Jahre,B9999,unbestimmt (nur Pst),4,0,19
1291423,2022-11-30,616,Leoben,Männer,40 bis 44 Jahre,B9999,unbestimmt (nur Pst),1,40,44
1291429,2022-11-30,616,Leoben,Männer,45 bis 49 Jahre,B9999,unbestimmt (nur Pst),1,45,49
1291444,2022-11-30,616,Leoben,Männer,55 bis 59 Jahre,B9999,unbestimmt (nur Pst),1,55,59
1291688,2022-11-30,621,Mürzzuschlag,Frauen,bis 19 Jahre,B9999,unbestimmt (nur Pst),2,0,19
1291703,2022-11-30,621,Mürzzuschlag,Frauen,20 bis 24 Jahre,B9999,unbestimmt (nur Pst),2,20,24
1291726,2022-11-30,621,Mürzzuschlag,Frauen,35 bis 39 Jahre,B9999,unbestimmt (nur Pst),1,35,39
1291782,2022-11-30,621,Mürzzuschlag,Männer,bis 19 Jahre,B9999,unbestimmt (nur Pst),3,0,19
1291794,2022-11-30,621,Mürzzuschlag,Männer,20 bis 24 Jahre,B9999,unbestimmt (nur Pst),1,20,24
1291863,2022-11-30,621,Mürzzuschlag,Männer,50 bis 54 Jahre,B9999,unbestimmt (nur Pst),1,50,54
1291884,2022-11-30,622,Voitsberg,Frauen,bis 19 Jahre,B9999,unbestimmt (nur Pst),2,0,19
1291908,2022-11-30,622,Voitsberg,Frauen,20 bis 24 Jahre,B9999,unbestimmt (nur Pst),1,20,24
1292018,2022-11-30,622,Voitsberg,Männer,bis 19 Jahre,B9999,unbestimmt (nur Pst),2,0,19
1292119,2022-11-30,623,Weiz,Frauen,bis 19 Jahre,B9999,unbestimmt (nur Pst),1,0,19
1292132,2022-11-30,623,Weiz,Frauen,20 bis 24 Jahre,B9999,unbestimmt (nur Pst),1,20,24
1292144,2022-11-30,623,Weiz,Frauen,30 bis 34 Jahre,B9999,unbestimmt (nur Pst),2,30,34
1292164,2022-11-30,623,Weiz,Frauen,40 bis 44 Jahre,B9999,unbestimmt (nur Pst),2,40,44
1292175,2022-11-30,623,Weiz,Frauen,45 bis 49 Jahre,B9999,unbestimmt (nur Pst),1,45,49
1292187,2022-11-30,623,Weiz,Frauen,55 bis 59 Jahre,B9999,unbestimmt (nur Pst),1,55,59
1292195,2022-11-30,623,Weiz,Männer,bis 19 Jahre,B9999,unbestimmt (nur Pst),2,0,19
1292231,2022-11-30,623,Weiz,Männer,40 bis 44 Jahre,B9999,unbestimmt (nur Pst),1,40,44
1292236,2022-11-30,623,Weiz,Männer,45 bis 49 Jahre,B9999,unbestimmt (nur Pst),1,45,49
1292241,2022-11-30,623,Weiz,Männer,50 bis 54 Jahre,B9999,unbestimmt (nur Pst),1,50,54
1292295,2022-11-30,630,Graz-West und Umgebung,Frauen,bis 19 Jahre,B9999,unbestimmt (nur Pst),9,0,19
1292346,2022-11-30,630,Graz-West und Umgebung,Frauen,20 bis 24 Jahre,B9999,unbestimmt (nur Pst),2,20,24
1292398,2022-11-30,630,Graz-West und Umgebung,Frauen,25 bis 29 Jahre,B9999,unbestimmt (nur Pst),1,25,29
1292444,2022-11-30,630,Graz-West und Umgebung,Frauen,30 bis 34 Jahre,B9999,unbestimmt (nur Pst),2,30,34
1292497,2022-11-30,630,Graz-West und Umgebung,Frauen,35 bis 39 Jahre,B9999,unbestimmt (nur Pst),1,35,39
1292546,2022-11-30,630,Graz-West und Umgebung,Frauen,40 bis 44 Jahre,B9999,unbestimmt (nur Pst),1,40,44
1292589,2022-11-30,630,Graz-West und Umgebung,Frauen,45 bis 49 Jahre,B9999,unbestimmt (nur Pst),3,45,49
1292629,2022-11-30,630,Graz-West und Umgebung,Frauen,50 bis 54 Jahre,B9999,unbestimmt (nur Pst),1,50,54
1292706,2022-11-30,630,Graz-West und Umgebung,Männer,bis 19 Jahre,B9999,unbestimmt (nur Pst),15,0,19
1292766,2022-11-30,630,Graz-West und Umgebung,Männer,20 bis 24 Jahre,B9999,unbestimmt (nur Pst),2,20,24
1292823,2022-11-30,630,Graz-West und Umgebung,Männer,25 bis 29 Jahre,B9999,unbestimmt (nur Pst),1,25,29
1293008,2022-11-30,630,Graz-West und Umgebung,Männer,50 bis 54 Jahre,B9999,unbestimmt (nur Pst),1,50,54
1293040,2022-11-30,630,Graz-West und Umgebung,Männer,60 bis 64 Jahre,B9999,unbestimmt (nur Pst),1,60,64
1293065,2022-11-30,631,Graz-Ost,Frauen,bis 19 Jahre,B9999,unbestimmt (nur Pst),1,0,19
1293090,2022-11-30,631,Graz-Ost,Frauen,20 bis 24 Jahre,B9999,unbestimmt (nur Pst),2,20,24
1293363,2022-11-30,631,Graz-Ost,Männer,bis 19 Jahre,B9999,unbestimmt (nur Pst),1,0,19
1293617,2022-11-30,701,Imst,Frauen,bis 19 Jahre,B9999,unbestimmt (nur Pst),2,0,19
1293633,2022-11-30,701,Imst,Frauen,20 bis 24 Jahre,B9999,unbestimmt (nur Pst),1,20,24
1293685,2022-11-30,701,Imst,Männer,bis 19 Jahre,B9999,unbestimmt (nur Pst),1,0,19
1293846,2022-11-30,702,Innsbruck,Frauen,30 bis 34 Jahre,B9999,unbestimmt (nur Pst),3,30,34
1293883,2022-11-30,702,Innsbruck,Frauen,35 bis 39 Jahre,B9999,unbestimmt (nur Pst),1,35,39
1293923,2022-11-30,702,Innsbruck,Frauen,40 bis 44 Jahre,B9999,unbestimmt (nur Pst),2,40,44
1293967,2022-11-30,702,Innsbruck,Frauen,50 bis 54 Jahre,B9999,unbestimmt (nur Pst),1,50,54
1293981,2022-11-30,702,Innsbruck,Frauen,60 bis 64 Jahre,B9999,unbestimmt (nur Pst),1,60,64
1294052,2022-11-30,702,Innsbruck,Männer,20 bis 24 Jahre,B9999,unbestimmt (nur Pst),3,20,24
1294087,2022-11-30,702,Innsbruck,Männer,25 bis 29 Jahre,B9999,unbestimmt (nur Pst),3,25,29
1294142,2022-11-30,702,Innsbruck,Männer,35 bis 39 Jahre,B9999,unbestimmt (nur Pst),1,35,39
1294356,2022-11-30,705,Kufstein,Frauen,bis 19 Jahre,B9999,unbestimmt (nur Pst),5,0,19
1294370,2022-11-30,705,Kufstein,Frauen,20 bis 24 Jahre,B9999,unbestimmt (nur Pst),1,20,24
1294385,2022-11-30,705,Kufstein,Frauen,25 bis 29 Jahre,B9999,unbestimmt (nur Pst),1,25,29
1294422,2022-11-30,705,Kufstein,Frauen,35 bis 39 Jahre,B9999,unbestimmt (nur Pst),1,35,39
1294448,2022-11-30,705,Kufstein,Frauen,45 bis 49 Jahre,B9999,unbestimmt (nur Pst),1,45,49
1294482,2022-11-30,705,Kufstein,Männer,bis 19 Jahre,B9999,unbestimmt (nur Pst),4,0,19
1294501,2022-11-30,705,Kufstein,Männer,20 bis 24 Jahre,B9999,unbestimmt (nur Pst),1,20,24
1294545,2022-11-30,705,Kufstein,Männer,40 bis 44 Jahre,B9999,unbestimmt (nur Pst),1,40,44
1294580,2022-11-30,706,Landeck,Frauen,bis 19 Jahre,B9999,unbestimmt (nur Pst),1,0,19
1294589,2022-11-30,706,Landeck,Frauen,20 bis 24 Jahre,B9999,unbestimmt (nur Pst),1,20,24
1294631,2022-11-30,706,Landeck,Männer,bis 19 Jahre,B9999,unbestimmt (nur Pst),1,0,19
1294640,2022-11-30,706,Landeck,Männer,20 bis 24 Jahre,B9999,unbestimmt (nur Pst),1,20,24
1294803,2022-11-30,709,Schwaz,Frauen,bis 19 Jahre,B9999,unbestimmt (nur Pst),2,0,19
1294818,2022-11-30,709,Schwaz,Frauen,20 bis 24 Jahre,B9999,unbestimmt (nur Pst),2,20,24
1294830,2022-11-30,709,Schwaz,Frauen,25 bis 29 Jahre,B9999,unbestimmt (nur Pst),1,25,29
1294893,2022-11-30,709,Schwaz,Frauen,55 bis 59 Jahre,B9999,unbestimmt (nur Pst),1,55,59
1294930,2022-11-30,709,Schwaz,Männer,25 bis 29 Jahre,B9999,unbestimmt (nur Pst),1,25,29
1294957,2022-11-30,709,Schwaz,Männer,40 bis 44 Jahre,B9999,unbestimmt (nur Pst),1,40,44
1295013,2022-11-30,801,Bludenz,Frauen,20 bis 24 Jahre,B9999,unbestimmt (nur Pst),2,20,24
1295031,2022-11-30,801,Bludenz,Frauen,25 bis 29 Jahre,B9999,unbestimmt (nur Pst),2,25,29
1295102,2022-11-30,801,Bludenz,Frauen,50 bis 54 Jahre,B9999,unbestimmt (nur Pst),1,50,54
1295123,2022-11-30,801,Bludenz,Männer,bis 19 Jahre,B9999,unbestimmt (nur Pst),1,0,19
1295144,2022-11-30,801,Bludenz,Männer,20 bis 24 Jahre,B9999,unbestimmt (nur Pst),2,20,24
1295159,2022-11-30,801,Bludenz,Männer,25 bis 29 Jahre,B9999,unbestimmt (nur Pst),1,25,29
1295224,2022-11-30,802,Bregenz,Frauen,bis 19 Jahre,B9999,unbestimmt (nur Pst),1,0,19
1295250,2022-11-30,802,Bregenz,Frauen,20 bis 24 Jahre,B9999,unbestimmt (nur Pst),2,20,24
1295326,2022-11-30,802,Bregenz,Frauen,35 bis 39 Jahre,B9999,unbestimmt (nur Pst),1,35,39
1295345,2022-11-30,802,Bregenz,Frauen,40 bis 44 Jahre,B9999,unbestimmt (nur Pst),1,40,44
1295368,2022-11-30,802,Bregenz,Frauen,45 bis 49 Jahre,B9999,unbestimmt (nur Pst),1,45,49
1295460,2022-11-30,802,Bregenz,Männer,20 bis 24 Jahre,B9999,unbestimmt (nur Pst),1,20,24
1295516,2022-11-30,802,Bregenz,Männer,35 bis 39 Jahre,B9999,unbestimmt (nur Pst),2,35,39
1295576,2022-11-30,804,Dornbirn,Frauen,bis 19 Jahre,B9999,unbestimmt (nur Pst),3,0,19
1295606,2022-11-30,804,Dornbirn,Frauen,20 bis 24 Jahre,B9999,unbestimmt (nur Pst),5,20,24
1295762,2022-11-30,804,Dornbirn,Männer,bis 19 Jahre,B9999,unbestimmt (nur Pst),1,0,19
1295795,2022-11-30,804,Dornbirn,Männer,20 bis 24 Jahre,B9999,unbestimmt (nur Pst),1,20,24
1295843,2022-11-30,804,Dornbirn,Männer,30 bis 34 Jahre,B9999,unbestimmt (nur Pst),1,30,34
1295868,2022-11-30,804,Dornbirn,Männer,40 bis 44 Jahre,B9999,unbestimmt (nur Pst),1,40,44
1295913,2022-11-30,805,Feldkirch,Frauen,bis 19 Jahre,B9999,unbestimmt (nur Pst),5,0,19
1295947,2022-11-30,805,Feldkirch,Frauen,20 bis 24 Jahre,B9999,unbestimmt (nur Pst),10,20,24
1295970,2022-11-30,805,Feldkirch,Frauen,25 bis 29 Jahre,B9999,unbestimmt (nur Pst),4,25,29
1295993,2022-11-30,805,Feldkirch,Frauen,30 bis 34 Jahre,B9999,unbestimmt (nur Pst),2,30,34
1296016,2022-11-30,805,Feldkirch,Frauen,35 bis 39 Jahre,B9999,unbestimmt (nur Pst),1,35,39
1296039,2022-11-30,805,Feldkirch,Frauen,40 bis 44 Jahre,B9999,unbestimmt (nur Pst),1,40,44
1296113,2022-11-30,805,Feldkirch,Männer,bis 19 Jahre,B9999,unbestimmt (nur Pst),11,0,19
1296143,2022-11-30,805,Feldkirch,Männer,20 bis 24 Jahre,B9999,unbestimmt (nur Pst),5,20,24
1296170,2022-11-30,805,Feldkirch,Männer,25 bis 29 Jahre,B9999,unbestimmt (nur Pst),1,25,29
1296208,2022-11-30,805,Feldkirch,Männer,35 bis 39 Jahre,B9999,unbestimmt (nur Pst),2,35,39
1296236,2022-11-30,805,Feldkirch,Männer,45 bis 49 Jahre,B9999,unbestimmt (nur Pst),1,45,49
1296247,2022-11-30,805,Feldkirch,Männer,50 bis 54 Jahre,B9999,unbestimmt (nur Pst),1,50,54
1296600,2022-11-30,958,Wien Johnstraße,Männer,30 bis 34 Jahre,B9999,unbestimmt (nur Pst),1,30,34
1296959,2022-11-30,959,Wien Hauffgasse,Frauen,45 bis 49 Jahre,B9999,unbestimmt (nur Pst),1,45,49
1297151,2022-11-30,959,Wien Hauffgasse,Männer,35 bis 39 Jahre,B9999,unbestimmt (nur Pst),1,35,39
1297318,2022-11-30,960,Wien Esteplatz,Frauen,25 bis 29 Jahre,B9999,unbestimmt (nur Pst),1,25,29
1298343,2022-11-30,962,Wien Redergasse,Männer,40 bis 44 Jahre,B9999,unbestimmt (nur Pst),1,40,44
1298617,2022-11-30,963,Wien Währinger Gürtel,Frauen,40 bis 44 Jahre,B9999,unbestimmt (nur Pst),2,40,44
1298653,2022-11-30,963,Wien Währinger Gürtel,Frauen,45 bis 49 Jahre,B9999,unbestimmt (nur Pst),1,45,49
1298682,2022-11-30,963,Wien Währinger Gürtel,Frauen,50 bis 54 Jahre,B9999,unbestimmt (nur Pst),3,50,54
1299078,2022-11-30,964,Wien Favoritenstraße,Frauen,30 bis 34 Jahre,B9999,unbestimmt (nur Pst),1,30,34
1299879,2022-11-30,965,Wien Schönbrunner Straße,Frauen,25 bis 29 Jahre,B9999,unbestimmt (nur Pst),1,25,29
1300013,2022-11-30,965,Wien Schönbrunner Straße,Frauen,35 bis 39 Jahre,B9999,unbestimmt (nur Pst),1,35,39
1300068,2022-11-30,965,Wien Schönbrunner Straße,Frauen,40 bis 44 Jahre,B9999,unbestimmt (nur Pst),1,40,44
1300253,2022-11-30,965,Wien Schönbrunner Straße,Männer,25 bis 29 Jahre,B9999,unbestimmt (nur Pst),1,25,29
1300526,2022-11-30,965,Wien Schönbrunner Straße,Männer,50 bis 54 Jahre,B9999,unbestimmt (nur Pst),1,50,54
1300782,2022-11-30,966,Wien Hietzinger Kai,Frauen,40 bis 44 Jahre,B9999,unbestimmt (nur Pst),1,40,44
1300937,2022-11-30,966,Wien Hietzinger Kai,Männer,25 bis 29 Jahre,B9999,unbestimmt (nur Pst),1,25,29
1301004,2022-11-30,966,Wien Hietzinger Kai,Männer,30 bis 34 Jahre,B9999,unbestimmt (nur Pst),1,30,34
1301176,2022-11-30,966,Wien Hietzinger Kai,Männer,50 bis 54 Jahre,B9999,unbestimmt (nur Pst),1,50,54
1301276,2022-11-30,967,Wien Huttengasse,Frauen,25 bis 29 Jahre,B9999,unbestimmt (nur Pst),1,25,29
1301509,2022-11-30,967,Wien Huttengasse,Frauen,45 bis 49 Jahre,B9999,unbestimmt (nur Pst),1,45,49
1301659,2022-11-30,967,Wien Huttengasse,Männer,25 bis 29 Jahre,B9999,unbestimmt (nur Pst),1,25,29
1302109,2022-11-30,968,Wien Schloßhofer Straße,Frauen,25 bis 29 Jahre,B9999,unbestimmt (nur Pst),2,25,29
1302161,2022-11-30,968,Wien Schloßhofer Straße,Frauen,30 bis 34 Jahre,B9999,unbestimmt (nur Pst),3,30,34
1302223,2022-11-30,968,Wien Schloßhofer Straße,Frauen,35 bis 39 Jahre,B9999,unbestimmt (nur Pst),1,35,39
1302274,2022-11-30,968,Wien Schloßhofer Straße,Frauen,40 bis 44 Jahre,B9999,unbestimmt (nur Pst),2,40,44
1302344,2022-11-30,968,Wien Schloßhofer Straße,Frauen,50 bis 54 Jahre,B9999,unbestimmt (nur Pst),2,50,54
1302488,2022-11-30,968,Wien Schloßhofer Straße,Männer,30 bis 34 Jahre,B9999,unbestimmt (nur Pst),1,30,34
1303532,2022-11-30,974,Wien Austria Campus,Frauen,35 bis 39 Jahre,B9999,unbestimmt (nur Pst),1,35,39
1303637,2022-11-30,974,Wien Austria Campus,Frauen,50 bis 54 Jahre,B9999,unbestimmt (nur Pst),1,50,54
1304488,2022-11-30,976,Wien Jugendliche I,Frauen,bis 19 Jahre,B9999,unbestimmt (nur Pst),11,0,19
1304582,2022-11-30,976,Wien Jugendliche I,Frauen,20 bis 24 Jahre,B9999,unbestimmt (nur Pst),6,20,24
1304691,2022-11-30,976,Wien Jugendliche I,Männer,bis 19 Jahre,B9999,unbestimmt (nur Pst),10,0,19
1304840,2022-11-30,976,Wien Jugendliche I,Männer,20 bis 24 Jahre,B9999,unbestimmt (nur Pst),3,20,24
1304922,2022-11-30,977,Wien Jugendliche II,Frauen,bis 19 Jahre,B9999,unbestimmt (nur Pst),18,0,19
1305029,2022-11-30,977,Wien Jugendliche II,Frauen,20 bis 24 Jahre,B9999,unbestimmt (nur Pst),7,20,24
1305149,2022-11-30,977,Wien Jugendliche II,Männer,bis 19 Jahre,B9999,unbestimmt (nur Pst),18,0,19
1305280,2022-11-30,977,Wien Jugendliche II,Männer,20 bis 24 Jahre,B9999,unbestimmt (nur Pst),3,20,24
1305354,2022-12-31,101,Eisenstadt,Frauen,20 bis 24 Jahre,B9999,unbestimmt (nur Pst),1,20,24
1305429,2022-12-31,101,Eisenstadt,Männer,bis 19 Jahre,B9999,unbestimmt (nur Pst),1,0,19
1305504,2022-12-31,102,Mattersburg,Frauen,bis 19 Jahre,B9999,unbestimmt (nur Pst),7,0,19
1305515,2022-12-31,102,Mattersburg,Frauen,20 bis 24 Jahre,B9999,unbestimmt (nur Pst),2,20,24
1305549,2022-12-31,102,Mattersburg,Frauen,45 bis 49 Jahre,B9999,unbestimmt (nur Pst),2,45,49
1305566,2022-12-31,102,Mattersburg,Männer,bis 19 Jahre,B9999,unbestimmt (nur Pst),4,0,19
1305578,2022-12-31,102,Mattersburg,Männer,20 bis 24 Jahre,B9999,unbestimmt (nur Pst),1,20,24
1305677,2022-12-31,103,Neusiedl am See,Männer,bis 19 Jahre,B9999,unbestimmt (nur Pst),1,0,19
1305709,2022-12-31,103,Neusiedl am See,Männer,40 bis 44 Jahre,B9999,unbestimmt (nur Pst),1,40,44
1305845,2022-12-31,105,Oberwart,Frauen,bis 19 Jahre,B9999,unbestimmt (nur Pst),1,0,19
1305864,2022-12-31,105,Oberwart,Frauen,20 bis 24 Jahre,B9999,unbestimmt (nur Pst),1,20,24
1305978,2022-12-31,105,Oberwart,Männer,bis 19 Jahre,B9999,unbestimmt (nur Pst),1,0,19
1306082,2022-12-31,106,Stegersbach,Frauen,bis 19 Jahre,B9999,unbestimmt (nur Pst),1,0,19
1306261,2022-12-31,201,Feldkirchen,Frauen,30 bis 34 Jahre,B9999,unbestimmt (nur Pst),1,30,34
1306273,2022-12-31,201,Feldkirchen,Frauen,40 bis 44 Jahre,B9999,unbestimmt (nur Pst),2,40,44
1306295,2022-12-31,201,Feldkirchen,Männer,35 bis 39 Jahre,B9999,unbestimmt (nur Pst),1,35,39
1306346,2022-12-31,203,Klagenfurt,Frauen,bis 19 Jahre,B9999,unbestimmt (nur Pst),1,0,19
1306391,2022-12-31,203,Klagenfurt,Frauen,25 bis 29 Jahre,B9999,unbestimmt (nur Pst),1,25,29
1306410,2022-12-31,203,Klagenfurt,Frauen,30 bis 34 Jahre,B9999,unbestimmt (nur Pst),2,30,34
1306536,2022-12-31,203,Klagenfurt,Männer,bis 19 Jahre,B9999,unbestimmt (nur Pst),4,0,19
1306581,2022-12-31,203,Klagenfurt,Männer,25 bis 29 Jahre,B9999,unbestimmt (nur Pst),1,25,29
1306631,2022-12-31,203,Klagenfurt,Männer,45 bis 49 Jahre,B9999,unbestimmt (nur Pst),2,45,49
1306673,2022-12-31,204,Spittal/Drau,Frauen,bis 19 Jahre,B9999,unbestimmt (nur Pst),2,0,19
1306690,2022-12-31,204,Spittal/Drau,Frauen,20 bis 24 Jahre,B9999,unbestimmt (nur Pst),1,20,24
1306700,2022-12-31,204,Spittal/Drau,Frauen,25 bis 29 Jahre,B9999,unbestimmt (nur Pst),1,25,29
1306759,2022-12-31,204,Spittal/Drau,Männer,bis 19 Jahre,B9999,unbestimmt (nur Pst),2,0,19
1306852,2022-12-31,205,St. Veit/Glan,Frauen,35 bis 39 Jahre,B9999,unbestimmt (nur Pst),1,35,39
1306962,2022-12-31,206,Villach,Frauen,bis 19 Jahre,B9999,unbestimmt (nur Pst),1,0,19
1307039,2022-12-31,206,Villach,Frauen,35 bis 39 Jahre,B9999,unbestimmt (nur Pst),1,35,39
1307216,2022-12-31,206,Villach,Männer,40 bis 44 Jahre,B9999,unbestimmt (nur Pst),1,40,44
1307294,2022-12-31,207,Völkermarkt,Frauen,40 bis 44 Jahre,B9999,unbestimmt (nur Pst),2,40,44
1307329,2022-12-31,207,Völkermarkt,Männer,20 bis 24 Jahre,B9999,unbestimmt (nur Pst),1,20,24
1307342,2022-12-31,207,Völkermarkt,Männer,30 bis 34 Jahre,B9999,unbestimmt (nur Pst),1,30,34
1307381,2022-12-31,208,Wolfsberg,Frauen,bis 19 Jahre,B9999,unbestimmt (nur Pst),1,0,19
1307447,2022-12-31,208,Wolfsberg,Männer,bis 19 Jahre,B9999,unbestimmt (nur Pst),2,0,19
1307518,2022-12-31,301,Amstetten,Frauen,bis 19 Jahre,B9999,unbestimmt (nur Pst),9,0,19
1307539,2022-12-31,301,Amstetten,Frauen,20 bis 24 Jahre,B9999,unbestimmt (nur Pst),2,20,24
1307563,2022-12-31,301,Amstetten,Frauen,25 bis 29 Jahre,B9999,unbestimmt (nur Pst),1,25,29
1307587,2022-12-31,301,Amstetten,Frauen,30 bis 34 Jahre,B9999,unbestimmt (nur Pst),1,30,34
1307675,2022-12-31,301,Amstetten,Männer,bis 19 Jahre,B9999,unbestimmt (nur Pst),8,0,19
1307697,2022-12-31,301,Amstetten,Männer,20 bis 24 Jahre,B9999,unbestimmt (nur Pst),4,20,24
1307817,2022-12-31,304,Baden neu,Frauen,bis 19 Jahre,B9999,unbestimmt (nur Pst),4,0,19
1307844,2022-12-31,304,Baden neu,Frauen,20 bis 24 Jahre,B9999,unbestimmt (nur Pst),3,20,24
1307864,2022-12-31,304,Baden neu,Frauen,25 bis 29 Jahre,B9999,unbestimmt (nur Pst),2,25,29
1307908,2022-12-31,304,Baden neu,Frauen,35 bis 39 Jahre,B9999,unbestimmt (nur Pst),1,35,39
1308015,2022-12-31,304,Baden neu,Männer,bis 19 Jahre,B9999,unbestimmt (nur Pst),4,0,19
1308054,2022-12-31,304,Baden neu,Männer,20 bis 24 Jahre,B9999,unbestimmt (nur Pst),2,20,24
1308184,2022-12-31,306,Bruck/Leitha,Frauen,bis 19 Jahre,B9999,unbestimmt (nur Pst),3,0,19
1308285,2022-12-31,306,Bruck/Leitha,Männer,20 bis 24 Jahre,B9999,unbestimmt (nur Pst),2,20,24
1308340,2022-12-31,308,Gänserndorf,Frauen,bis 19 Jahre,B9999,unbestimmt (nur Pst),1,0,19
1308364,2022-12-31,308,Gänserndorf,Frauen,20 bis 24 Jahre,B9999,unbestimmt (nur Pst),1,20,24
1308383,2022-12-31,308,Gänserndorf,Frauen,25 bis 29 Jahre,B9999,unbestimmt (nur Pst),1,25,29
1308505,2022-12-31,308,Gänserndorf,Männer,bis 19 Jahre,B9999,unbestimmt (nur Pst),5,0,19
1308637,2022-12-31,311,Gmünd,Frauen,bis 19 Jahre,B9999,unbestimmt (nur Pst),1,0,19
1308688,2022-12-31,311,Gmünd,Frauen,55 bis 59 Jahre,B9999,unbestimmt (nur Pst),1,55,59
1308707,2022-12-31,311,Gmünd,Männer,bis 19 Jahre,B9999,unbestimmt (nur Pst),5,0,19
1308765,2022-12-31,312,Hollabrunn,Frauen,bis 19 Jahre,B9999,unbestimmt (nur Pst),4,0,19
1308779,2022-12-31,312,Hollabrunn,Frauen,20 bis 24 Jahre,B9999,unbestimmt (nur Pst),1,20,24
1308790,2022-12-31,312,Hollabrunn,Frauen,25 bis 29 Jahre,B9999,unbestimmt (nur Pst),1,25,29
1308807,2022-12-31,312,Hollabrunn,Frauen,35 bis 39 Jahre,B9999,unbestimmt (nur Pst),1,35,39
1308826,2022-12-31,312,Hollabrunn,Frauen,55 bis 59 Jahre,B9999,unbestimmt (nur Pst),1,55,59
1308838,2022-12-31,312,Hollabrunn,Männer,bis 19 Jahre,B9999,unbestimmt (nur Pst),2,0,19
1308887,2022-12-31,312,Hollabrunn,Männer,55 bis 59 Jahre,B9999,unbestimmt (nur Pst),1,55,59
1308894,2022-12-31,313,Horn,Frauen,bis 19 Jahre,B9999,unbestimmt (nur Pst),1,0,19
1308901,2022-12-31,313,Horn,Frauen,20 bis 24 Jahre,B9999,unbestimmt (nur Pst),2,20,24
1308966,2022-12-31,314,Korneuburg,Frauen,bis 19 Jahre,B9999,unbestimmt (nur Pst),2,0,19
1308986,2022-12-31,314,Korneuburg,Frauen,20 bis 24 Jahre,B9999,unbestimmt (nur Pst),3,20,24
1308998,2022-12-31,314,Korneuburg,Frauen,25 bis 29 Jahre,B9999,unbestimmt (nur Pst),1,25,29
1309035,2022-12-31,314,Korneuburg,Frauen,35 bis 39 Jahre,B9999,unbestimmt (nur Pst),1,35,39
1309111,2022-12-31,314,Korneuburg,Männer,bis 19 Jahre,B9999,unbestimmt (nur Pst),3,0,19
1309216,2022-12-31,315,Krems,Frauen,bis 19 Jahre,B9999,unbestimmt (nur Pst),4,0,19
1309241,2022-12-31,315,Krems,Frauen,20 bis 24 Jahre,B9999,unbestimmt (nur Pst),1,20,24
1309260,2022-12-31,315,Krems,Frauen,25 bis 29 Jahre,B9999,unbestimmt (nur Pst),1,25,29
1309283,2022-12-31,315,Krems,Frauen,35 bis 39 Jahre,B9999,unbestimmt (nur Pst),1,35,39
1309344,2022-12-31,315,Krems,Männer,bis 19 Jahre,B9999,unbestimmt (nur Pst),1,0,19
1309430,2022-12-31,316,Lilienfeld,Frauen,bis 19 Jahre,B9999,unbestimmt (nur Pst),3,0,19
1309442,2022-12-31,316,Lilienfeld,Frauen,20 bis 24 Jahre,B9999,unbestimmt (nur Pst),1,20,24
1309458,2022-12-31,316,Lilienfeld,Frauen,30 bis 34 Jahre,B9999,unbestimmt (nur Pst),2,30,34
1309470,2022-12-31,316,Lilienfeld,Frauen,35 bis 39 Jahre,B9999,unbestimmt (nur Pst),1,35,39
1309481,2022-12-31,316,Lilienfeld,Frauen,45 bis 49 Jahre,B9999,unbestimmt (nur Pst),1,45,49
1309487,2022-12-31,316,Lilienfeld,Frauen,50 bis 54 Jahre,B9999,unbestimmt (nur Pst),1,50,54
1309500,2022-12-31,316,Lilienfeld,Männer,bis 19 Jahre,B9999,unbestimmt (nur Pst),6,0,19
1309513,2022-12-31,316,Lilienfeld,Männer,30 bis 34 Jahre,B9999,unbestimmt (nur Pst),1,30,34
1309548,2022-12-31,317,Melk,Frauen,bis 19 Jahre,B9999,unbestimmt (nur Pst),3,0,19
1309559,2022-12-31,317,Melk,Frauen,20 bis 24 Jahre,B9999,unbestimmt (nur Pst),1,20,24
1309651,2022-12-31,317,Melk,Männer,bis 19 Jahre,B9999,unbestimmt (nur Pst),1,0,19
1309908,2022-12-31,321,Mödling,Frauen,bis 19 Jahre,B9999,unbestimmt (nur Pst),3,0,19
1309926,2022-12-31,321,Mödling,Frauen,20 bis 24 Jahre,B9999,unbestimmt (nur Pst),1,20,24
1309943,2022-12-31,321,Mödling,Frauen,25 bis 29 Jahre,B9999,unbestimmt (nur Pst),1,25,29
1310020,2022-12-31,321,Mödling,Frauen,45 bis 49 Jahre,B9999,unbestimmt (nur Pst),1,45,49
1310073,2022-12-31,321,Mödling,Männer,bis 19 Jahre,B9999,unbestimmt (nur Pst),8,0,19
1310209,2022-12-31,323,Neunkirchen,Frauen,bis 19 Jahre,B9999,unbestimmt (nur Pst),4,0,19
1310343,2022-12-31,323,Neunkirchen,Männer,bis 19 Jahre,B9999,unbestimmt (nur Pst),1,0,19
1310490,2022-12-31,326,St. Pölten,Frauen,bis 19 Jahre,B9999,unbestimmt (nur Pst),16,0,19
1310522,2022-12-31,326,St. Pölten,Frauen,20 bis 24 Jahre,B9999,unbestimmt (nur Pst),4,20,24
1310552,2022-12-31,326,St. Pölten,Frauen,25 bis 29 Jahre,B9999,unbestimmt (nur Pst),1,25,29
1310588,2022-12-31,326,St. Pölten,Frauen,30 bis 34 Jahre,B9999,unbestimmt (nur Pst),2,30,34
1310629,2022-12-31,326,St. Pölten,Frauen,35 bis 39 Jahre,B9999,unbestimmt (nur Pst),1,35,39
1310666,2022-12-31,326,St. Pölten,Frauen,40 bis 44 Jahre,B9999,unbestimmt (nur Pst),2,40,44
1310692,2022-12-31,326,St. Pölten,Frauen,45 bis 49 Jahre,B9999,unbestimmt (nur Pst),2,45,49
1310720,2022-12-31,326,St. Pölten,Frauen,50 bis 54 Jahre,B9999,unbestimmt (nur Pst),1,50,54
1310740,2022-12-31,326,St. Pölten,Frauen,55 bis 59 Jahre,B9999,unbestimmt (nur Pst),1,55,59
1310771,2022-12-31,326,St. Pölten,Männer,bis 19 Jahre,B9999,unbestimmt (nur Pst),17,0,19
1310812,2022-12-31,326,St. Pölten,Männer,20 bis 24 Jahre,B9999,unbestimmt (nur Pst),4,20,24
1310835,2022-12-31,326,St. Pölten,Männer,25 bis 29 Jahre,B9999,unbestimmt (nur Pst),3,25,29
1310895,2022-12-31,326,St. Pölten,Männer,35 bis 39 Jahre,B9999,unbestimmt (nur Pst),1,35,39
1310922,2022-12-31,326,St. Pölten,Männer,40 bis 44 Jahre,B9999,unbestimmt (nur Pst),1,40,44
1310986,2022-12-31,328,Scheibbs,Frauen,bis 19 Jahre,B9999,unbestimmt (nur Pst),1,0,19
1310997,2022-12-31,328,Scheibbs,Frauen,20 bis 24 Jahre,B9999,unbestimmt (nur Pst),1,20,24
1311038,2022-12-31,328,Scheibbs,Männer,bis 19 Jahre,B9999,unbestimmt (nur Pst),2,0,19
1311094,2022-12-31,329,Schwechat,Frauen,bis 19 Jahre,B9999,unbestimmt (nur Pst),1,0,19
1311115,2022-12-31,329,Schwechat,Frauen,20 bis 24 Jahre,B9999,unbestimmt (nur Pst),1,20,24
1311212,2022-12-31,329,Schwechat,Männer,bis 19 Jahre,B9999,unbestimmt (nur Pst),5,0,19
1311268,2022-12-31,329,Schwechat,Männer,40 bis 44 Jahre,B9999,unbestimmt (nur Pst),1,40,44
1311305,2022-12-31,331,Tulln,Frauen,bis 19 Jahre,B9999,unbestimmt (nur Pst),9,0,19
1311323,2022-12-31,331,Tulln,Frauen,20 bis 24 Jahre,B9999,unbestimmt (nur Pst),2,20,24
1311445,2022-12-31,331,Tulln,Männer,bis 19 Jahre,B9999,unbestimmt (nur Pst),5,0,19
1311547,2022-12-31,332,Waidhofen/Thaya,Frauen,bis 19 Jahre,B9999,unbestimmt (nur Pst),2,0,19
1311609,2022-12-31,332,Waidhofen/Thaya,Männer,bis 19 Jahre,B9999,unbestimmt (nur Pst),2,0,19
1311622,2022-12-31,332,Waidhofen/Thaya,Männer,20 bis 24 Jahre,B9999,unbestimmt (nur Pst),2,20,24
1311643,2022-12-31,333,Waidhofen/Ybbs,Frauen,bis 19 Jahre,B9999,unbestimmt (nur Pst),1,0,19
1311684,2022-12-31,333,Waidhofen/Ybbs,Männer,bis 19 Jahre,B9999,unbestimmt (nur Pst),1,0,19
1311689,2022-12-31,333,Waidhofen/Ybbs,Männer,20 bis 24 Jahre,B9999,unbestimmt (nur Pst),1,20,24
1311731,2022-12-31,334,Wr. Neustadt,Frauen,bis 19 Jahre,B9999,unbestimmt (nur Pst),4,0,19
1311762,2022-12-31,334,Wr. Neustadt,Frauen,20 bis 24 Jahre,B9999,unbestimmt (nur Pst),1,20,24
1311918,2022-12-31,334,Wr. Neustadt,Männer,bis 19 Jahre,B9999,unbestimmt (nur Pst),4,0,19
1312168,2022-12-31,335,Zwettl,Männer,30 bis 34 Jahre,B9999,unbestimmt (nur Pst),1,30,34
1312198,2022-12-31,401,Braunau,Frauen,bis 19 Jahre,B9999,unbestimmt (nur Pst),11,0,19
1312223,2022-12-31,401,Braunau,Frauen,20 bis 24 Jahre,B9999,unbestimmt (nur Pst),6,20,24
1312249,2022-12-31,401,Braunau,Frauen,25 bis 29 Jahre,B9999,unbestimmt (nur Pst),3,25,29
1312268,2022-12-31,401,Braunau,Frauen,30 bis 34 Jahre,B9999,unbestimmt (nur Pst),9,30,34
1312289,2022-12-31,401,Braunau,Frauen,35 bis 39 Jahre,B9999,unbestimmt (nur Pst),1,35,39
1312313,2022-12-31,401,Braunau,Frauen,40 bis 44 Jahre,B9999,unbestimmt (nur Pst),2,40,44
1312332,2022-12-31,401,Braunau,Frauen,45 bis 49 Jahre,B9999,unbestimmt (nur Pst),2,45,49
1312345,2022-12-31,401,Braunau,Frauen,50 bis 54 Jahre,B9999,unbestimmt (nur Pst),2,50,54
1312377,2022-12-31,401,Braunau,Männer,bis 19 Jahre,B9999,unbestimmt (nur Pst),23,0,19
1312405,2022-12-31,401,Braunau,Männer,20 bis 24 Jahre,B9999,unbestimmt (nur Pst),4,20,24
1312424,2022-12-31,401,Braunau,Männer,25 bis 29 Jahre,B9999,unbestimmt (nur Pst),4,25,29
1312441,2022-12-31,401,Braunau,Männer,30 bis 34 Jahre,B9999,unbestimmt (nur Pst),1,30,34
1312469,2022-12-31,401,Braunau,Männer,40 bis 44 Jahre,B9999,unbestimmt (nur Pst),1,40,44
1312484,2022-12-31,401,Braunau,Männer,45 bis 49 Jahre,B9999,unbestimmt (nur Pst),2,45,49
1312531,2022-12-31,402,Eferding,Frauen,25 bis 29 Jahre,B9999,unbestimmt (nur Pst),2,25,29
1312541,2022-12-31,402,Eferding,Frauen,30 bis 34 Jahre,B9999,unbestimmt (nur Pst),1,30,34
1312557,2022-12-31,402,Eferding,Frauen,40 bis 44 Jahre,B9999,unbestimmt (nur Pst),2,40,44
1312571,2022-12-31,402,Eferding,Frauen,55 bis 59 Jahre,B9999,unbestimmt (nur Pst),1,55,59
1312650,2022-12-31,403,Freistadt,Frauen,bis 19 Jahre,B9999,unbestimmt (nur Pst),2,0,19
1312671,2022-12-31,403,Freistadt,Frauen,20 bis 24 Jahre,B9999,unbestimmt (nur Pst),1,20,24
1312686,2022-12-31,403,Freistadt,Frauen,25 bis 29 Jahre,B9999,unbestimmt (nur Pst),1,25,29
1312772,2022-12-31,403,Freistadt,Männer,bis 19 Jahre,B9999,unbestimmt (nur Pst),2,0,19
1312801,2022-12-31,403,Freistadt,Männer,25 bis 29 Jahre,B9999,unbestimmt (nur Pst),1,25,29
1312880,2022-12-31,404,Gmunden,Frauen,bis 19 Jahre,B9999,unbestimmt (nur Pst),4,0,19
1313020,2022-12-31,404,Gmunden,Frauen,50 bis 54 Jahre,B9999,unbestimmt (nur Pst),1,50,54
1313060,2022-12-31,404,Gmunden,Männer,bis 19 Jahre,B9999,unbestimmt (nur Pst),5,0,19
1313193,2022-12-31,406,Grieskirchen,Frauen,bis 19 Jahre,B9999,unbestimmt (nur Pst),1,0,19
1313225,2022-12-31,406,Grieskirchen,Frauen,25 bis 29 Jahre,B9999,unbestimmt (nur Pst),1,25,29
1313255,2022-12-31,406,Grieskirchen,Frauen,35 bis 39 Jahre,B9999,unbestimmt (nur Pst),1,35,39
1313271,2022-12-31,406,Grieskirchen,Frauen,45 bis 49 Jahre,B9999,unbestimmt (nur Pst),1,45,49
1313282,2022-12-31,406,Grieskirchen,Frauen,50 bis 54 Jahre,B9999,unbestimmt (nur Pst),1,50,54
1313298,2022-12-31,406,Grieskirchen,Männer,bis 19 Jahre,B9999,unbestimmt (nur Pst),3,0,19
1313372,2022-12-31,407,Kirchdorf/Krems,Frauen,bis 19 Jahre,B9999,unbestimmt (nur Pst),5,0,19
1313388,2022-12-31,407,Kirchdorf/Krems,Frauen,20 bis 24 Jahre,B9999,unbestimmt (nur Pst),1,20,24
1313476,2022-12-31,407,Kirchdorf/Krems,Männer,bis 19 Jahre,B9999,unbestimmt (nur Pst),5,0,19
1313523,2022-12-31,407,Kirchdorf/Krems,Männer,30 bis 34 Jahre,B9999,unbestimmt (nur Pst),1,30,34
1313593,2022-12-31,409,Linz neu,Frauen,bis 19 Jahre,B9999,unbestimmt (nur Pst),39,0,19
1313635,2022-12-31,409,Linz neu,Frauen,20 bis 24 Jahre,B9999,unbestimmt (nur Pst),20,20,24
1313682,2022-12-31,409,Linz neu,Frauen,25 bis 29 Jahre,B9999,unbestimmt (nur Pst),6,25,29
1313734,2022-12-31,409,Linz neu,Frauen,30 bis 34 Jahre,B9999,unbestimmt (nur Pst),3,30,34
1313779,2022-12-31,409,Linz neu,Frauen,35 bis 39 Jahre,B9999,unbestimmt (nur Pst),2,35,39
1313820,2022-12-31,409,Linz neu,Frauen,40 bis 44 Jahre,B9999,unbestimmt (nur Pst),5,40,44
1313859,2022-12-31,409,Linz neu,Frauen,45 bis 49 Jahre,B9999,unbestimmt (nur Pst),2,45,49
1313904,2022-12-31,409,Linz neu,Frauen,55 bis 59 Jahre,B9999,unbestimmt (nur Pst),2,55,59
1313947,2022-12-31,409,Linz neu,Männer,bis 19 Jahre,B9999,unbestimmt (nur Pst),39,0,19
1314005,2022-12-31,409,Linz neu,Männer,20 bis 24 Jahre,B9999,unbestimmt (nur Pst),22,20,24
1314064,2022-12-31,409,Linz neu,Männer,25 bis 29 Jahre,B9999,unbestimmt (nur Pst),2,25,29
1314116,2022-12-31,409,Linz neu,Männer,30 bis 34 Jahre,B9999,unbestimmt (nur Pst),3,30,34
1314157,2022-12-31,409,Linz neu,Männer,35 bis 39 Jahre,B9999,unbestimmt (nur Pst),2,35,39
1314198,2022-12-31,409,Linz neu,Männer,40 bis 44 Jahre,B9999,unbestimmt (nur Pst),3,40,44
1314232,2022-12-31,409,Linz neu,Männer,45 bis 49 Jahre,B9999,unbestimmt (nur Pst),1,45,49
1314314,2022-12-31,411,Perg,Frauen,bis 19 Jahre,B9999,unbestimmt (nur Pst),1,0,19
1314407,2022-12-31,411,Perg,Frauen,55 bis 59 Jahre,B9999,unbestimmt (nur Pst),1,55,59
1314418,2022-12-31,411,Perg,Männer,bis 19 Jahre,B9999,unbestimmt (nur Pst),1,0,19
1314443,2022-12-31,411,Perg,Männer,20 bis 24 Jahre,B9999,unbestimmt (nur Pst),2,20,24
1314529,2022-12-31,412,Ried im Innkreis,Frauen,bis 19 Jahre,B9999,unbestimmt (nur Pst),10,0,19
1314561,2022-12-31,412,Ried im Innkreis,Frauen,25 bis 29 Jahre,B9999,unbestimmt (nur Pst),2,25,29
1314577,2022-12-31,412,Ried im Innkreis,Frauen,30 bis 34 Jahre,B9999,unbestimmt (nur Pst),4,30,34
1314609,2022-12-31,412,Ried im Innkreis,Frauen,40 bis 44 Jahre,B9999,unbestimmt (nur Pst),1,40,44
1314620,2022-12-31,412,Ried im Innkreis,Frauen,45 bis 49 Jahre,B9999,unbestimmt (nur Pst),1,45,49
1314629,2022-12-31,412,Ried im Innkreis,Frauen,50 bis 54 Jahre,B9999,unbestimmt (nur Pst),4,50,54
1314638,2022-12-31,412,Ried im Innkreis,Frauen,55 bis 59 Jahre,B9999,unbestimmt (nur Pst),1,55,59
1314655,2022-12-31,412,Ried im Innkreis,Männer,bis 19 Jahre,B9999,unbestimmt (nur Pst),7,0,19
1314703,2022-12-31,412,Ried im Innkreis,Männer,30 bis 34 Jahre,B9999,unbestimmt (nur Pst),1,30,34
1314816,2022-12-31,413,Rohrbach,Frauen,45 bis 49 Jahre,B9999,unbestimmt (nur Pst),1,45,49
1314820,2022-12-31,413,Rohrbach,Frauen,50 bis 54 Jahre,B9999,unbestimmt (nur Pst),1,50,54
1314832,2022-12-31,413,Rohrbach,Männer,bis 19 Jahre,B9999,unbestimmt (nur Pst),2,0,19
1314861,2022-12-31,413,Rohrbach,Männer,40 bis 44 Jahre,B9999,unbestimmt (nur Pst),1,40,44
1314874,2022-12-31,413,Rohrbach,Männer,50 bis 54 Jahre,B9999,unbestimmt (nur Pst),1,50,54
1314897,2022-12-31,414,Schärding,Frauen,bis 19 Jahre,B9999,unbestimmt (nur Pst),3,0,19
1314911,2022-12-31,414,Schärding,Frauen,20 bis 24 Jahre,B9999,unbestimmt (nur Pst),2,20,24
1314963,2022-12-31,414,Schärding,Frauen,40 bis 44 Jahre,B9999,unbestimmt (nur Pst),1,40,44
1314973,2022-12-31,414,Schärding,Frauen,50 bis 54 Jahre,B9999,unbestimmt (nur Pst),1,50,54
1315026,2022-12-31,414,Schärding,Männer,35 bis 39 Jahre,B9999,unbestimmt (nur Pst),1,35,39
1315065,2022-12-31,415,Steyr,Frauen,bis 19 Jahre,B9999,unbestimmt (nur Pst),15,0,19
1315098,2022-12-31,415,Steyr,Frauen,20 bis 24 Jahre,B9999,unbestimmt (nur Pst),1,20,24
1315166,2022-12-31,415,Steyr,Frauen,35 bis 39 Jahre,B9999,unbestimmt (nur Pst),2,35,39
1315232,2022-12-31,415,Steyr,Frauen,55 bis 59 Jahre,B9999,unbestimmt (nur Pst),1,55,59
1315262,2022-12-31,415,Steyr,Männer,bis 19 Jahre,B9999,unbestimmt (nur Pst),12,0,19
1315294,2022-12-31,415,Steyr,Männer,20 bis 24 Jahre,B9999,unbestimmt (nur Pst),7,20,24
1315317,2022-12-31,415,Steyr,Männer,25 bis 29 Jahre,B9999,unbestimmt (nur Pst),4,25,29
1315400,2022-12-31,415,Steyr,Männer,45 bis 49 Jahre,B9999,unbestimmt (nur Pst),1,45,49
1315411,2022-12-31,415,Steyr,Männer,50 bis 54 Jahre,B9999,unbestimmt (nur Pst),1,50,54
1315443,2022-12-31,418,Vöcklabruck,Frauen,bis 19 Jahre,B9999,unbestimmt (nur Pst),2,0,19
1315467,2022-12-31,418,Vöcklabruck,Frauen,20 bis 24 Jahre,B9999,unbestimmt (nur Pst),1,20,24
1315485,2022-12-31,418,Vöcklabruck,Frauen,25 bis 29 Jahre,B9999,unbestimmt (nur Pst),3,25,29
1315617,2022-12-31,418,Vöcklabruck,Männer,bis 19 Jahre,B9999,unbestimmt (nur Pst),4,0,19
1315819,2022-12-31,419,Wels,Frauen,20 bis 24 Jahre,B9999,unbestimmt (nur Pst),1,20,24
1315928,2022-12-31,419,Wels,Frauen,40 bis 44 Jahre,B9999,unbestimmt (nur Pst),1,40,44
1316086,2022-12-31,419,Wels,Männer,30 bis 34 Jahre,B9999,unbestimmt (nur Pst),2,30,34
1316192,2022-12-31,421,Traun,Frauen,bis 19 Jahre,B9999,unbestimmt (nur Pst),6,0,19
1316304,2022-12-31,421,Traun,Frauen,35 bis 39 Jahre,B9999,unbestimmt (nur Pst),1,35,39
1316333,2022-12-31,421,Traun,Frauen,40 bis 44 Jahre,B9999,unbestimmt (nur Pst),1,40,44
1316436,2022-12-31,421,Traun,Männer,bis 19 Jahre,B9999,unbestimmt (nur Pst),3,0,19
1316487,2022-12-31,421,Traun,Männer,25 bis 29 Jahre,B9999,unbestimmt (nur Pst),1,25,29
1316541,2022-12-31,421,Traun,Männer,35 bis 39 Jahre,B9999,unbestimmt (nur Pst),1,35,39
1316651,2022-12-31,501,Bischofshofen,Frauen,20 bis 24 Jahre,B9999,unbestimmt (nur Pst),2,20,24
1316663,2022-12-31,501,Bischofshofen,Frauen,25 bis 29 Jahre,B9999,unbestimmt (nur Pst),1,25,29
1316703,2022-12-31,501,Bischofshofen,Frauen,40 bis 44 Jahre,B9999,unbestimmt (nur Pst),1,40,44
1316756,2022-12-31,501,Bischofshofen,Männer,25 bis 29 Jahre,B9999,unbestimmt (nur Pst),1,25,29
1316854,2022-12-31,503,Hallein,Männer,bis 19 Jahre,B9999,unbestimmt (nur Pst),3,0,19
1316929,2022-12-31,506,Zell am See,Frauen,bis 19 Jahre,B9999,unbestimmt (nur Pst),1,0,19
1317026,2022-12-31,506,Zell am See,Männer,55 bis 59 Jahre,B9999,unbestimmt (nur Pst),1,55,59
1317423,2022-12-31,511,Salzburg-Umgebung,Frauen,bis 19 Jahre,B9999,unbestimmt (nur Pst),2,0,19
1317498,2022-12-31,511,Salzburg-Umgebung,Frauen,35 bis 39 Jahre,B9999,unbestimmt (nur Pst),1,35,39
1317683,2022-12-31,601,Bruck/Mur,Frauen,bis 19 Jahre,B9999,unbestimmt (nur Pst),5,0,19
1317724,2022-12-31,601,Bruck/Mur,Frauen,30 bis 34 Jahre,B9999,unbestimmt (nur Pst),1,30,34
1317795,2022-12-31,601,Bruck/Mur,Männer,bis 19 Jahre,B9999,unbestimmt (nur Pst),8,0,19
1317908,2022-12-31,603,Deutschlandsberg,Frauen,bis 19 Jahre,B9999,unbestimmt (nur Pst),1,0,19
1317923,2022-12-31,603,Deutschlandsberg,Frauen,20 bis 24 Jahre,B9999,unbestimmt (nur Pst),1,20,24
1318287,2022-12-31,606,Gleisdorf,Frauen,bis 19 Jahre,B9999,unbestimmt (nur Pst),2,0,19
1318298,2022-12-31,606,Gleisdorf,Frauen,20 bis 24 Jahre,B9999,unbestimmt (nur Pst),1,20,24
1318358,2022-12-31,606,Gleisdorf,Männer,bis 19 Jahre,B9999,unbestimmt (nur Pst),1,0,19
1318370,2022-12-31,606,Gleisdorf,Männer,20 bis 24 Jahre,B9999,unbestimmt (nur Pst),1,20,24
1318519,2022-12-31,609,Hartberg,Frauen,40 bis 44 Jahre,B9999,unbestimmt (nur Pst),2,40,44
1318574,2022-12-31,609,Hartberg,Männer,bis 19 Jahre,B9999,unbestimmt (nur Pst),3,0,19
1318591,2022-12-31,609,Hartberg,Männer,20 bis 24 Jahre,B9999,unbestimmt (nur Pst),1,20,24
1318630,2022-12-31,609,Hartberg,Männer,35 bis 39 Jahre,B9999,unbestimmt (nur Pst),1,35,39
1318893,2022-12-31,611,Murau,Frauen,20 bis 24 Jahre,B9999,unbestimmt (nur Pst),1,20,24
1318925,2022-12-31,611,Murau,Männer,bis 19 Jahre,B9999,unbestimmt (nur Pst),2,0,19
1318960,2022-12-31,614,Leibnitz,Frauen,bis 19 Jahre,B9999,unbestimmt (nur Pst),3,0,19
1318986,2022-12-31,614,Leibnitz,Frauen,20 bis 24 Jahre,B9999,unbestimmt (nur Pst),1,20,24
1319233,2022-12-31,616,Leoben,Frauen,bis 19 Jahre,B9999,unbestimmt (nur Pst),3,0,19
1319262,2022-12-31,616,Leoben,Frauen,25 bis 29 Jahre,B9999,unbestimmt (nur Pst),4,25,29
1319274,2022-12-31,616,Leoben,Frauen,30 bis 34 Jahre,B9999,unbestimmt (nur Pst),3,30,34
1319289,2022-12-31,616,Leoben,Frauen,35 bis 39 Jahre,B9999,unbestimmt (nur Pst),2,35,39
1319303,2022-12-31,616,Leoben,Frauen,40 bis 44 Jahre,B9999,unbestimmt (nur Pst),2,40,44
1319314,2022-12-31,616,Leoben,Frauen,45 bis 49 Jahre,B9999,unbestimmt (nur Pst),1,45,49
1319326,2022-12-31,616,Leoben,Frauen,50 bis 54 Jahre,B9999,unbestimmt (nur Pst),1,50,54
1319355,2022-12-31,616,Leoben,Männer,bis 19 Jahre,B9999,unbestimmt (nur Pst),5,0,19
1319398,2022-12-31,616,Leoben,Männer,25 bis 29 Jahre,B9999,unbestimmt (nur Pst),1,25,29
1319429,2022-12-31,616,Leoben,Männer,40 bis 44 Jahre,B9999,unbestimmt (nur Pst),2,40,44
1319434,2022-12-31,616,Leoben,Männer,45 bis 49 Jahre,B9999,unbestimmt (nur Pst),1,45,49
1319446,2022-12-31,616,Leoben,Männer,55 bis 59 Jahre,B9999,unbestimmt (nur Pst),1,55,59
1319657,2022-12-31,621,Mürzzuschlag,Frauen,bis 19 Jahre,B9999,unbestimmt (nur Pst),2,0,19
1319672,2022-12-31,621,Mürzzuschlag,Frauen,20 bis 24 Jahre,B9999,unbestimmt (nur Pst),2,20,24
1319696,2022-12-31,621,Mürzzuschlag,Frauen,35 bis 39 Jahre,B9999,unbestimmt (nur Pst),1,35,39
1319744,2022-12-31,621,Mürzzuschlag,Männer,bis 19 Jahre,B9999,unbestimmt (nur Pst),2,0,19
1319754,2022-12-31,621,Mürzzuschlag,Männer,20 bis 24 Jahre,B9999,unbestimmt (nur Pst),1,20,24
1319813,2022-12-31,621,Mürzzuschlag,Männer,50 bis 54 Jahre,B9999,unbestimmt (nur Pst),1,50,54
1319829,2022-12-31,622,Voitsberg,Frauen,bis 19 Jahre,B9999,unbestimmt (nur Pst),2,0,19
1319848,2022-12-31,622,Voitsberg,Frauen,20 bis 24 Jahre,B9999,unbestimmt (nur Pst),1,20,24
1319950,2022-12-31,622,Voitsberg,Männer,bis 19 Jahre,B9999,unbestimmt (nur Pst),2,0,19
1320047,2022-12-31,623,Weiz,Frauen,20 bis 24 Jahre,B9999,unbestimmt (nur Pst),1,20,24
1320058,2022-12-31,623,Weiz,Frauen,30 bis 34 Jahre,B9999,unbestimmt (nur Pst),2,30,34
1320077,2022-12-31,623,Weiz,Frauen,40 bis 44 Jahre,B9999,unbestimmt (nur Pst),2,40,44
1320084,2022-12-31,623,Weiz,Frauen,45 bis 49 Jahre,B9999,unbestimmt (nur Pst),1,45,49
1320094,2022-12-31,623,Weiz,Frauen,55 bis 59 Jahre,B9999,unbestimmt (nur Pst),1,55,59
1320101,2022-12-31,623,Weiz,Männer,bis 19 Jahre,B9999,unbestimmt (nur Pst),2,0,19
1320131,2022-12-31,623,Weiz,Männer,40 bis 44 Jahre,B9999,unbestimmt (nur Pst),1,40,44
1320135,2022-12-31,623,Weiz,Männer,45 bis 49 Jahre,B9999,unbestimmt (nur Pst),1,45,49
1320139,2022-12-31,623,Weiz,Männer,50 bis 54 Jahre,B9999,unbestimmt (nur Pst),1,50,54
1320191,2022-12-31,630,Graz-West und Umgebung,Frauen,bis 19 Jahre,B9999,unbestimmt (nur Pst),9,0,19
1320241,2022-12-31,630,Graz-West und Umgebung,Frauen,20 bis 24 Jahre,B9999,unbestimmt (nur Pst),2,20,24
1320340,2022-12-31,630,Graz-West und Umgebung,Frauen,30 bis 34 Jahre,B9999,unbestimmt (nur Pst),2,30,34
1320389,2022-12-31,630,Graz-West und Umgebung,Frauen,35 bis 39 Jahre,B9999,unbestimmt (nur Pst),1,35,39
1320432,2022-12-31,630,Graz-West und Umgebung,Frauen,40 bis 44 Jahre,B9999,unbestimmt (nur Pst),2,40,44
1320475,2022-12-31,630,Graz-West und Umgebung,Frauen,45 bis 49 Jahre,B9999,unbestimmt (nur Pst),2,45,49
1320513,2022-12-31,630,Graz-West und Umgebung,Frauen,50 bis 54 Jahre,B9999,unbestimmt (nur Pst),1,50,54
1320589,2022-12-31,630,Graz-West und Umgebung,Männer,bis 19 Jahre,B9999,unbestimmt (nur Pst),15,0,19
1320651,2022-12-31,630,Graz-West und Umgebung,Männer,20 bis 24 Jahre,B9999,unbestimmt (nur Pst),2,20,24
1320707,2022-12-31,630,Graz-West und Umgebung,Männer,25 bis 29 Jahre,B9999,unbestimmt (nur Pst),1,25,29
1320888,2022-12-31,630,Graz-West und Umgebung,Männer,50 bis 54 Jahre,B9999,unbestimmt (nur Pst),1,50,54
1320919,2022-12-31,630,Graz-West und Umgebung,Männer,60 bis 64 Jahre,B9999,unbestimmt (nur Pst),1,60,64
1320937,2022-12-31,631,Graz-Ost,Frauen,bis 19 Jahre,B9999,unbestimmt (nur Pst),1,0,19
1320967,2022-12-31,631,Graz-Ost,Frauen,20 bis 24 Jahre,B9999,unbestimmt (nur Pst),2,20,24
1321464,2022-12-31,701,Imst,Frauen,bis 19 Jahre,B9999,unbestimmt (nur Pst),1,0,19
1321523,2022-12-31,701,Imst,Männer,bis 19 Jahre,B9999,unbestimmt (nur Pst),1,0,19
1321667,2022-12-31,702,Innsbruck,Frauen,30 bis 34 Jahre,B9999,unbestimmt (nur Pst),2,30,34
1321697,2022-12-31,702,Innsbruck,Frauen,35 bis 39 Jahre,B9999,unbestimmt (nur Pst),1,35,39
1321738,2022-12-31,702,Innsbruck,Frauen,40 bis 44 Jahre,B9999,unbestimmt (nur Pst),4,40,44
1321785,2022-12-31,702,Innsbruck,Frauen,50 bis 54 Jahre,B9999,unbestimmt (nur Pst),1,50,54
1321798,2022-12-31,702,Innsbruck,Frauen,60 bis 64 Jahre,B9999,unbestimmt (nur Pst),2,60,64
1321865,2022-12-31,702,Innsbruck,Männer,20 bis 24 Jahre,B9999,unbestimmt (nur Pst),3,20,24
1321899,2022-12-31,702,Innsbruck,Männer,25 bis 29 Jahre,B9999,unbestimmt (nur Pst),3,25,29
1321950,2022-12-31,702,Innsbruck,Männer,35 bis 39 Jahre,B9999,unbestimmt (nur Pst),1,35,39
1322111,2022-12-31,705,Kufstein,Frauen,bis 19 Jahre,B9999,unbestimmt (nur Pst),5,0,19
1322121,2022-12-31,705,Kufstein,Frauen,20 bis 24 Jahre,B9999,unbestimmt (nur Pst),1,20,24
1322137,2022-12-31,705,Kufstein,Frauen,25 bis 29 Jahre,B9999,unbestimmt (nur Pst),1,25,29
1322173,2022-12-31,705,Kufstein,Frauen,35 bis 39 Jahre,B9999,unbestimmt (nur Pst),1,35,39
1322196,2022-12-31,705,Kufstein,Frauen,45 bis 49 Jahre,B9999,unbestimmt (nur Pst),1,45,49
1322230,2022-12-31,705,Kufstein,Männer,bis 19 Jahre,B9999,unbestimmt (nur Pst),3,0,19
1322248,2022-12-31,705,Kufstein,Männer,20 bis 24 Jahre,B9999,unbestimmt (nur Pst),1,20,24
1322288,2022-12-31,705,Kufstein,Männer,40 bis 44 Jahre,B9999,unbestimmt (nur Pst),1,40,44
1322320,2022-12-31,706,Landeck,Frauen,bis 19 Jahre,B9999,unbestimmt (nur Pst),1,0,19
1322362,2022-12-31,706,Landeck,Männer,bis 19 Jahre,B9999,unbestimmt (nur Pst),1,0,19
1322370,2022-12-31,706,Landeck,Männer,20 bis 24 Jahre,B9999,unbestimmt (nur Pst),1,20,24
1322502,2022-12-31,709,Schwaz,Frauen,bis 19 Jahre,B9999,unbestimmt (nur Pst),2,0,19
1322512,2022-12-31,709,Schwaz,Frauen,20 bis 24 Jahre,B9999,unbestimmt (nur Pst),1,20,24
1322598,2022-12-31,709,Schwaz,Männer,25 bis 29 Jahre,B9999,unbestimmt (nur Pst),1,25,29
1322622,2022-12-31,709,Schwaz,Männer,40 bis 44 Jahre,B9999,unbestimmt (nur Pst),1,40,44
1322666,2022-12-31,801,Bludenz,Frauen,20 bis 24 Jahre,B9999,unbestimmt (nur Pst),2,20,24
1322682,2022-12-31,801,Bludenz,Frauen,25 bis 29 Jahre,B9999,unbestimmt (nur Pst),2,25,29
1322740,2022-12-31,801,Bludenz,Frauen,50 bis 54 Jahre,B9999,unbestimmt (nur Pst),1,50,54
1322760,2022-12-31,801,Bludenz,Männer,bis 19 Jahre,B9999,unbestimmt (nur Pst),1,0,19
1322780,2022-12-31,801,Bludenz,Männer,20 bis 24 Jahre,B9999,unbestimmt (nur Pst),2,20,24
1322795,2022-12-31,801,Bludenz,Männer,25 bis 29 Jahre,B9999,unbestimmt (nur Pst),1,25,29
1322858,2022-12-31,802,Bregenz,Frauen,bis 19 Jahre,B9999,unbestimmt (nur Pst),1,0,19
1322881,2022-12-31,802,Bregenz,Frauen,20 bis 24 Jahre,B9999,unbestimmt (nur Pst),2,20,24
1322957,2022-12-31,802,Bregenz,Frauen,35 bis 39 Jahre,B9999,unbestimmt (nur Pst),1,35,39
1322974,2022-12-31,802,Bregenz,Frauen,40 bis 44 Jahre,B9999,unbestimmt (nur Pst),1,40,44
1323078,2022-12-31,802,Bregenz,Männer,20 bis 24 Jahre,B9999,unbestimmt (nur Pst),1,20,24
1323135,2022-12-31,802,Bregenz,Männer,35 bis 39 Jahre,B9999,unbestimmt (nur Pst),2,35,39
1323194,2022-12-31,804,Dornbirn,Frauen,bis 19 Jahre,B9999,unbestimmt (nur Pst),2,0,19
1323222,2022-12-31,804,Dornbirn,Frauen,20 bis 24 Jahre,B9999,unbestimmt (nur Pst),5,20,24
1323367,2022-12-31,804,Dornbirn,Männer,bis 19 Jahre,B9999,unbestimmt (nur Pst),1,0,19
1323402,2022-12-31,804,Dornbirn,Männer,20 bis 24 Jahre,B9999,unbestimmt (nur Pst),1,20,24
1323448,2022-12-31,804,Dornbirn,Männer,30 bis 34 Jahre,B9999,unbestimmt (nur Pst),1,30,34
1323473,2022-12-31,804,Dornbirn,Männer,40 bis 44 Jahre,B9999,unbestimmt (nur Pst),1,40,44
1323515,2022-12-31,805,Feldkirch,Frauen,bis 19 Jahre,B9999,unbestimmt (nur Pst),5,0,19
1323549,2022-12-31,805,Feldkirch,Frauen,20 bis 24 Jahre,B9999,unbestimmt (nur Pst),9,20,24
1323570,2022-12-31,805,Feldkirch,Frauen,25 bis 29 Jahre,B9999,unbestimmt (nur Pst),3,25,29
1323611,2022-12-31,805,Feldkirch,Frauen,35 bis 39 Jahre,B9999,unbestimmt (nur Pst),2,35,39
1323632,2022-12-31,805,Feldkirch,Frauen,40 bis 44 Jahre,B9999,unbestimmt (nur Pst),1,40,44
1323695,2022-12-31,805,Feldkirch,Männer,bis 19 Jahre,B9999,unbestimmt (nur Pst),9,0,19
1323724,2022-12-31,805,Feldkirch,Männer,20 bis 24 Jahre,B9999,unbestimmt (nur Pst),4,20,24
1323749,2022-12-31,805,Feldkirch,Männer,25 bis 29 Jahre,B9999,unbestimmt (nur Pst),2,25,29
1323784,2022-12-31,805,Feldkirch,Männer,35 bis 39 Jahre,B9999,unbestimmt (nur Pst),1,35,39
1323808,2022-12-31,805,Feldkirch,Männer,45 bis 49 Jahre,B9999,unbestimmt (nur Pst),1,45,49
1323819,2022-12-31,805,Feldkirch,Männer,50 bis 54 Jahre,B9999,unbestimmt (nur Pst),1,50,54
1323895,2022-12-31,958,Wien Johnstraße,Frauen,30 bis 34 Jahre,B9999,unbestimmt (nur Pst),1,30,34
1324137,2022-12-31,958,Wien Johnstraße,Männer,30 bis 34 Jahre,B9999,unbestimmt (nur Pst),1,30,34
1324481,2022-12-31,959,Wien Hauffgasse,Frauen,45 bis 49 Jahre,B9999,unbestimmt (nur Pst),1,45,49
1324670,2022-12-31,959,Wien Hauffgasse,Männer,35 bis 39 Jahre,B9999,unbestimmt (nur Pst),1,35,39
1324827,2022-12-31,960,Wien Esteplatz,Frauen,25 bis 29 Jahre,B9999,unbestimmt (nur Pst),1,25,29
1325732,2022-12-31,962,Wien Redergasse,Männer,30 bis 34 Jahre,B9999,unbestimmt (nur Pst),1,30,34
1325842,2022-12-31,962,Wien Redergasse,Männer,40 bis 44 Jahre,B9999,unbestimmt (nur Pst),1,40,44
1326102,2022-12-31,963,Wien Währinger Gürtel,Frauen,40 bis 44 Jahre,B9999,unbestimmt (nur Pst),2,40,44
1326136,2022-12-31,963,Wien Währinger Gürtel,Frauen,45 bis 49 Jahre,B9999,unbestimmt (nur Pst),1,45,49
1326158,2022-12-31,963,Wien Währinger Gürtel,Frauen,50 bis 54 Jahre,B9999,unbestimmt (nur Pst),3,50,54
1326533,2022-12-31,964,Wien Favoritenstraße,Frauen,30 bis 34 Jahre,B9999,unbestimmt (nur Pst),1,30,34
1327296,2022-12-31,965,Wien Schönbrunner Straße,Frauen,25 bis 29 Jahre,B9999,unbestimmt (nur Pst),1,25,29
1327474,2022-12-31,965,Wien Schönbrunner Straße,Frauen,40 bis 44 Jahre,B9999,unbestimmt (nur Pst),1,40,44
1327652,2022-12-31,965,Wien Schönbrunner Straße,Männer,25 bis 29 Jahre,B9999,unbestimmt (nur Pst),1,25,29
1328156,2022-12-31,966,Wien Hietzinger Kai,Frauen,40 bis 44 Jahre,B9999,unbestimmt (nur Pst),1,40,44
1328297,2022-12-31,966,Wien Hietzinger Kai,Männer,25 bis 29 Jahre,B9999,unbestimmt (nur Pst),1,25,29
1328360,2022-12-31,966,Wien Hietzinger Kai,Männer,30 bis 34 Jahre,B9999,unbestimmt (nur Pst),1,30,34
1328826,2022-12-31,967,Wien Huttengasse,Frauen,45 bis 49 Jahre,B9999,unbestimmt (nur Pst),1,45,49
1328966,2022-12-31,967,Wien Huttengasse,Männer,25 bis 29 Jahre,B9999,unbestimmt (nur Pst),1,25,29
1329390,2022-12-31,968,Wien Schloßhofer Straße,Frauen,25 bis 29 Jahre,B9999,unbestimmt (nur Pst),2,25,29
1329437,2022-12-31,968,Wien Schloßhofer Straße,Frauen,30 bis 34 Jahre,B9999,unbestimmt (nur Pst),3,30,34
1329496,2022-12-31,968,Wien Schloßhofer Straße,Frauen,35 bis 39 Jahre,B9999,unbestimmt (nur Pst),1,35,39
1329544,2022-12-31,968,Wien Schloßhofer Straße,Frauen,40 bis 44 Jahre,B9999,unbestimmt (nur Pst),2,40,44
1329613,2022-12-31,968,Wien Schloßhofer Straße,Frauen,50 bis 54 Jahre,B9999,unbestimmt (nur Pst),2,50,54
1329751,2022-12-31,968,Wien Schloßhofer Straße,Männer,30 bis 34 Jahre,B9999,unbestimmt (nur Pst),1,30,34
1330737,2022-12-31,974,Wien Austria Campus,Frauen,35 bis 39 Jahre,B9999,unbestimmt (nur Pst),1,35,39
1330831,2022-12-31,974,Wien Austria Campus,Frauen,50 bis 54 Jahre,B9999,unbestimmt (nur Pst),1,50,54
1331643,2022-12-31,976,Wien Jugendliche I,Frauen,bis 19 Jahre,B9999,unbestimmt (nur Pst),9,0,19
1331731,2022-12-31,976,Wien Jugendliche I,Frauen,20 bis 24 Jahre,B9999,unbestimmt (nur Pst),5,20,24
1331841,2022-12-31,976,Wien Jugendliche I,Männer,bis 19 Jahre,B9999,unbestimmt (nur Pst),9,0,19
1331994,2022-12-31,976,Wien Jugendliche I,Männer,20 bis 24 Jahre,B9999,unbestimmt (nur Pst),4,20,24
1332072,2022-12-31,977,Wien Jugendliche II,Frauen,bis 19 Jahre,B9999,unbestimmt (nur Pst),14,0,19
1332175,2022-12-31,977,Wien Jugendliche II,Frauen,20 bis 24 Jahre,B9999,unbestimmt (nur Pst),7,20,24
1332216,2022-12-31,977,Wien Jugendliche II,Frauen,25 bis 29 Jahre,B9999,unbestimmt (nur Pst),1,25,29
1332293,2022-12-31,977,Wien Jugendliche II,Männer,bis 19 Jahre,B9999,unbestimmt (nur Pst),10,0,19
1332422,2022-12-31,977,Wien Jugendliche II,Männer,20 bis 24 Jahre,B9999,unbestimmt (nur Pst),6,20,24
1332583,2023-01-31,101,Eisenstadt,Männer,bis 19 Jahre,B9999,unbestimmt (nur Pst),1,0,19
1332662,2023-01-31,102,Mattersburg,Frauen,bis 19 Jahre,B9999,unbestimmt (nur Pst),8,0,19
1332674,2023-01-31,102,Mattersburg,Frauen,20 bis 24 Jahre,B9999,unbestimmt (nur Pst),3,20,24
1332708,2023-01-31,102,Mattersburg,Frauen,45 bis 49 Jahre,B9999,unbestimmt (nur Pst),1,45,49
1332732,2023-01-31,102,Mattersburg,Männer,bis 19 Jahre,B9999,unbestimmt (nur Pst),4,0,19
1332746,2023-01-31,102,Mattersburg,Männer,20 bis 24 Jahre,B9999,unbestimmt (nur Pst),1,20,24
1332859,2023-01-31,103,Neusiedl am See,Männer,bis 19 Jahre,B9999,unbestimmt (nur Pst),1,0,19
1333064,2023-01-31,105,Oberwart,Frauen,bis 19 Jahre,B9999,unbestimmt (nur Pst),1,0,19
1333086,2023-01-31,105,Oberwart,Frauen,20 bis 24 Jahre,B9999,unbestimmt (nur Pst),1,20,24
1333218,2023-01-31,105,Oberwart,Männer,bis 19 Jahre,B9999,unbestimmt (nur Pst),1,0,19
1333327,2023-01-31,106,Stegersbach,Frauen,bis 19 Jahre,B9999,unbestimmt (nur Pst),1,0,19
1333564,2023-01-31,201,Feldkirchen,Frauen,30 bis 34 Jahre,B9999,unbestimmt (nur Pst),1,30,34
1333583,2023-01-31,201,Feldkirchen,Frauen,40 bis 44 Jahre,B9999,unbestimmt (nur Pst),2,40,44
1333591,2023-01-31,201,Feldkirchen,Frauen,55 bis 59 Jahre,B9999,unbestimmt (nur Pst),1,55,59
1333615,2023-01-31,201,Feldkirchen,Männer,35 bis 39 Jahre,B9999,unbestimmt (nur Pst),1,35,39
1333685,2023-01-31,203,Klagenfurt,Frauen,bis 19 Jahre,B9999,unbestimmt (nur Pst),2,0,19
1333734,2023-01-31,203,Klagenfurt,Frauen,25 bis 29 Jahre,B9999,unbestimmt (nur Pst),1,25,29
1333757,2023-01-31,203,Klagenfurt,Frauen,30 bis 34 Jahre,B9999,unbestimmt (nur Pst),2,30,34
1333898,2023-01-31,203,Klagenfurt,Männer,bis 19 Jahre,B9999,unbestimmt (nur Pst),3,0,19
1333950,2023-01-31,203,Klagenfurt,Männer,25 bis 29 Jahre,B9999,unbestimmt (nur Pst),1,25,29
1334025,2023-01-31,203,Klagenfurt,Männer,45 bis 49 Jahre,B9999,unbestimmt (nur Pst),1,45,49
1334072,2023-01-31,204,Spittal/Drau,Frauen,bis 19 Jahre,B9999,unbestimmt (nur Pst),3,0,19
1334089,2023-01-31,204,Spittal/Drau,Frauen,20 bis 24 Jahre,B9999,unbestimmt (nur Pst),1,20,24
1334102,2023-01-31,204,Spittal/Drau,Frauen,25 bis 29 Jahre,B9999,unbestimmt (nur Pst),1,25,29
1334174,2023-01-31,204,Spittal/Drau,Männer,bis 19 Jahre,B9999,unbestimmt (nur Pst),3,0,19
1334314,2023-01-31,205,St. Veit/Glan,Frauen,35 bis 39 Jahre,B9999,unbestimmt (nur Pst),1,35,39
1334448,2023-01-31,206,Villach,Frauen,bis 19 Jahre,B9999,unbestimmt (nur Pst),1,0,19
1334536,2023-01-31,206,Villach,Frauen,35 bis 39 Jahre,B9999,unbestimmt (nur Pst),1,35,39
1334732,2023-01-31,206,Villach,Männer,40 bis 44 Jahre,B9999,unbestimmt (nur Pst),1,40,44
1334832,2023-01-31,207,Völkermarkt,Frauen,40 bis 44 Jahre,B9999,unbestimmt (nur Pst),1,40,44
1334847,2023-01-31,207,Völkermarkt,Frauen,50 bis 54 Jahre,B9999,unbestimmt (nur Pst),1,50,54
1334877,2023-01-31,207,Völkermarkt,Männer,20 bis 24 Jahre,B9999,unbestimmt (nur Pst),1,20,24
1334949,2023-01-31,208,Wolfsberg,Frauen,bis 19 Jahre,B9999,unbestimmt (nur Pst),1,0,19
1335046,2023-01-31,208,Wolfsberg,Männer,bis 19 Jahre,B9999,unbestimmt (nur Pst),2,0,19
1335147,2023-01-31,301,Amstetten,Frauen,bis 19 Jahre,B9999,unbestimmt (nur Pst),8,0,19
1335168,2023-01-31,301,Amstetten,Frauen,20 bis 24 Jahre,B9999,unbestimmt (nur Pst),2,20,24
1335191,2023-01-31,301,Amstetten,Frauen,25 bis 29 Jahre,B9999,unbestimmt (nur Pst),1,25,29
1335221,2023-01-31,301,Amstetten,Frauen,30 bis 34 Jahre,B9999,unbestimmt (nur Pst),1,30,34
1335316,2023-01-31,301,Amstetten,Männer,bis 19 Jahre,B9999,unbestimmt (nur Pst),8,0,19
1335338,2023-01-31,301,Amstetten,Männer,20 bis 24 Jahre,B9999,unbestimmt (nur Pst),4,20,24
1335471,2023-01-31,304,Baden neu,Frauen,bis 19 Jahre,B9999,unbestimmt (nur Pst),4,0,19
1335505,2023-01-31,304,Baden neu,Frauen,20 bis 24 Jahre,B9999,unbestimmt (nur Pst),2,20,24
1335525,2023-01-31,304,Baden neu,Frauen,25 bis 29 Jahre,B9999,unbestimmt (nur Pst),3,25,29
1335575,2023-01-31,304,Baden neu,Frauen,35 bis 39 Jahre,B9999,unbestimmt (nur Pst),1,35,39
1335690,2023-01-31,304,Baden neu,Männer,bis 19 Jahre,B9999,unbestimmt (nur Pst),3,0,19
1335729,2023-01-31,304,Baden neu,Männer,20 bis 24 Jahre,B9999,unbestimmt (nur Pst),2,20,24
1335873,2023-01-31,306,Bruck/Leitha,Frauen,bis 19 Jahre,B9999,unbestimmt (nur Pst),3,0,19
1335908,2023-01-31,306,Bruck/Leitha,Frauen,30 bis 34 Jahre,B9999,unbestimmt (nur Pst),1,30,34
1335988,2023-01-31,306,Bruck/Leitha,Männer,20 bis 24 Jahre,B9999,unbestimmt (nur Pst),2,20,24
1336056,2023-01-31,308,Gänserndorf,Frauen,bis 19 Jahre,B9999,unbestimmt (nur Pst),1,0,19
1336085,2023-01-31,308,Gänserndorf,Frauen,20 bis 24 Jahre,B9999,unbestimmt (nur Pst),1,20,24
1336239,2023-01-31,308,Gänserndorf,Männer,bis 19 Jahre,B9999,unbestimmt (nur Pst),5,0,19
1336384,2023-01-31,311,Gmünd,Frauen,bis 19 Jahre,B9999,unbestimmt (nur Pst),1,0,19
1336472,2023-01-31,311,Gmünd,Männer,bis 19 Jahre,B9999,unbestimmt (nur Pst),4,0,19
1336528,2023-01-31,312,Hollabrunn,Frauen,bis 19 Jahre,B9999,unbestimmt (nur Pst),6,0,19
1336541,2023-01-31,312,Hollabrunn,Frauen,20 bis 24 Jahre,B9999,unbestimmt (nur Pst),1,20,24
1336601,2023-01-31,312,Hollabrunn,Frauen,55 bis 59 Jahre,B9999,unbestimmt (nur Pst),1,55,59
1336615,2023-01-31,312,Hollabrunn,Männer,bis 19 Jahre,B9999,unbestimmt (nur Pst),1,0,19
1336632,2023-01-31,312,Hollabrunn,Männer,20 bis 24 Jahre,B9999,unbestimmt (nur Pst),2,20,24
1336680,2023-01-31,312,Hollabrunn,Männer,55 bis 59 Jahre,B9999,unbestimmt (nur Pst),1,55,59
1336697,2023-01-31,313,Horn,Frauen,20 bis 24 Jahre,B9999,unbestimmt (nur Pst),2,20,24
1336780,2023-01-31,314,Korneuburg,Frauen,bis 19 Jahre,B9999,unbestimmt (nur Pst),3,0,19
1336804,2023-01-31,314,Korneuburg,Frauen,20 bis 24 Jahre,B9999,unbestimmt (nur Pst),3,20,24
1336815,2023-01-31,314,Korneuburg,Frauen,25 bis 29 Jahre,B9999,unbestimmt (nur Pst),2,25,29
1336854,2023-01-31,314,Korneuburg,Frauen,35 bis 39 Jahre,B9999,unbestimmt (nur Pst),1,35,39
1336935,2023-01-31,314,Korneuburg,Männer,bis 19 Jahre,B9999,unbestimmt (nur Pst),3,0,19
1337048,2023-01-31,315,Krems,Frauen,bis 19 Jahre,B9999,unbestimmt (nur Pst),3,0,19
1337076,2023-01-31,315,Krems,Frauen,20 bis 24 Jahre,B9999,unbestimmt (nur Pst),1,20,24
1337111,2023-01-31,315,Krems,Frauen,30 bis 34 Jahre,B9999,unbestimmt (nur Pst),1,30,34
1337128,2023-01-31,315,Krems,Frauen,35 bis 39 Jahre,B9999,unbestimmt (nur Pst),3,35,39
1337148,2023-01-31,315,Krems,Frauen,40 bis 44 Jahre,B9999,unbestimmt (nur Pst),1,40,44
1337164,2023-01-31,315,Krems,Frauen,45 bis 49 Jahre,B9999,unbestimmt (nur Pst),2,45,49
1337204,2023-01-31,315,Krems,Männer,bis 19 Jahre,B9999,unbestimmt (nur Pst),1,0,19
1337306,2023-01-31,316,Lilienfeld,Frauen,bis 19 Jahre,B9999,unbestimmt (nur Pst),3,0,19
1337333,2023-01-31,316,Lilienfeld,Frauen,30 bis 34 Jahre,B9999,unbestimmt (nur Pst),1,30,34
1337346,2023-01-31,316,Lilienfeld,Frauen,35 bis 39 Jahre,B9999,unbestimmt (nur Pst),1,35,39
1337353,2023-01-31,316,Lilienfeld,Frauen,40 bis 44 Jahre,B9999,unbestimmt (nur Pst),1,40,44
1337358,2023-01-31,316,Lilienfeld,Frauen,45 bis 49 Jahre,B9999,unbestimmt (nur Pst),1,45,49
1337363,2023-01-31,316,Lilienfeld,Frauen,50 bis 54 Jahre,B9999,unbestimmt (nur Pst),1,50,54
1337375,2023-01-31,316,Lilienfeld,Männer,bis 19 Jahre,B9999,unbestimmt (nur Pst),5,0,19
1337392,2023-01-31,316,Lilienfeld,Männer,30 bis 34 Jahre,B9999,unbestimmt (nur Pst),1,30,34
1337430,2023-01-31,317,Melk,Frauen,bis 19 Jahre,B9999,unbestimmt (nur Pst),2,0,19
1337442,2023-01-31,317,Melk,Frauen,20 bis 24 Jahre,B9999,unbestimmt (nur Pst),1,20,24
1337545,2023-01-31,317,Melk,Männer,bis 19 Jahre,B9999,unbestimmt (nur Pst),1,0,19
1337767,2023-01-31,319,Mistelbach,Männer,bis 19 Jahre,B9999,unbestimmt (nur Pst),1,0,19
1337869,2023-01-31,321,Mödling,Frauen,bis 19 Jahre,B9999,unbestimmt (nur Pst),3,0,19
1337893,2023-01-31,321,Mödling,Frauen,20 bis 24 Jahre,B9999,unbestimmt (nur Pst),1,20,24
1337908,2023-01-31,321,Mödling,Frauen,25 bis 29 Jahre,B9999,unbestimmt (nur Pst),1,25,29
1337955,2023-01-31,321,Mödling,Frauen,35 bis 39 Jahre,B9999,unbestimmt (nur Pst),1,35,39
1337998,2023-01-31,321,Mödling,Frauen,45 bis 49 Jahre,B9999,unbestimmt (nur Pst),1,45,49
1338054,2023-01-31,321,Mödling,Männer,bis 19 Jahre,B9999,unbestimmt (nur Pst),11,0,19
1338206,2023-01-31,323,Neunkirchen,Frauen,bis 19 Jahre,B9999,unbestimmt (nur Pst),4,0,19
1338350,2023-01-31,323,Neunkirchen,Männer,bis 19 Jahre,B9999,unbestimmt (nur Pst),1,0,19
1338500,2023-01-31,326,St. Pölten,Frauen,bis 19 Jahre,B9999,unbestimmt (nur Pst),17,0,19
1338539,2023-01-31,326,St. Pölten,Frauen,20 bis 24 Jahre,B9999,unbestimmt (nur Pst),3,20,24
1338608,2023-01-31,326,St. Pölten,Frauen,30 bis 34 Jahre,B9999,unbestimmt (nur Pst),1,30,34
1338648,2023-01-31,326,St. Pölten,Frauen,35 bis 39 Jahre,B9999,unbestimmt (nur Pst),1,35,39
1338692,2023-01-31,326,St. Pölten,Frauen,40 bis 44 Jahre,B9999,unbestimmt (nur Pst),2,40,44
1338715,2023-01-31,326,St. Pölten,Frauen,45 bis 49 Jahre,B9999,unbestimmt (nur Pst),1,45,49
1338743,2023-01-31,326,St. Pölten,Frauen,50 bis 54 Jahre,B9999,unbestimmt (nur Pst),1,50,54
1338764,2023-01-31,326,St. Pölten,Frauen,55 bis 59 Jahre,B9999,unbestimmt (nur Pst),1,55,59
1338793,2023-01-31,326,St. Pölten,Männer,bis 19 Jahre,B9999,unbestimmt (nur Pst),17,0,19
1338840,2023-01-31,326,St. Pölten,Männer,20 bis 24 Jahre,B9999,unbestimmt (nur Pst),4,20,24
1338871,2023-01-31,326,St. Pölten,Männer,25 bis 29 Jahre,B9999,unbestimmt (nur Pst),3,25,29
1338970,2023-01-31,326,St. Pölten,Männer,40 bis 44 Jahre,B9999,unbestimmt (nur Pst),1,40,44
1339012,2023-01-31,326,St. Pölten,Männer,50 bis 54 Jahre,B9999,unbestimmt (nur Pst),1,50,54
1339169,2023-01-31,329,Schwechat,Frauen,bis 19 Jahre,B9999,unbestimmt (nur Pst),2,0,19
1339188,2023-01-31,329,Schwechat,Frauen,20 bis 24 Jahre,B9999,unbestimmt (nur Pst),1,20,24
1339297,2023-01-31,329,Schwechat,Männer,bis 19 Jahre,B9999,unbestimmt (nur Pst),5,0,19
1339361,2023-01-31,329,Schwechat,Männer,40 bis 44 Jahre,B9999,unbestimmt (nur Pst),1,40,44
1339399,2023-01-31,331,Tulln,Frauen,bis 19 Jahre,B9999,unbestimmt (nur Pst),8,0,19
1339423,2023-01-31,331,Tulln,Frauen,20 bis 24 Jahre,B9999,unbestimmt (nur Pst),3,20,24
1339536,2023-01-31,331,Tulln,Frauen,50 bis 54 Jahre,B9999,unbestimmt (nur Pst),1,50,54
1339563,2023-01-31,331,Tulln,Männer,bis 19 Jahre,B9999,unbestimmt (nur Pst),5,0,19
1339678,2023-01-31,332,Waidhofen/Thaya,Frauen,bis 19 Jahre,B9999,unbestimmt (nur Pst),1,0,19
1339696,2023-01-31,332,Waidhofen/Thaya,Frauen,20 bis 24 Jahre,B9999,unbestimmt (nur Pst),1,20,24
1339748,2023-01-31,332,Waidhofen/Thaya,Männer,bis 19 Jahre,B9999,unbestimmt (nur Pst),1,0,19
1339760,2023-01-31,332,Waidhofen/Thaya,Männer,20 bis 24 Jahre,B9999,unbestimmt (nur Pst),2,20,24
1339785,2023-01-31,333,Waidhofen/Ybbs,Frauen,bis 19 Jahre,B9999,unbestimmt (nur Pst),1,0,19
1339837,2023-01-31,333,Waidhofen/Ybbs,Männer,bis 19 Jahre,B9999,unbestimmt (nur Pst),1,0,19
1339889,2023-01-31,334,Wr. Neustadt,Frauen,bis 19 Jahre,B9999,unbestimmt (nur Pst),5,0,19
1339922,2023-01-31,334,Wr. Neustadt,Frauen,20 bis 24 Jahre,B9999,unbestimmt (nur Pst),1,20,24
1340101,2023-01-31,334,Wr. Neustadt,Männer,bis 19 Jahre,B9999,unbestimmt (nur Pst),3,0,19
1340391,2023-01-31,335,Zwettl,Männer,30 bis 34 Jahre,B9999,unbestimmt (nur Pst),1,30,34
1340423,2023-01-31,401,Braunau,Frauen,bis 19 Jahre,B9999,unbestimmt (nur Pst),12,0,19
1340448,2023-01-31,401,Braunau,Frauen,20 bis 24 Jahre,B9999,unbestimmt (nur Pst),6,20,24
1340474,2023-01-31,401,Braunau,Frauen,25 bis 29 Jahre,B9999,unbestimmt (nur Pst),3,25,29
1340497,2023-01-31,401,Braunau,Frauen,30 bis 34 Jahre,B9999,unbestimmt (nur Pst),9,30,34
1340522,2023-01-31,401,Braunau,Frauen,35 bis 39 Jahre,B9999,unbestimmt (nur Pst),1,35,39
1340546,2023-01-31,401,Braunau,Frauen,40 bis 44 Jahre,B9999,unbestimmt (nur Pst),2,40,44
1340564,2023-01-31,401,Braunau,Frauen,45 bis 49 Jahre,B9999,unbestimmt (nur Pst),3,45,49
1340582,2023-01-31,401,Braunau,Frauen,50 bis 54 Jahre,B9999,unbestimmt (nur Pst),2,50,54
1340618,2023-01-31,401,Braunau,Männer,bis 19 Jahre,B9999,unbestimmt (nur Pst),23,0,19
1340649,2023-01-31,401,Braunau,Männer,20 bis 24 Jahre,B9999,unbestimmt (nur Pst),4,20,24
1340673,2023-01-31,401,Braunau,Männer,25 bis 29 Jahre,B9999,unbestimmt (nur Pst),3,25,29
1340692,2023-01-31,401,Braunau,Männer,30 bis 34 Jahre,B9999,unbestimmt (nur Pst),2,30,34
1340711,2023-01-31,401,Braunau,Männer,35 bis 39 Jahre,B9999,unbestimmt (nur Pst),1,35,39
1340726,2023-01-31,401,Braunau,Männer,40 bis 44 Jahre,B9999,unbestimmt (nur Pst),1,40,44
1340744,2023-01-31,401,Braunau,Männer,45 bis 49 Jahre,B9999,unbestimmt (nur Pst),2,45,49
1340801,2023-01-31,402,Eferding,Frauen,25 bis 29 Jahre,B9999,unbestimmt (nur Pst),2,25,29
1340814,2023-01-31,402,Eferding,Frauen,30 bis 34 Jahre,B9999,unbestimmt (nur Pst),1,30,34
1340819,2023-01-31,402,Eferding,Frauen,35 bis 39 Jahre,B9999,unbestimmt (nur Pst),1,35,39
1340830,2023-01-31,402,Eferding,Frauen,40 bis 44 Jahre,B9999,unbestimmt (nur Pst),2,40,44
1340851,2023-01-31,402,Eferding,Frauen,55 bis 59 Jahre,B9999,unbestimmt (nur Pst),1,55,59
1340931,2023-01-31,403,Freistadt,Frauen,bis 19 Jahre,B9999,unbestimmt (nur Pst),2,0,19
1340952,2023-01-31,403,Freistadt,Frauen,20 bis 24 Jahre,B9999,unbestimmt (nur Pst),1,20,24
1340970,2023-01-31,403,Freistadt,Frauen,25 bis 29 Jahre,B9999,unbestimmt (nur Pst),1,25,29
1341061,2023-01-31,403,Freistadt,Männer,bis 19 Jahre,B9999,unbestimmt (nur Pst),2,0,19
1341094,2023-01-31,403,Freistadt,Männer,25 bis 29 Jahre,B9999,unbestimmt (nur Pst),1,25,29
1341176,2023-01-31,404,Gmunden,Frauen,bis 19 Jahre,B9999,unbestimmt (nur Pst),3,0,19
1341271,2023-01-31,404,Gmunden,Frauen,35 bis 39 Jahre,B9999,unbestimmt (nur Pst),1,35,39
1341372,2023-01-31,404,Gmunden,Männer,bis 19 Jahre,B9999,unbestimmt (nur Pst),4,0,19
1341527,2023-01-31,406,Grieskirchen,Frauen,bis 19 Jahre,B9999,unbestimmt (nur Pst),1,0,19
1341543,2023-01-31,406,Grieskirchen,Frauen,20 bis 24 Jahre,B9999,unbestimmt (nur Pst),1,20,24
1341562,2023-01-31,406,Grieskirchen,Frauen,25 bis 29 Jahre,B9999,unbestimmt (nur Pst),1,25,29
1341577,2023-01-31,406,Grieskirchen,Frauen,30 bis 34 Jahre,B9999,unbestimmt (nur Pst),1,30,34
1341596,2023-01-31,406,Grieskirchen,Frauen,35 bis 39 Jahre,B9999,unbestimmt (nur Pst),1,35,39
1341630,2023-01-31,406,Grieskirchen,Frauen,50 bis 54 Jahre,B9999,unbestimmt (nur Pst),1,50,54
1341646,2023-01-31,406,Grieskirchen,Männer,bis 19 Jahre,B9999,unbestimmt (nur Pst),3,0,19
1341728,2023-01-31,407,Kirchdorf/Krems,Frauen,bis 19 Jahre,B9999,unbestimmt (nur Pst),5,0,19
1341745,2023-01-31,407,Kirchdorf/Krems,Frauen,20 bis 24 Jahre,B9999,unbestimmt (nur Pst),1,20,24
1341808,2023-01-31,407,Kirchdorf/Krems,Frauen,50 bis 54 Jahre,B9999,unbestimmt (nur Pst),1,50,54
1341829,2023-01-31,407,Kirchdorf/Krems,Männer,bis 19 Jahre,B9999,unbestimmt (nur Pst),4,0,19
1341880,2023-01-31,407,Kirchdorf/Krems,Männer,30 bis 34 Jahre,B9999,unbestimmt (nur Pst),1,30,34
1341962,2023-01-31,409,Linz neu,Frauen,bis 19 Jahre,B9999,unbestimmt (nur Pst),38,0,19
1342004,2023-01-31,409,Linz neu,Frauen,20 bis 24 Jahre,B9999,unbestimmt (nur Pst),22,20,24
1342054,2023-01-31,409,Linz neu,Frauen,25 bis 29 Jahre,B9999,unbestimmt (nur Pst),7,25,29
1342107,2023-01-31,409,Linz neu,Frauen,30 bis 34 Jahre,B9999,unbestimmt (nur Pst),3,30,34
1342158,2023-01-31,409,Linz neu,Frauen,35 bis 39 Jahre,B9999,unbestimmt (nur Pst),4,35,39
1342203,2023-01-31,409,Linz neu,Frauen,40 bis 44 Jahre,B9999,unbestimmt (nur Pst),6,40,44
1342244,2023-01-31,409,Linz neu,Frauen,45 bis 49 Jahre,B9999,unbestimmt (nur Pst),2,45,49
1342289,2023-01-31,409,Linz neu,Frauen,55 bis 59 Jahre,B9999,unbestimmt (nur Pst),2,55,59
1342334,2023-01-31,409,Linz neu,Männer,bis 19 Jahre,B9999,unbestimmt (nur Pst),38,0,19
1342392,2023-01-31,409,Linz neu,Männer,20 bis 24 Jahre,B9999,unbestimmt (nur Pst),23,20,24
1342451,2023-01-31,409,Linz neu,Männer,25 bis 29 Jahre,B9999,unbestimmt (nur Pst),2,25,29
1342505,2023-01-31,409,Linz neu,Männer,30 bis 34 Jahre,B9999,unbestimmt (nur Pst),3,30,34
1342549,2023-01-31,409,Linz neu,Männer,35 bis 39 Jahre,B9999,unbestimmt (nur Pst),1,35,39
1342594,2023-01-31,409,Linz neu,Männer,40 bis 44 Jahre,B9999,unbestimmt (nur Pst),2,40,44
1342632,2023-01-31,409,Linz neu,Männer,45 bis 49 Jahre,B9999,unbestimmt (nur Pst),2,45,49
1342715,2023-01-31,411,Perg,Frauen,bis 19 Jahre,B9999,unbestimmt (nur Pst),1,0,19
1342815,2023-01-31,411,Perg,Frauen,55 bis 59 Jahre,B9999,unbestimmt (nur Pst),1,55,59
1342825,2023-01-31,411,Perg,Männer,bis 19 Jahre,B9999,unbestimmt (nur Pst),1,0,19
1342849,2023-01-31,411,Perg,Männer,20 bis 24 Jahre,B9999,unbestimmt (nur Pst),2,20,24
1342951,2023-01-31,412,Ried im Innkreis,Frauen,bis 19 Jahre,B9999,unbestimmt (nur Pst),12,0,19
1342989,2023-01-31,412,Ried im Innkreis,Frauen,25 bis 29 Jahre,B9999,unbestimmt (nur Pst),1,25,29
1343005,2023-01-31,412,Ried im Innkreis,Frauen,30 bis 34 Jahre,B9999,unbestimmt (nur Pst),2,30,34
1343036,2023-01-31,412,Ried im Innkreis,Frauen,40 bis 44 Jahre,B9999,unbestimmt (nur Pst),3,40,44
1343047,2023-01-31,412,Ried im Innkreis,Frauen,45 bis 49 Jahre,B9999,unbestimmt (nur Pst),1,45,49
1343057,2023-01-31,412,Ried im Innkreis,Frauen,50 bis 54 Jahre,B9999,unbestimmt (nur Pst),3,50,54
1343066,2023-01-31,412,Ried im Innkreis,Frauen,55 bis 59 Jahre,B9999,unbestimmt (nur Pst),1,55,59
1343084,2023-01-31,412,Ried im Innkreis,Männer,bis 19 Jahre,B9999,unbestimmt (nur Pst),7,0,19
1343128,2023-01-31,412,Ried im Innkreis,Männer,30 bis 34 Jahre,B9999,unbestimmt (nur Pst),1,30,34
1343194,2023-01-31,413,Rohrbach,Frauen,20 bis 24 Jahre,B9999,unbestimmt (nur Pst),1,20,24
1343206,2023-01-31,413,Rohrbach,Frauen,25 bis 29 Jahre,B9999,unbestimmt (nur Pst),1,25,29
1343256,2023-01-31,413,Rohrbach,Frauen,45 bis 49 Jahre,B9999,unbestimmt (nur Pst),1,45,49
1343267,2023-01-31,413,Rohrbach,Frauen,55 bis 59 Jahre,B9999,unbestimmt (nur Pst),1,55,59
1343270,2023-01-31,413,Rohrbach,Frauen,60 bis 64 Jahre,B9999,unbestimmt (nur Pst),1,60,64
1343278,2023-01-31,413,Rohrbach,Männer,bis 19 Jahre,B9999,unbestimmt (nur Pst),2,0,19
1343317,2023-01-31,413,Rohrbach,Männer,40 bis 44 Jahre,B9999,unbestimmt (nur Pst),1,40,44
1343325,2023-01-31,413,Rohrbach,Männer,45 bis 49 Jahre,B9999,unbestimmt (nur Pst),1,45,49
1343331,2023-01-31,413,Rohrbach,Männer,50 bis 54 Jahre,B9999,unbestimmt (nur Pst),1,50,54
1343351,2023-01-31,414,Schärding,Frauen,bis 19 Jahre,B9999,unbestimmt (nur Pst),3,0,19
1343363,2023-01-31,414,Schärding,Frauen,20 bis 24 Jahre,B9999,unbestimmt (nur Pst),2,20,24
1343430,2023-01-31,414,Schärding,Frauen,50 bis 54 Jahre,B9999,unbestimmt (nur Pst),1,50,54
1343487,2023-01-31,414,Schärding,Männer,35 bis 39 Jahre,B9999,unbestimmt (nur Pst),1,35,39
1343520,2023-01-31,415,Steyr,Frauen,bis 19 Jahre,B9999,unbestimmt (nur Pst),13,0,19
1343552,2023-01-31,415,Steyr,Frauen,20 bis 24 Jahre,B9999,unbestimmt (nur Pst),1,20,24
1343598,2023-01-31,415,Steyr,Frauen,30 bis 34 Jahre,B9999,unbestimmt (nur Pst),2,30,34
1343627,2023-01-31,415,Steyr,Frauen,35 bis 39 Jahre,B9999,unbestimmt (nur Pst),2,35,39
1343649,2023-01-31,415,Steyr,Frauen,40 bis 44 Jahre,B9999,unbestimmt (nur Pst),1,40,44
1343689,2023-01-31,415,Steyr,Frauen,50 bis 54 Jahre,B9999,unbestimmt (nur Pst),1,50,54
1343730,2023-01-31,415,Steyr,Männer,bis 19 Jahre,B9999,unbestimmt (nur Pst),15,0,19
1343761,2023-01-31,415,Steyr,Männer,20 bis 24 Jahre,B9999,unbestimmt (nur Pst),7,20,24
1343785,2023-01-31,415,Steyr,Männer,25 bis 29 Jahre,B9999,unbestimmt (nur Pst),3,25,29
1343916,2023-01-31,418,Vöcklabruck,Frauen,bis 19 Jahre,B9999,unbestimmt (nur Pst),7,0,19
1343939,2023-01-31,418,Vöcklabruck,Frauen,20 bis 24 Jahre,B9999,unbestimmt (nur Pst),2,20,24
1343959,2023-01-31,418,Vöcklabruck,Frauen,25 bis 29 Jahre,B9999,unbestimmt (nur Pst),3,25,29
1344097,2023-01-31,418,Vöcklabruck,Männer,bis 19 Jahre,B9999,unbestimmt (nur Pst),4,0,19
1344308,2023-01-31,419,Wels,Frauen,20 bis 24 Jahre,B9999,unbestimmt (nur Pst),1,20,24
1344419,2023-01-31,419,Wels,Frauen,40 bis 44 Jahre,B9999,unbestimmt (nur Pst),2,40,44
1344506,2023-01-31,419,Wels,Männer,bis 19 Jahre,B9999,unbestimmt (nur Pst),1,0,19
1344594,2023-01-31,419,Wels,Männer,30 bis 34 Jahre,B9999,unbestimmt (nur Pst),2,30,34
1344718,2023-01-31,421,Traun,Frauen,bis 19 Jahre,B9999,unbestimmt (nur Pst),5,0,19
1344835,2023-01-31,421,Traun,Frauen,35 bis 39 Jahre,B9999,unbestimmt (nur Pst),1,35,39
1344861,2023-01-31,421,Traun,Frauen,40 bis 44 Jahre,B9999,unbestimmt (nur Pst),1,40,44
1344916,2023-01-31,421,Traun,Frauen,50 bis 54 Jahre,B9999,unbestimmt (nur Pst),1,50,54
1344936,2023-01-31,421,Traun,Frauen,55 bis 59 Jahre,B9999,unbestimmt (nur Pst),1,55,59
1344975,2023-01-31,421,Traun,Männer,bis 19 Jahre,B9999,unbestimmt (nur Pst),5,0,19
1345030,2023-01-31,421,Traun,Männer,25 bis 29 Jahre,B9999,unbestimmt (nur Pst),1,25,29
1345083,2023-01-31,421,Traun,Männer,35 bis 39 Jahre,B9999,unbestimmt (nur Pst),1,35,39
1345208,2023-01-31,501,Bischofshofen,Frauen,20 bis 24 Jahre,B9999,unbestimmt (nur Pst),3,20,24
1345225,2023-01-31,501,Bischofshofen,Frauen,25 bis 29 Jahre,B9999,unbestimmt (nur Pst),1,25,29
1345287,2023-01-31,501,Bischofshofen,Frauen,40 bis 44 Jahre,B9999,unbestimmt (nur Pst),1,40,44
1345367,2023-01-31,501,Bischofshofen,Männer,25 bis 29 Jahre,B9999,unbestimmt (nur Pst),1,25,29
1345502,2023-01-31,503,Hallein,Männer,bis 19 Jahre,B9999,unbestimmt (nur Pst),2,0,19
1345599,2023-01-31,506,Zell am See,Frauen,bis 19 Jahre,B9999,unbestimmt (nur Pst),1,0,19
1346499,2023-01-31,601,Bruck/Mur,Frauen,bis 19 Jahre,B9999,unbestimmt (nur Pst),6,0,19
1346540,2023-01-31,601,Bruck/Mur,Frauen,30 bis 34 Jahre,B9999,unbestimmt (nur Pst),1,30,34
1346599,2023-01-31,601,Bruck/Mur,Frauen,50 bis 54 Jahre,B9999,unbestimmt (nur Pst),1,50,54
1346625,2023-01-31,601,Bruck/Mur,Männer,bis 19 Jahre,B9999,unbestimmt (nur Pst),7,0,19
1346648,2023-01-31,601,Bruck/Mur,Männer,20 bis 24 Jahre,B9999,unbestimmt (nur Pst),1,20,24
1346738,2023-01-31,603,Deutschlandsberg,Frauen,bis 19 Jahre,B9999,unbestimmt (nur Pst),1,0,19
1346754,2023-01-31,603,Deutschlandsberg,Frauen,20 bis 24 Jahre,B9999,unbestimmt (nur Pst),1,20,24
1347223,2023-01-31,606,Gleisdorf,Frauen,bis 19 Jahre,B9999,unbestimmt (nur Pst),2,0,19
1347237,2023-01-31,606,Gleisdorf,Frauen,20 bis 24 Jahre,B9999,unbestimmt (nur Pst),2,20,24
1347318,2023-01-31,606,Gleisdorf,Männer,bis 19 Jahre,B9999,unbestimmt (nur Pst),1,0,19
1347332,2023-01-31,606,Gleisdorf,Männer,20 bis 24 Jahre,B9999,unbestimmt (nur Pst),1,20,24
1347504,2023-01-31,609,Hartberg,Frauen,40 bis 44 Jahre,B9999,unbestimmt (nur Pst),2,40,44
1347565,2023-01-31,609,Hartberg,Männer,bis 19 Jahre,B9999,unbestimmt (nur Pst),3,0,19
1347589,2023-01-31,609,Hartberg,Männer,20 bis 24 Jahre,B9999,unbestimmt (nur Pst),1,20,24
1347638,2023-01-31,609,Hartberg,Männer,35 bis 39 Jahre,B9999,unbestimmt (nur Pst),1,35,39
1347952,2023-01-31,611,Murau,Frauen,20 bis 24 Jahre,B9999,unbestimmt (nur Pst),1,20,24
1347986,2023-01-31,611,Murau,Männer,bis 19 Jahre,B9999,unbestimmt (nur Pst),2,0,19
1348031,2023-01-31,614,Leibnitz,Frauen,bis 19 Jahre,B9999,unbestimmt (nur Pst),3,0,19
1348082,2023-01-31,614,Leibnitz,Frauen,25 bis 29 Jahre,B9999,unbestimmt (nur Pst),1,25,29
1348468,2023-01-31,616,Leoben,Männer,bis 19 Jahre,B9999,unbestimmt (nur Pst),1,0,19
1348800,2023-01-31,621,Mürzzuschlag,Frauen,bis 19 Jahre,B9999,unbestimmt (nur Pst),2,0,19
1348816,2023-01-31,621,Mürzzuschlag,Frauen,20 bis 24 Jahre,B9999,unbestimmt (nur Pst),2,20,24
1348841,2023-01-31,621,Mürzzuschlag,Frauen,35 bis 39 Jahre,B9999,unbestimmt (nur Pst),1,35,39
1348895,2023-01-31,621,Mürzzuschlag,Männer,bis 19 Jahre,B9999,unbestimmt (nur Pst),3,0,19
1348907,2023-01-31,621,Mürzzuschlag,Männer,20 bis 24 Jahre,B9999,unbestimmt (nur Pst),1,20,24
1348969,2023-01-31,621,Mürzzuschlag,Männer,50 bis 54 Jahre,B9999,unbestimmt (nur Pst),1,50,54
1348988,2023-01-31,622,Voitsberg,Frauen,bis 19 Jahre,B9999,unbestimmt (nur Pst),2,0,19
1349008,2023-01-31,622,Voitsberg,Frauen,20 bis 24 Jahre,B9999,unbestimmt (nur Pst),1,20,24
1349113,2023-01-31,622,Voitsberg,Männer,bis 19 Jahre,B9999,unbestimmt (nur Pst),2,0,19
1349216,2023-01-31,623,Weiz,Frauen,20 bis 24 Jahre,B9999,unbestimmt (nur Pst),1,20,24
1349227,2023-01-31,623,Weiz,Frauen,30 bis 34 Jahre,B9999,unbestimmt (nur Pst),2,30,34
1349247,2023-01-31,623,Weiz,Frauen,40 bis 44 Jahre,B9999,unbestimmt (nur Pst),2,40,44
1349257,2023-01-31,623,Weiz,Frauen,45 bis 49 Jahre,B9999,unbestimmt (nur Pst),1,45,49
1349269,2023-01-31,623,Weiz,Frauen,55 bis 59 Jahre,B9999,unbestimmt (nur Pst),1,55,59
1349276,2023-01-31,623,Weiz,Männer,bis 19 Jahre,B9999,unbestimmt (nur Pst),1,0,19
1349315,2023-01-31,623,Weiz,Männer,40 bis 44 Jahre,B9999,unbestimmt (nur Pst),1,40,44
1349318,2023-01-31,623,Weiz,Männer,45 bis 49 Jahre,B9999,unbestimmt (nur Pst),1,45,49
1349323,2023-01-31,623,Weiz,Männer,50 bis 54 Jahre,B9999,unbestimmt (nur Pst),1,50,54
1349378,2023-01-31,630,Graz-West und Umgebung,Frauen,bis 19 Jahre,B9999,unbestimmt (nur Pst),8,0,19
1349433,2023-01-31,630,Graz-West und Umgebung,Frauen,20 bis 24 Jahre,B9999,unbestimmt (nur Pst),2,20,24
1349484,2023-01-31,630,Graz-West und Umgebung,Frauen,25 bis 29 Jahre,B9999,unbestimmt (nur Pst),1,25,29
1349534,2023-01-31,630,Graz-West und Umgebung,Frauen,30 bis 34 Jahre,B9999,unbestimmt (nur Pst),3,30,34
1349586,2023-01-31,630,Graz-West und Umgebung,Frauen,35 bis 39 Jahre,B9999,unbestimmt (nur Pst),1,35,39
1349636,2023-01-31,630,Graz-West und Umgebung,Frauen,40 bis 44 Jahre,B9999,unbestimmt (nur Pst),2,40,44
1349684,2023-01-31,630,Graz-West und Umgebung,Frauen,45 bis 49 Jahre,B9999,unbestimmt (nur Pst),2,45,49
1349796,2023-01-31,630,Graz-West und Umgebung,Männer,bis 19 Jahre,B9999,unbestimmt (nur Pst),14,0,19
1349862,2023-01-31,630,Graz-West und Umgebung,Männer,20 bis 24 Jahre,B9999,unbestimmt (nur Pst),2,20,24
1349927,2023-01-31,630,Graz-West und Umgebung,Männer,25 bis 29 Jahre,B9999,unbestimmt (nur Pst),1,25,29
1350093,2023-01-31,630,Graz-West und Umgebung,Männer,45 bis 49 Jahre,B9999,unbestimmt (nur Pst),1,45,49
1350183,2023-01-31,631,Graz-Ost,Frauen,bis 19 Jahre,B9999,unbestimmt (nur Pst),1,0,19
1350212,2023-01-31,631,Graz-Ost,Frauen,20 bis 24 Jahre,B9999,unbestimmt (nur Pst),2,20,24
1350490,2023-01-31,631,Graz-Ost,Männer,bis 19 Jahre,B9999,unbestimmt (nur Pst),1,0,19
1350544,2023-01-31,631,Graz-Ost,Männer,20 bis 24 Jahre,B9999,unbestimmt (nur Pst),1,20,24
1350739,2023-01-31,701,Imst,Frauen,bis 19 Jahre,B9999,unbestimmt (nur Pst),1,0,19
1350798,2023-01-31,701,Imst,Männer,bis 19 Jahre,B9999,unbestimmt (nur Pst),1,0,19
1350917,2023-01-31,702,Innsbruck,Frauen,25 bis 29 Jahre,B9999,unbestimmt (nur Pst),1,25,29
1350950,2023-01-31,702,Innsbruck,Frauen,30 bis 34 Jahre,B9999,unbestimmt (nur Pst),2,30,34
1350981,2023-01-31,702,Innsbruck,Frauen,35 bis 39 Jahre,B9999,unbestimmt (nur Pst),1,35,39
1351018,2023-01-31,702,Innsbruck,Frauen,40 bis 44 Jahre,B9999,unbestimmt (nur Pst),3,40,44
1351064,2023-01-31,702,Innsbruck,Frauen,50 bis 54 Jahre,B9999,unbestimmt (nur Pst),1,50,54
1351078,2023-01-31,702,Innsbruck,Frauen,60 bis 64 Jahre,B9999,unbestimmt (nur Pst),1,60,64
1351150,2023-01-31,702,Innsbruck,Männer,20 bis 24 Jahre,B9999,unbestimmt (nur Pst),1,20,24
1351182,2023-01-31,702,Innsbruck,Männer,25 bis 29 Jahre,B9999,unbestimmt (nur Pst),6,25,29
1351231,2023-01-31,702,Innsbruck,Männer,35 bis 39 Jahre,B9999,unbestimmt (nur Pst),1,35,39
1351411,2023-01-31,705,Kufstein,Frauen,bis 19 Jahre,B9999,unbestimmt (nur Pst),4,0,19
1351422,2023-01-31,705,Kufstein,Frauen,20 bis 24 Jahre,B9999,unbestimmt (nur Pst),2,20,24
1351441,2023-01-31,705,Kufstein,Frauen,25 bis 29 Jahre,B9999,unbestimmt (nur Pst),1,25,29
1351481,2023-01-31,705,Kufstein,Frauen,35 bis 39 Jahre,B9999,unbestimmt (nur Pst),1,35,39
1351506,2023-01-31,705,Kufstein,Frauen,45 bis 49 Jahre,B9999,unbestimmt (nur Pst),1,45,49
1351541,2023-01-31,705,Kufstein,Männer,bis 19 Jahre,B9999,unbestimmt (nur Pst),3,0,19
1351559,2023-01-31,705,Kufstein,Männer,20 bis 24 Jahre,B9999,unbestimmt (nur Pst),1,20,24
1351653,2023-01-31,706,Landeck,Frauen,bis 19 Jahre,B9999,unbestimmt (nur Pst),1,0,19
1351868,2023-01-31,709,Schwaz,Frauen,bis 19 Jahre,B9999,unbestimmt (nur Pst),1,0,19
1351880,2023-01-31,709,Schwaz,Frauen,20 bis 24 Jahre,B9999,unbestimmt (nur Pst),1,20,24
1351973,2023-01-31,709,Schwaz,Männer,25 bis 29 Jahre,B9999,unbestimmt (nur Pst),1,25,29
1351999,2023-01-31,709,Schwaz,Männer,40 bis 44 Jahre,B9999,unbestimmt (nur Pst),1,40,44
1352046,2023-01-31,801,Bludenz,Frauen,20 bis 24 Jahre,B9999,unbestimmt (nur Pst),2,20,24
1352063,2023-01-31,801,Bludenz,Frauen,25 bis 29 Jahre,B9999,unbestimmt (nur Pst),2,25,29
1352127,2023-01-31,801,Bludenz,Frauen,50 bis 54 Jahre,B9999,unbestimmt (nur Pst),1,50,54
1352148,2023-01-31,801,Bludenz,Männer,bis 19 Jahre,B9999,unbestimmt (nur Pst),1,0,19
1352169,2023-01-31,801,Bludenz,Männer,20 bis 24 Jahre,B9999,unbestimmt (nur Pst),2,20,24
1352183,2023-01-31,801,Bludenz,Männer,25 bis 29 Jahre,B9999,unbestimmt (nur Pst),1,25,29
1352254,2023-01-31,802,Bregenz,Frauen,bis 19 Jahre,B9999,unbestimmt (nur Pst),1,0,19
1352280,2023-01-31,802,Bregenz,Frauen,20 bis 24 Jahre,B9999,unbestimmt (nur Pst),3,20,24
1352354,2023-01-31,802,Bregenz,Frauen,35 bis 39 Jahre,B9999,unbestimmt (nur Pst),1,35,39
1352374,2023-01-31,802,Bregenz,Frauen,40 bis 44 Jahre,B9999,unbestimmt (nur Pst),1,40,44
1352477,2023-01-31,802,Bregenz,Männer,20 bis 24 Jahre,B9999,unbestimmt (nur Pst),1,20,24
1352547,2023-01-31,802,Bregenz,Männer,35 bis 39 Jahre,B9999,unbestimmt (nur Pst),2,35,39
1352610,2023-01-31,804,Dornbirn,Frauen,bis 19 Jahre,B9999,unbestimmt (nur Pst),3,0,19
1352641,2023-01-31,804,Dornbirn,Frauen,20 bis 24 Jahre,B9999,unbestimmt (nur Pst),5,20,24
1352800,2023-01-31,804,Dornbirn,Männer,bis 19 Jahre,B9999,unbestimmt (nur Pst),1,0,19
1352836,2023-01-31,804,Dornbirn,Männer,20 bis 24 Jahre,B9999,unbestimmt (nur Pst),1,20,24
1352883,2023-01-31,804,Dornbirn,Männer,30 bis 34 Jahre,B9999,unbestimmt (nur Pst),1,30,34
1352963,2023-01-31,805,Feldkirch,Frauen,bis 19 Jahre,B9999,unbestimmt (nur Pst),6,0,19
1352996,2023-01-31,805,Feldkirch,Frauen,20 bis 24 Jahre,B9999,unbestimmt (nur Pst),11,20,24
1353020,2023-01-31,805,Feldkirch,Frauen,25 bis 29 Jahre,B9999,unbestimmt (nur Pst),4,25,29
1353063,2023-01-31,805,Feldkirch,Frauen,35 bis 39 Jahre,B9999,unbestimmt (nur Pst),1,35,39
1353085,2023-01-31,805,Feldkirch,Frauen,40 bis 44 Jahre,B9999,unbestimmt (nur Pst),1,40,44
1353102,2023-01-31,805,Feldkirch,Frauen,45 bis 49 Jahre,B9999,unbestimmt (nur Pst),1,45,49
1353155,2023-01-31,805,Feldkirch,Männer,bis 19 Jahre,B9999,unbestimmt (nur Pst),9,0,19
1353189,2023-01-31,805,Feldkirch,Männer,20 bis 24 Jahre,B9999,unbestimmt (nur Pst),3,20,24
1353223,2023-01-31,805,Feldkirch,Männer,25 bis 29 Jahre,B9999,unbestimmt (nur Pst),1,25,29
1353242,2023-01-31,805,Feldkirch,Männer,30 bis 34 Jahre,B9999,unbestimmt (nur Pst),1,30,34
1353256,2023-01-31,805,Feldkirch,Männer,35 bis 39 Jahre,B9999,unbestimmt (nur Pst),1,35,39
1353283,2023-01-31,805,Feldkirch,Männer,45 bis 49 Jahre,B9999,unbestimmt (nur Pst),1,45,49
1353296,2023-01-31,805,Feldkirch,Männer,50 bis 54 Jahre,B9999,unbestimmt (nur Pst),1,50,54
1353374,2023-01-31,958,Wien Johnstraße,Frauen,30 bis 34 Jahre,B9999,unbestimmt (nur Pst),1,30,34
1354375,2023-01-31,960,Wien Esteplatz,Frauen,25 bis 29 Jahre,B9999,unbestimmt (nur Pst),1,25,29
1354539,2023-01-31,960,Wien Esteplatz,Frauen,45 bis 49 Jahre,B9999,unbestimmt (nur Pst),1,45,49
1355449,2023-01-31,962,Wien Redergasse,Männer,40 bis 44 Jahre,B9999,unbestimmt (nur Pst),1,40,44
1355713,2023-01-31,963,Wien Währinger Gürtel,Frauen,40 bis 44 Jahre,B9999,unbestimmt (nur Pst),1,40,44
1355748,2023-01-31,963,Wien Währinger Gürtel,Frauen,45 bis 49 Jahre,B9999,unbestimmt (nur Pst),1,45,49
1355772,2023-01-31,963,Wien Währinger Gürtel,Frauen,50 bis 54 Jahre,B9999,unbestimmt (nur Pst),2,50,54
1355829,2023-01-31,963,Wien Währinger Gürtel,Männer,25 bis 29 Jahre,B9999,unbestimmt (nur Pst),1,25,29
1356166,2023-01-31,964,Wien Favoritenstraße,Frauen,30 bis 34 Jahre,B9999,unbestimmt (nur Pst),1,30,34
1356227,2023-01-31,964,Wien Favoritenstraße,Frauen,35 bis 39 Jahre,B9999,unbestimmt (nur Pst),1,35,39
1356956,2023-01-31,965,Wien Schönbrunner Straße,Frauen,25 bis 29 Jahre,B9999,unbestimmt (nur Pst),1,25,29
1357141,2023-01-31,965,Wien Schönbrunner Straße,Frauen,40 bis 44 Jahre,B9999,unbestimmt (nur Pst),1,40,44
1357746,2023-01-31,966,Wien Hietzinger Kai,Frauen,30 bis 34 Jahre,B9999,unbestimmt (nur Pst),1,30,34
1357845,2023-01-31,966,Wien Hietzinger Kai,Frauen,40 bis 44 Jahre,B9999,unbestimmt (nur Pst),1,40,44
1357995,2023-01-31,966,Wien Hietzinger Kai,Männer,25 bis 29 Jahre,B9999,unbestimmt (nur Pst),1,25,29
1358063,2023-01-31,966,Wien Hietzinger Kai,Männer,30 bis 34 Jahre,B9999,unbestimmt (nur Pst),1,30,34
1358343,2023-01-31,967,Wien Huttengasse,Frauen,25 bis 29 Jahre,B9999,unbestimmt (nur Pst),1,25,29
1358571,2023-01-31,967,Wien Huttengasse,Frauen,45 bis 49 Jahre,B9999,unbestimmt (nur Pst),1,45,49
1358720,2023-01-31,967,Wien Huttengasse,Männer,25 bis 29 Jahre,B9999,unbestimmt (nur Pst),1,25,29
1358946,2023-01-31,967,Wien Huttengasse,Männer,40 bis 44 Jahre,B9999,unbestimmt (nur Pst),1,40,44
1359163,2023-01-31,968,Wien Schloßhofer Straße,Frauen,25 bis 29 Jahre,B9999,unbestimmt (nur Pst),2,25,29
1359212,2023-01-31,968,Wien Schloßhofer Straße,Frauen,30 bis 34 Jahre,B9999,unbestimmt (nur Pst),2,30,34
1359272,2023-01-31,968,Wien Schloßhofer Straße,Frauen,35 bis 39 Jahre,B9999,unbestimmt (nur Pst),1,35,39
1359326,2023-01-31,968,Wien Schloßhofer Straße,Frauen,40 bis 44 Jahre,B9999,unbestimmt (nur Pst),1,40,44
1359407,2023-01-31,968,Wien Schloßhofer Straße,Frauen,50 bis 54 Jahre,B9999,unbestimmt (nur Pst),2,50,54
1359541,2023-01-31,968,Wien Schloßhofer Straße,Männer,30 bis 34 Jahre,B9999,unbestimmt (nur Pst),1,30,34
1360562,2023-01-31,974,Wien Austria Campus,Frauen,35 bis 39 Jahre,B9999,unbestimmt (nur Pst),1,35,39
1360661,2023-01-31,974,Wien Austria Campus,Frauen,50 bis 54 Jahre,B9999,unbestimmt (nur Pst),1,50,54
1361514,2023-01-31,976,Wien Jugendliche I,Frauen,bis 19 Jahre,B9999,unbestimmt (nur Pst),9,0,19
1361609,2023-01-31,976,Wien Jugendliche I,Frauen,20 bis 24 Jahre,B9999,unbestimmt (nur Pst),6,20,24
1361725,2023-01-31,976,Wien Jugendliche I,Männer,bis 19 Jahre,B9999,unbestimmt (nur Pst),11,0,19
1361871,2023-01-31,976,Wien Jugendliche I,Männer,20 bis 24 Jahre,B9999,unbestimmt (nur Pst),4,20,24
1361915,2023-01-31,976,Wien Jugendliche I,Männer,25 bis 29 Jahre,B9999,unbestimmt (nur Pst),1,25,29
1361980,2023-01-31,977,Wien Jugendliche II,Frauen,bis 19 Jahre,B9999,unbestimmt (nur Pst),16,0,19
1362088,2023-01-31,977,Wien Jugendliche II,Frauen,20 bis 24 Jahre,B9999,unbestimmt (nur Pst),5,20,24
1362125,2023-01-31,977,Wien Jugendliche II,Frauen,25 bis 29 Jahre,B9999,unbestimmt (nur Pst),1,25,29
1362207,2023-01-31,977,Wien Jugendliche II,Männer,bis 19 Jahre,B9999,unbestimmt (nur Pst),17,0,19
1362351,2023-01-31,977,Wien Jugendliche II,Männer,20 bis 24 Jahre,B9999,unbestimmt (nur Pst),7,20,24
1362582,2023-02-28,102,Mattersburg,Frauen,bis 19 Jahre,B9999,unbestimmt (nur Pst),7,0,19
1362592,2023-02-28,102,Mattersburg,Frauen,20 bis 24 Jahre,B9999,unbestimmt (nur Pst),3,20,24
1362627,2023-02-28,102,Mattersburg,Frauen,45 bis 49 Jahre,B9999,unbestimmt (nur Pst),1,45,49
1362651,2023-02-28,102,Mattersburg,Männer,bis 19 Jahre,B9999,unbestimmt (nur Pst),5,0,19
1362665,2023-02-28,102,Mattersburg,Männer,20 bis 24 Jahre,B9999,unbestimmt (nur Pst),1,20,24
1362781,2023-02-28,103,Neusiedl am See,Männer,bis 19 Jahre,B9999,unbestimmt (nur Pst),1,0,19
1362986,2023-02-28,105,Oberwart,Frauen,bis 19 Jahre,B9999,unbestimmt (nur Pst),1,0,19
1363011,2023-02-28,105,Oberwart,Frauen,20 bis 24 Jahre,B9999,unbestimmt (nur Pst),1,20,24
1363143,2023-02-28,105,Oberwart,Männer,bis 19 Jahre,B9999,unbestimmt (nur Pst),1,0,19
1363262,2023-02-28,106,Stegersbach,Frauen,bis 19 Jahre,B9999,unbestimmt (nur Pst),1,0,19
1363500,2023-02-28,201,Feldkirchen,Frauen,30 bis 34 Jahre,B9999,unbestimmt (nur Pst),2,30,34
1363514,2023-02-28,201,Feldkirchen,Frauen,40 bis 44 Jahre,B9999,unbestimmt (nur Pst),2,40,44
1363546,2023-02-28,201,Feldkirchen,Männer,35 bis 39 Jahre,B9999,unbestimmt (nur Pst),1,35,39
1363612,2023-02-28,203,Klagenfurt,Frauen,bis 19 Jahre,B9999,unbestimmt (nur Pst),2,0,19
1363662,2023-02-28,203,Klagenfurt,Frauen,25 bis 29 Jahre,B9999,unbestimmt (nur Pst),1,25,29
1363687,2023-02-28,203,Klagenfurt,Frauen,30 bis 34 Jahre,B9999,unbestimmt (nur Pst),1,30,34
1363719,2023-02-28,203,Klagenfurt,Frauen,35 bis 39 Jahre,B9999,unbestimmt (nur Pst),1,35,39
1363832,2023-02-28,203,Klagenfurt,Männer,bis 19 Jahre,B9999,unbestimmt (nur Pst),3,0,19
1363886,2023-02-28,203,Klagenfurt,Männer,25 bis 29 Jahre,B9999,unbestimmt (nur Pst),1,25,29
1363945,2023-02-28,203,Klagenfurt,Männer,40 bis 44 Jahre,B9999,unbestimmt (nur Pst),1,40,44
1363986,2023-02-28,203,Klagenfurt,Männer,60 bis 64 Jahre,B9999,unbestimmt (nur Pst),1,60,64
1364007,2023-02-28,204,Spittal/Drau,Frauen,bis 19 Jahre,B9999,unbestimmt (nur Pst),3,0,19
1364036,2023-02-28,204,Spittal/Drau,Frauen,25 bis 29 Jahre,B9999,unbestimmt (nur Pst),1,25,29
1364105,2023-02-28,204,Spittal/Drau,Männer,bis 19 Jahre,B9999,unbestimmt (nur Pst),3,0,19
1364363,2023-02-28,206,Villach,Frauen,bis 19 Jahre,B9999,unbestimmt (nur Pst),1,0,19
1364467,2023-02-28,206,Villach,Frauen,35 bis 39 Jahre,B9999,unbestimmt (nur Pst),1,35,39
1364680,2023-02-28,206,Villach,Männer,40 bis 44 Jahre,B9999,unbestimmt (nur Pst),1,40,44
1364739,2023-02-28,207,Völkermarkt,Frauen,bis 19 Jahre,B9999,unbestimmt (nur Pst),1,0,19
1364797,2023-02-28,207,Völkermarkt,Frauen,40 bis 44 Jahre,B9999,unbestimmt (nur Pst),1,40,44
1364814,2023-02-28,207,Völkermarkt,Frauen,50 bis 54 Jahre,B9999,unbestimmt (nur Pst),1,50,54
1364846,2023-02-28,207,Völkermarkt,Männer,20 bis 24 Jahre,B9999,unbestimmt (nur Pst),1,20,24
1364866,2023-02-28,207,Völkermarkt,Männer,30 bis 34 Jahre,B9999,unbestimmt (nur Pst),1,30,34
1365019,2023-02-28,208,Wolfsberg,Männer,bis 19 Jahre,B9999,unbestimmt (nur Pst),1,0,19
1365127,2023-02-28,301,Amstetten,Frauen,bis 19 Jahre,B9999,unbestimmt (nur Pst),9,0,19
1365151,2023-02-28,301,Amstetten,Frauen,20 bis 24 Jahre,B9999,unbestimmt (nur Pst),1,20,24
1365175,2023-02-28,301,Amstetten,Frauen,25 bis 29 Jahre,B9999,unbestimmt (nur Pst),1,25,29
1365205,2023-02-28,301,Amstetten,Frauen,30 bis 34 Jahre,B9999,unbestimmt (nur Pst),1,30,34
1365258,2023-02-28,301,Amstetten,Frauen,45 bis 49 Jahre,B9999,unbestimmt (nur Pst),1,45,49
1365300,2023-02-28,301,Amstetten,Männer,bis 19 Jahre,B9999,unbestimmt (nur Pst),7,0,19
1365322,2023-02-28,301,Amstetten,Männer,20 bis 24 Jahre,B9999,unbestimmt (nur Pst),4,20,24
1365470,2023-02-28,304,Baden neu,Frauen,bis 19 Jahre,B9999,unbestimmt (nur Pst),4,0,19
1365504,2023-02-28,304,Baden neu,Frauen,20 bis 24 Jahre,B9999,unbestimmt (nur Pst),3,20,24
1365522,2023-02-28,304,Baden neu,Frauen,25 bis 29 Jahre,B9999,unbestimmt (nur Pst),4,25,29
1365573,2023-02-28,304,Baden neu,Frauen,35 bis 39 Jahre,B9999,unbestimmt (nur Pst),1,35,39
1365729,2023-02-28,304,Baden neu,Männer,20 bis 24 Jahre,B9999,unbestimmt (nur Pst),2,20,24
1365862,2023-02-28,306,Bruck/Leitha,Frauen,bis 19 Jahre,B9999,unbestimmt (nur Pst),3,0,19
1365895,2023-02-28,306,Bruck/Leitha,Frauen,30 bis 34 Jahre,B9999,unbestimmt (nur Pst),1,30,34
1365976,2023-02-28,306,Bruck/Leitha,Männer,20 bis 24 Jahre,B9999,unbestimmt (nur Pst),2,20,24
1366036,2023-02-28,308,Gänserndorf,Frauen,bis 19 Jahre,B9999,unbestimmt (nur Pst),3,0,19
1366067,2023-02-28,308,Gänserndorf,Frauen,20 bis 24 Jahre,B9999,unbestimmt (nur Pst),1,20,24
1366224,2023-02-28,308,Gänserndorf,Männer,bis 19 Jahre,B9999,unbestimmt (nur Pst),6,0,19
1366458,2023-02-28,311,Gmünd,Männer,bis 19 Jahre,B9999,unbestimmt (nur Pst),4,0,19
1366514,2023-02-28,312,Hollabrunn,Frauen,bis 19 Jahre,B9999,unbestimmt (nur Pst),6,0,19
1366529,2023-02-28,312,Hollabrunn,Frauen,20 bis 24 Jahre,B9999,unbestimmt (nur Pst),1,20,24
1366595,2023-02-28,312,Hollabrunn,Frauen,55 bis 59 Jahre,B9999,unbestimmt (nur Pst),1,55,59
1366612,2023-02-28,312,Hollabrunn,Männer,bis 19 Jahre,B9999,unbestimmt (nur Pst),1,0,19
1366631,2023-02-28,312,Hollabrunn,Männer,20 bis 24 Jahre,B9999,unbestimmt (nur Pst),2,20,24
1366686,2023-02-28,312,Hollabrunn,Männer,55 bis 59 Jahre,B9999,unbestimmt (nur Pst),1,55,59
1366708,2023-02-28,313,Horn,Frauen,20 bis 24 Jahre,B9999,unbestimmt (nur Pst),2,20,24
1366802,2023-02-28,314,Korneuburg,Frauen,bis 19 Jahre,B9999,unbestimmt (nur Pst),2,0,19
1366826,2023-02-28,314,Korneuburg,Frauen,20 bis 24 Jahre,B9999,unbestimmt (nur Pst),3,20,24
1366839,2023-02-28,314,Korneuburg,Frauen,25 bis 29 Jahre,B9999,unbestimmt (nur Pst),2,25,29
1366874,2023-02-28,314,Korneuburg,Frauen,35 bis 39 Jahre,B9999,unbestimmt (nur Pst),1,35,39
1366911,2023-02-28,314,Korneuburg,Frauen,45 bis 49 Jahre,B9999,unbestimmt (nur Pst),1,45,49
1366958,2023-02-28,314,Korneuburg,Männer,bis 19 Jahre,B9999,unbestimmt (nur Pst),2,0,19
1367078,2023-02-28,315,Krems,Frauen,bis 19 Jahre,B9999,unbestimmt (nur Pst),2,0,19
1367147,2023-02-28,315,Krems,Frauen,30 bis 34 Jahre,B9999,unbestimmt (nur Pst),1,30,34
1367166,2023-02-28,315,Krems,Frauen,35 bis 39 Jahre,B9999,unbestimmt (nur Pst),3,35,39
1367187,2023-02-28,315,Krems,Frauen,40 bis 44 Jahre,B9999,unbestimmt (nur Pst),1,40,44
1367203,2023-02-28,315,Krems,Frauen,45 bis 49 Jahre,B9999,unbestimmt (nur Pst),2,45,49
1367244,2023-02-28,315,Krems,Männer,bis 19 Jahre,B9999,unbestimmt (nur Pst),1,0,19
1367398,2023-02-28,316,Lilienfeld,Frauen,50 bis 54 Jahre,B9999,unbestimmt (nur Pst),1,50,54
1367468,2023-02-28,317,Melk,Frauen,bis 19 Jahre,B9999,unbestimmt (nur Pst),2,0,19
1367483,2023-02-28,317,Melk,Frauen,20 bis 24 Jahre,B9999,unbestimmt (nur Pst),1,20,24
1367590,2023-02-28,317,Melk,Männer,bis 19 Jahre,B9999,unbestimmt (nur Pst),1,0,19
1367688,2023-02-28,319,Mistelbach,Frauen,bis 19 Jahre,B9999,unbestimmt (nur Pst),1,0,19
1367810,2023-02-28,319,Mistelbach,Männer,bis 19 Jahre,B9999,unbestimmt (nur Pst),1,0,19
1367911,2023-02-28,321,Mödling,Frauen,bis 19 Jahre,B9999,unbestimmt (nur Pst),3,0,19
1367995,2023-02-28,321,Mödling,Frauen,35 bis 39 Jahre,B9999,unbestimmt (nur Pst),1,35,39
1368106,2023-02-28,321,Mödling,Männer,bis 19 Jahre,B9999,unbestimmt (nur Pst),11,0,19
1368139,2023-02-28,321,Mödling,Männer,20 bis 24 Jahre,B9999,unbestimmt (nur Pst),1,20,24
1368260,2023-02-28,323,Neunkirchen,Frauen,bis 19 Jahre,B9999,unbestimmt (nur Pst),4,0,19
1368402,2023-02-28,323,Neunkirchen,Männer,bis 19 Jahre,B9999,unbestimmt (nur Pst),1,0,19
1368555,2023-02-28,326,St. Pölten,Frauen,bis 19 Jahre,B9999,unbestimmt (nur Pst),17,0,19
1368592,2023-02-28,326,St. Pölten,Frauen,20 bis 24 Jahre,B9999,unbestimmt (nur Pst),1,20,24
1368707,2023-02-28,326,St. Pölten,Frauen,35 bis 39 Jahre,B9999,unbestimmt (nur Pst),1,35,39
1368754,2023-02-28,326,St. Pölten,Frauen,40 bis 44 Jahre,B9999,unbestimmt (nur Pst),2,40,44
1368786,2023-02-28,326,St. Pölten,Frauen,45 bis 49 Jahre,B9999,unbestimmt (nur Pst),3,45,49
1368819,2023-02-28,326,St. Pölten,Frauen,50 bis 54 Jahre,B9999,unbestimmt (nur Pst),1,50,54
1368840,2023-02-28,326,St. Pölten,Frauen,55 bis 59 Jahre,B9999,unbestimmt (nur Pst),1,55,59
1368874,2023-02-28,326,St. Pölten,Männer,bis 19 Jahre,B9999,unbestimmt (nur Pst),20,0,19
1368919,2023-02-28,326,St. Pölten,Männer,20 bis 24 Jahre,B9999,unbestimmt (nur Pst),4,20,24
1368948,2023-02-28,326,St. Pölten,Männer,25 bis 29 Jahre,B9999,unbestimmt (nur Pst),2,25,29
1368985,2023-02-28,326,St. Pölten,Männer,30 bis 34 Jahre,B9999,unbestimmt (nur Pst),1,30,34
1369049,2023-02-28,326,St. Pölten,Männer,40 bis 44 Jahre,B9999,unbestimmt (nur Pst),2,40,44
1369096,2023-02-28,326,St. Pölten,Männer,50 bis 54 Jahre,B9999,unbestimmt (nur Pst),1,50,54
1369169,2023-02-28,328,Scheibbs,Frauen,50 bis 54 Jahre,B9999,unbestimmt (nur Pst),1,50,54
1369251,2023-02-28,329,Schwechat,Frauen,bis 19 Jahre,B9999,unbestimmt (nur Pst),1,0,19
1369272,2023-02-28,329,Schwechat,Frauen,20 bis 24 Jahre,B9999,unbestimmt (nur Pst),1,20,24
1369346,2023-02-28,329,Schwechat,Frauen,45 bis 49 Jahre,B9999,unbestimmt (nur Pst),1,45,49
1369384,2023-02-28,329,Schwechat,Männer,bis 19 Jahre,B9999,unbestimmt (nur Pst),5,0,19
1369491,2023-02-28,331,Tulln,Frauen,bis 19 Jahre,B9999,unbestimmt (nur Pst),8,0,19
1369516,2023-02-28,331,Tulln,Frauen,20 bis 24 Jahre,B9999,unbestimmt (nur Pst),4,20,24
1369627,2023-02-28,331,Tulln,Frauen,50 bis 54 Jahre,B9999,unbestimmt (nur Pst),1,50,54
1369654,2023-02-28,331,Tulln,Männer,bis 19 Jahre,B9999,unbestimmt (nur Pst),6,0,19
1369679,2023-02-28,331,Tulln,Männer,20 bis 24 Jahre,B9999,unbestimmt (nur Pst),1,20,24
1369778,2023-02-28,332,Waidhofen/Thaya,Frauen,bis 19 Jahre,B9999,unbestimmt (nur Pst),1,0,19
1369795,2023-02-28,332,Waidhofen/Thaya,Frauen,20 bis 24 Jahre,B9999,unbestimmt (nur Pst),1,20,24
1369847,2023-02-28,332,Waidhofen/Thaya,Männer,bis 19 Jahre,B9999,unbestimmt (nur Pst),2,0,19
1369860,2023-02-28,332,Waidhofen/Thaya,Männer,20 bis 24 Jahre,B9999,unbestimmt (nur Pst),3,20,24
1369944,2023-02-28,333,Waidhofen/Ybbs,Männer,bis 19 Jahre,B9999,unbestimmt (nur Pst),1,0,19
1369989,2023-02-28,334,Wr. Neustadt,Frauen,bis 19 Jahre,B9999,unbestimmt (nur Pst),5,0,19
1370026,2023-02-28,334,Wr. Neustadt,Frauen,20 bis 24 Jahre,B9999,unbestimmt (nur Pst),1,20,24
1370215,2023-02-28,334,Wr. Neustadt,Männer,bis 19 Jahre,B9999,unbestimmt (nur Pst),4,0,19
1370523,2023-02-28,335,Zwettl,Männer,30 bis 34 Jahre,B9999,unbestimmt (nur Pst),1,30,34
1370556,2023-02-28,401,Braunau,Frauen,bis 19 Jahre,B9999,unbestimmt (nur Pst),10,0,19
1370579,2023-02-28,401,Braunau,Frauen,20 bis 24 Jahre,B9999,unbestimmt (nur Pst),5,20,24
1370603,2023-02-28,401,Braunau,Frauen,25 bis 29 Jahre,B9999,unbestimmt (nur Pst),3,25,29
1370627,2023-02-28,401,Braunau,Frauen,30 bis 34 Jahre,B9999,unbestimmt (nur Pst),7,30,34
1370652,2023-02-28,401,Braunau,Frauen,35 bis 39 Jahre,B9999,unbestimmt (nur Pst),1,35,39
1370676,2023-02-28,401,Braunau,Frauen,40 bis 44 Jahre,B9999,unbestimmt (nur Pst),2,40,44
1370692,2023-02-28,401,Braunau,Frauen,45 bis 49 Jahre,B9999,unbestimmt (nur Pst),2,45,49
1370710,2023-02-28,401,Braunau,Frauen,50 bis 54 Jahre,B9999,unbestimmt (nur Pst),2,50,54
1370748,2023-02-28,401,Braunau,Männer,bis 19 Jahre,B9999,unbestimmt (nur Pst),25,0,19
1370777,2023-02-28,401,Braunau,Männer,20 bis 24 Jahre,B9999,unbestimmt (nur Pst),4,20,24
1370803,2023-02-28,401,Braunau,Männer,25 bis 29 Jahre,B9999,unbestimmt (nur Pst),2,25,29
1370818,2023-02-28,401,Braunau,Männer,30 bis 34 Jahre,B9999,unbestimmt (nur Pst),1,30,34
1370838,2023-02-28,401,Braunau,Männer,35 bis 39 Jahre,B9999,unbestimmt (nur Pst),1,35,39
1370873,2023-02-28,401,Braunau,Männer,45 bis 49 Jahre,B9999,unbestimmt (nur Pst),2,45,49
1370928,2023-02-28,402,Eferding,Frauen,25 bis 29 Jahre,B9999,unbestimmt (nur Pst),1,25,29
1370942,2023-02-28,402,Eferding,Frauen,35 bis 39 Jahre,B9999,unbestimmt (nur Pst),1,35,39
1371043,2023-02-28,403,Freistadt,Frauen,bis 19 Jahre,B9999,unbestimmt (nur Pst),2,0,19
1371065,2023-02-28,403,Freistadt,Frauen,20 bis 24 Jahre,B9999,unbestimmt (nur Pst),1,20,24
1371080,2023-02-28,403,Freistadt,Frauen,25 bis 29 Jahre,B9999,unbestimmt (nur Pst),1,25,29
1371181,2023-02-28,403,Freistadt,Männer,bis 19 Jahre,B9999,unbestimmt (nur Pst),3,0,19
1371213,2023-02-28,403,Freistadt,Männer,25 bis 29 Jahre,B9999,unbestimmt (nur Pst),1,25,29
1371300,2023-02-28,404,Gmunden,Frauen,bis 19 Jahre,B9999,unbestimmt (nur Pst),3,0,19
1371392,2023-02-28,404,Gmunden,Frauen,35 bis 39 Jahre,B9999,unbestimmt (nur Pst),1,35,39
1371454,2023-02-28,404,Gmunden,Frauen,50 bis 54 Jahre,B9999,unbestimmt (nur Pst),1,50,54
1371496,2023-02-28,404,Gmunden,Männer,bis 19 Jahre,B9999,unbestimmt (nur Pst),3,0,19
1371653,2023-02-28,406,Grieskirchen,Frauen,bis 19 Jahre,B9999,unbestimmt (nur Pst),2,0,19
1371673,2023-02-28,406,Grieskirchen,Frauen,20 bis 24 Jahre,B9999,unbestimmt (nur Pst),1,20,24
1371690,2023-02-28,406,Grieskirchen,Frauen,25 bis 29 Jahre,B9999,unbestimmt (nur Pst),1,25,29
1371706,2023-02-28,406,Grieskirchen,Frauen,30 bis 34 Jahre,B9999,unbestimmt (nur Pst),1,30,34
1371725,2023-02-28,406,Grieskirchen,Frauen,35 bis 39 Jahre,B9999,unbestimmt (nur Pst),1,35,39
1371760,2023-02-28,406,Grieskirchen,Frauen,50 bis 54 Jahre,B9999,unbestimmt (nur Pst),1,50,54
1371776,2023-02-28,406,Grieskirchen,Männer,bis 19 Jahre,B9999,unbestimmt (nur Pst),3,0,19
1371823,2023-02-28,406,Grieskirchen,Männer,40 bis 44 Jahre,B9999,unbestimmt (nur Pst),1,40,44
1371858,2023-02-28,407,Kirchdorf/Krems,Frauen,bis 19 Jahre,B9999,unbestimmt (nur Pst),7,0,19
1371876,2023-02-28,407,Kirchdorf/Krems,Frauen,20 bis 24 Jahre,B9999,unbestimmt (nur Pst),1,20,24
1371935,2023-02-28,407,Kirchdorf/Krems,Frauen,50 bis 54 Jahre,B9999,unbestimmt (nur Pst),1,50,54
1371957,2023-02-28,407,Kirchdorf/Krems,Männer,bis 19 Jahre,B9999,unbestimmt (nur Pst),5,0,19
1371992,2023-02-28,407,Kirchdorf/Krems,Männer,25 bis 29 Jahre,B9999,unbestimmt (nur Pst),1,25,29
1372003,2023-02-28,407,Kirchdorf/Krems,Männer,30 bis 34 Jahre,B9999,unbestimmt (nur Pst),1,30,34
1372086,2023-02-28,409,Linz neu,Frauen,bis 19 Jahre,B9999,unbestimmt (nur Pst),43,0,19
1372135,2023-02-28,409,Linz neu,Frauen,20 bis 24 Jahre,B9999,unbestimmt (nur Pst),21,20,24
1372182,2023-02-28,409,Linz neu,Frauen,25 bis 29 Jahre,B9999,unbestimmt (nur Pst),9,25,29
1372232,2023-02-28,409,Linz neu,Frauen,30 bis 34 Jahre,B9999,unbestimmt (nur Pst),3,30,34
1372283,2023-02-28,409,Linz neu,Frauen,35 bis 39 Jahre,B9999,unbestimmt (nur Pst),4,35,39
1372322,2023-02-28,409,Linz neu,Frauen,40 bis 44 Jahre,B9999,unbestimmt (nur Pst),4,40,44
1372361,2023-02-28,409,Linz neu,Frauen,45 bis 49 Jahre,B9999,unbestimmt (nur Pst),4,45,49
1372451,2023-02-28,409,Linz neu,Männer,bis 19 Jahre,B9999,unbestimmt (nur Pst),38,0,19
1372510,2023-02-28,409,Linz neu,Männer,20 bis 24 Jahre,B9999,unbestimmt (nur Pst),20,20,24
1372570,2023-02-28,409,Linz neu,Männer,25 bis 29 Jahre,B9999,unbestimmt (nur Pst),1,25,29
1372629,2023-02-28,409,Linz neu,Männer,30 bis 34 Jahre,B9999,unbestimmt (nur Pst),3,30,34
1372674,2023-02-28,409,Linz neu,Männer,35 bis 39 Jahre,B9999,unbestimmt (nur Pst),1,35,39
1372719,2023-02-28,409,Linz neu,Männer,40 bis 44 Jahre,B9999,unbestimmt (nur Pst),2,40,44
1372754,2023-02-28,409,Linz neu,Männer,45 bis 49 Jahre,B9999,unbestimmt (nur Pst),1,45,49
1372813,2023-02-28,409,Linz neu,Männer,55 bis 59 Jahre,B9999,unbestimmt (nur Pst),1,55,59
1372841,2023-02-28,411,Perg,Frauen,bis 19 Jahre,B9999,unbestimmt (nur Pst),1,0,19
1372949,2023-02-28,411,Perg,Männer,bis 19 Jahre,B9999,unbestimmt (nur Pst),2,0,19
1372969,2023-02-28,411,Perg,Männer,20 bis 24 Jahre,B9999,unbestimmt (nur Pst),2,20,24
1373069,2023-02-28,412,Ried im Innkreis,Frauen,bis 19 Jahre,B9999,unbestimmt (nur Pst),13,0,19
1373106,2023-02-28,412,Ried im Innkreis,Frauen,25 bis 29 Jahre,B9999,unbestimmt (nur Pst),1,25,29
1373121,2023-02-28,412,Ried im Innkreis,Frauen,30 bis 34 Jahre,B9999,unbestimmt (nur Pst),2,30,34
1373155,2023-02-28,412,Ried im Innkreis,Frauen,40 bis 44 Jahre,B9999,unbestimmt (nur Pst),2,40,44
1373168,2023-02-28,412,Ried im Innkreis,Frauen,45 bis 49 Jahre,B9999,unbestimmt (nur Pst),1,45,49
1373179,2023-02-28,412,Ried im Innkreis,Frauen,50 bis 54 Jahre,B9999,unbestimmt (nur Pst),3,50,54
1373189,2023-02-28,412,Ried im Innkreis,Frauen,55 bis 59 Jahre,B9999,unbestimmt (nur Pst),1,55,59
1373208,2023-02-28,412,Ried im Innkreis,Männer,bis 19 Jahre,B9999,unbestimmt (nur Pst),10,0,19
1373248,2023-02-28,412,Ried im Innkreis,Männer,30 bis 34 Jahre,B9999,unbestimmt (nur Pst),1,30,34
1373258,2023-02-28,412,Ried im Innkreis,Männer,35 bis 39 Jahre,B9999,unbestimmt (nur Pst),1,35,39
1373300,2023-02-28,413,Rohrbach,Frauen,bis 19 Jahre,B9999,unbestimmt (nur Pst),1,0,19
1373312,2023-02-28,413,Rohrbach,Frauen,20 bis 24 Jahre,B9999,unbestimmt (nur Pst),1,20,24
1373325,2023-02-28,413,Rohrbach,Frauen,25 bis 29 Jahre,B9999,unbestimmt (nur Pst),1,25,29
1373346,2023-02-28,413,Rohrbach,Frauen,35 bis 39 Jahre,B9999,unbestimmt (nur Pst),1,35,39
1373363,2023-02-28,413,Rohrbach,Frauen,40 bis 44 Jahre,B9999,unbestimmt (nur Pst),1,40,44
1373377,2023-02-28,413,Rohrbach,Frauen,45 bis 49 Jahre,B9999,unbestimmt (nur Pst),1,45,49
1373390,2023-02-28,413,Rohrbach,Frauen,55 bis 59 Jahre,B9999,unbestimmt (nur Pst),1,55,59
1373393,2023-02-28,413,Rohrbach,Frauen,60 bis 64 Jahre,B9999,unbestimmt (nur Pst),1,60,64
1373400,2023-02-28,413,Rohrbach,Männer,bis 19 Jahre,B9999,unbestimmt (nur Pst),1,0,19
1373440,2023-02-28,413,Rohrbach,Männer,40 bis 44 Jahre,B9999,unbestimmt (nur Pst),1,40,44
1373447,2023-02-28,413,Rohrbach,Männer,45 bis 49 Jahre,B9999,unbestimmt (nur Pst),1,45,49
1373454,2023-02-28,413,Rohrbach,Männer,50 bis 54 Jahre,B9999,unbestimmt (nur Pst),1,50,54
1373478,2023-02-28,414,Schärding,Frauen,bis 19 Jahre,B9999,unbestimmt (nur Pst),3,0,19
1373490,2023-02-28,414,Schärding,Frauen,20 bis 24 Jahre,B9999,unbestimmt (nur Pst),2,20,24
1373524,2023-02-28,414,Schärding,Frauen,35 bis 39 Jahre,B9999,unbestimmt (nur Pst),1,35,39
1373609,2023-02-28,414,Schärding,Männer,35 bis 39 Jahre,B9999,unbestimmt (nur Pst),1,35,39
1373643,2023-02-28,415,Steyr,Frauen,bis 19 Jahre,B9999,unbestimmt (nur Pst),15,0,19
1373676,2023-02-28,415,Steyr,Frauen,20 bis 24 Jahre,B9999,unbestimmt (nur Pst),1,20,24
1373724,2023-02-28,415,Steyr,Frauen,30 bis 34 Jahre,B9999,unbestimmt (nur Pst),1,30,34
1373749,2023-02-28,415,Steyr,Frauen,35 bis 39 Jahre,B9999,unbestimmt (nur Pst),3,35,39
1373774,2023-02-28,415,Steyr,Frauen,40 bis 44 Jahre,B9999,unbestimmt (nur Pst),1,40,44
1373818,2023-02-28,415,Steyr,Frauen,60 bis 64 Jahre,B9999,unbestimmt (nur Pst),1,60,64
1373844,2023-02-28,415,Steyr,Männer,bis 19 Jahre,B9999,unbestimmt (nur Pst),15,0,19
1373875,2023-02-28,415,Steyr,Männer,20 bis 24 Jahre,B9999,unbestimmt (nur Pst),5,20,24
1373901,2023-02-28,415,Steyr,Männer,25 bis 29 Jahre,B9999,unbestimmt (nur Pst),3,25,29
1374040,2023-02-28,418,Vöcklabruck,Frauen,bis 19 Jahre,B9999,unbestimmt (nur Pst),7,0,19
1374061,2023-02-28,418,Vöcklabruck,Frauen,20 bis 24 Jahre,B9999,unbestimmt (nur Pst),3,20,24
1374080,2023-02-28,418,Vöcklabruck,Frauen,25 bis 29 Jahre,B9999,unbestimmt (nur Pst),4,25,29
1374221,2023-02-28,418,Vöcklabruck,Männer,bis 19 Jahre,B9999,unbestimmt (nur Pst),3,0,19
1374250,2023-02-28,418,Vöcklabruck,Männer,20 bis 24 Jahre,B9999,unbestimmt (nur Pst),1,20,24
1374445,2023-02-28,419,Wels,Frauen,20 bis 24 Jahre,B9999,unbestimmt (nur Pst),1,20,24
1374554,2023-02-28,419,Wels,Frauen,40 bis 44 Jahre,B9999,unbestimmt (nur Pst),2,40,44
1374634,2023-02-28,419,Wels,Männer,bis 19 Jahre,B9999,unbestimmt (nur Pst),1,0,19
1374714,2023-02-28,419,Wels,Männer,30 bis 34 Jahre,B9999,unbestimmt (nur Pst),2,30,34
1374753,2023-02-28,419,Wels,Männer,40 bis 44 Jahre,B9999,unbestimmt (nur Pst),1,40,44
1374842,2023-02-28,421,Traun,Frauen,bis 19 Jahre,B9999,unbestimmt (nur Pst),4,0,19
1374950,2023-02-28,421,Traun,Frauen,35 bis 39 Jahre,B9999,unbestimmt (nur Pst),2,35,39
1374978,2023-02-28,421,Traun,Frauen,40 bis 44 Jahre,B9999,unbestimmt (nur Pst),1,40,44
1375026,2023-02-28,421,Traun,Frauen,50 bis 54 Jahre,B9999,unbestimmt (nur Pst),1,50,54
1375044,2023-02-28,421,Traun,Frauen,55 bis 59 Jahre,B9999,unbestimmt (nur Pst),1,55,59
1375082,2023-02-28,421,Traun,Männer,bis 19 Jahre,B9999,unbestimmt (nur Pst),3,0,19
1375139,2023-02-28,421,Traun,Männer,25 bis 29 Jahre,B9999,unbestimmt (nur Pst),1,25,29
1376593,2023-02-28,601,Bruck/Mur,Frauen,bis 19 Jahre,B9999,unbestimmt (nur Pst),6,0,19
1376641,2023-02-28,601,Bruck/Mur,Frauen,30 bis 34 Jahre,B9999,unbestimmt (nur Pst),1,30,34
1376701,2023-02-28,601,Bruck/Mur,Frauen,50 bis 54 Jahre,B9999,unbestimmt (nur Pst),1,50,54
1376728,2023-02-28,601,Bruck/Mur,Männer,bis 19 Jahre,B9999,unbestimmt (nur Pst),7,0,19
1376846,2023-02-28,603,Deutschlandsberg,Frauen,bis 19 Jahre,B9999,unbestimmt (nur Pst),1,0,19
1376860,2023-02-28,603,Deutschlandsberg,Frauen,20 bis 24 Jahre,B9999,unbestimmt (nur Pst),1,20,24
1377345,2023-02-28,606,Gleisdorf,Frauen,bis 19 Jahre,B9999,unbestimmt (nur Pst),2,0,19
1377360,2023-02-28,606,Gleisdorf,Frauen,20 bis 24 Jahre,B9999,unbestimmt (nur Pst),3,20,24
1377445,2023-02-28,606,Gleisdorf,Männer,bis 19 Jahre,B9999,unbestimmt (nur Pst),1,0,19
1377461,2023-02-28,606,Gleisdorf,Männer,20 bis 24 Jahre,B9999,unbestimmt (nur Pst),1,20,24
1377649,2023-02-28,609,Hartberg,Frauen,40 bis 44 Jahre,B9999,unbestimmt (nur Pst),2,40,44
1377711,2023-02-28,609,Hartberg,Männer,bis 19 Jahre,B9999,unbestimmt (nur Pst),2,0,19
1377733,2023-02-28,609,Hartberg,Männer,20 bis 24 Jahre,B9999,unbestimmt (nur Pst),1,20,24
1377779,2023-02-28,609,Hartberg,Männer,35 bis 39 Jahre,B9999,unbestimmt (nur Pst),1,35,39
1378052,2023-02-28,610,Judenburg,Männer,30 bis 34 Jahre,B9999,unbestimmt (nur Pst),1,30,34
1378107,2023-02-28,611,Murau,Frauen,20 bis 24 Jahre,B9999,unbestimmt (nur Pst),1,20,24
1378139,2023-02-28,611,Murau,Männer,bis 19 Jahre,B9999,unbestimmt (nur Pst),1,0,19
1378145,2023-02-28,611,Murau,Männer,20 bis 24 Jahre,B9999,unbestimmt (nur Pst),1,20,24
1378183,2023-02-28,614,Leibnitz,Frauen,bis 19 Jahre,B9999,unbestimmt (nur Pst),4,0,19
1378237,2023-02-28,614,Leibnitz,Frauen,25 bis 29 Jahre,B9999,unbestimmt (nur Pst),1,25,29
1378308,2023-02-28,614,Leibnitz,Frauen,40 bis 44 Jahre,B9999,unbestimmt (nur Pst),1,40,44
1378645,2023-02-28,616,Leoben,Männer,bis 19 Jahre,B9999,unbestimmt (nur Pst),1,0,19
1378976,2023-02-28,621,Mürzzuschlag,Frauen,bis 19 Jahre,B9999,unbestimmt (nur Pst),3,0,19
1378989,2023-02-28,621,Mürzzuschlag,Frauen,20 bis 24 Jahre,B9999,unbestimmt (nur Pst),1,20,24
1379017,2023-02-28,621,Mürzzuschlag,Frauen,35 bis 39 Jahre,B9999,unbestimmt (nur Pst),1,35,39
1379073,2023-02-28,621,Mürzzuschlag,Männer,bis 19 Jahre,B9999,unbestimmt (nur Pst),5,0,19
1379084,2023-02-28,621,Mürzzuschlag,Männer,20 bis 24 Jahre,B9999,unbestimmt (nur Pst),1,20,24
1379158,2023-02-28,622,Voitsberg,Frauen,bis 19 Jahre,B9999,unbestimmt (nur Pst),2,0,19
1379180,2023-02-28,622,Voitsberg,Frauen,20 bis 24 Jahre,B9999,unbestimmt (nur Pst),1,20,24
1379278,2023-02-28,622,Voitsberg,Männer,bis 19 Jahre,B9999,unbestimmt (nur Pst),2,0,19
1379368,2023-02-28,623,Weiz,Frauen,20 bis 24 Jahre,B9999,unbestimmt (nur Pst),1,20,24
1379384,2023-02-28,623,Weiz,Frauen,30 bis 34 Jahre,B9999,unbestimmt (nur Pst),2,30,34
1379401,2023-02-28,623,Weiz,Frauen,40 bis 44 Jahre,B9999,unbestimmt (nur Pst),1,40,44
1379411,2023-02-28,623,Weiz,Frauen,45 bis 49 Jahre,B9999,unbestimmt (nur Pst),1,45,49
1379423,2023-02-28,623,Weiz,Frauen,55 bis 59 Jahre,B9999,unbestimmt (nur Pst),1,55,59
1379433,2023-02-28,623,Weiz,Männer,bis 19 Jahre,B9999,unbestimmt (nur Pst),1,0,19
1379471,2023-02-28,623,Weiz,Männer,40 bis 44 Jahre,B9999,unbestimmt (nur Pst),1,40,44
1379476,2023-02-28,623,Weiz,Männer,45 bis 49 Jahre,B9999,unbestimmt (nur Pst),1,45,49
1379479,2023-02-28,623,Weiz,Männer,50 bis 54 Jahre,B9999,unbestimmt (nur Pst),1,50,54
1379532,2023-02-28,630,Graz-West und Umgebung,Frauen,bis 19 Jahre,B9999,unbestimmt (nur Pst),11,0,19
1379592,2023-02-28,630,Graz-West und Umgebung,Frauen,20 bis 24 Jahre,B9999,unbestimmt (nur Pst),3,20,24
1379644,2023-02-28,630,Graz-West und Umgebung,Frauen,25 bis 29 Jahre,B9999,unbestimmt (nur Pst),2,25,29
1379697,2023-02-28,630,Graz-West und Umgebung,Frauen,30 bis 34 Jahre,B9999,unbestimmt (nur Pst),1,30,34
1379752,2023-02-28,630,Graz-West und Umgebung,Frauen,35 bis 39 Jahre,B9999,unbestimmt (nur Pst),2,35,39
1379803,2023-02-28,630,Graz-West und Umgebung,Frauen,40 bis 44 Jahre,B9999,unbestimmt (nur Pst),1,40,44
1379850,2023-02-28,630,Graz-West und Umgebung,Frauen,45 bis 49 Jahre,B9999,unbestimmt (nur Pst),1,45,49
1379970,2023-02-28,630,Graz-West und Umgebung,Männer,bis 19 Jahre,B9999,unbestimmt (nur Pst),15,0,19
1380036,2023-02-28,630,Graz-West und Umgebung,Männer,20 bis 24 Jahre,B9999,unbestimmt (nur Pst),2,20,24
1380104,2023-02-28,630,Graz-West und Umgebung,Männer,25 bis 29 Jahre,B9999,unbestimmt (nur Pst),1,25,29
1380280,2023-02-28,630,Graz-West und Umgebung,Männer,45 bis 49 Jahre,B9999,unbestimmt (nur Pst),1,45,49
1380372,2023-02-28,631,Graz-Ost,Frauen,bis 19 Jahre,B9999,unbestimmt (nur Pst),1,0,19
1380405,2023-02-28,631,Graz-Ost,Frauen,20 bis 24 Jahre,B9999,unbestimmt (nur Pst),2,20,24
1380681,2023-02-28,631,Graz-Ost,Männer,bis 19 Jahre,B9999,unbestimmt (nur Pst),1,0,19
1380731,2023-02-28,631,Graz-Ost,Männer,20 bis 24 Jahre,B9999,unbestimmt (nur Pst),1,20,24
1380925,2023-02-28,701,Imst,Frauen,bis 19 Jahre,B9999,unbestimmt (nur Pst),1,0,19
1380982,2023-02-28,701,Imst,Männer,bis 19 Jahre,B9999,unbestimmt (nur Pst),1,0,19
1381104,2023-02-28,702,Innsbruck,Frauen,25 bis 29 Jahre,B9999,unbestimmt (nur Pst),1,25,29
1381137,2023-02-28,702,Innsbruck,Frauen,30 bis 34 Jahre,B9999,unbestimmt (nur Pst),3,30,34
1381174,2023-02-28,702,Innsbruck,Frauen,35 bis 39 Jahre,B9999,unbestimmt (nur Pst),1,35,39
1381208,2023-02-28,702,Innsbruck,Frauen,40 bis 44 Jahre,B9999,unbestimmt (nur Pst),2,40,44
1381236,2023-02-28,702,Innsbruck,Frauen,45 bis 49 Jahre,B9999,unbestimmt (nur Pst),1,45,49
1381257,2023-02-28,702,Innsbruck,Frauen,50 bis 54 Jahre,B9999,unbestimmt (nur Pst),1,50,54
1381270,2023-02-28,702,Innsbruck,Frauen,60 bis 64 Jahre,B9999,unbestimmt (nur Pst),1,60,64
1381346,2023-02-28,702,Innsbruck,Männer,20 bis 24 Jahre,B9999,unbestimmt (nur Pst),1,20,24
1381378,2023-02-28,702,Innsbruck,Männer,25 bis 29 Jahre,B9999,unbestimmt (nur Pst),5,25,29
1381435,2023-02-28,702,Innsbruck,Männer,35 bis 39 Jahre,B9999,unbestimmt (nur Pst),1,35,39
1381480,2023-02-28,702,Innsbruck,Männer,45 bis 49 Jahre,B9999,unbestimmt (nur Pst),1,45,49
1381632,2023-02-28,705,Kufstein,Frauen,bis 19 Jahre,B9999,unbestimmt (nur Pst),4,0,19
1381642,2023-02-28,705,Kufstein,Frauen,20 bis 24 Jahre,B9999,unbestimmt (nur Pst),2,20,24
1381661,2023-02-28,705,Kufstein,Frauen,25 bis 29 Jahre,B9999,unbestimmt (nur Pst),1,25,29
1381702,2023-02-28,705,Kufstein,Frauen,35 bis 39 Jahre,B9999,unbestimmt (nur Pst),1,35,39
1381729,2023-02-28,705,Kufstein,Frauen,45 bis 49 Jahre,B9999,unbestimmt (nur Pst),1,45,49
1381771,2023-02-28,705,Kufstein,Männer,bis 19 Jahre,B9999,unbestimmt (nur Pst),4,0,19
1381792,2023-02-28,705,Kufstein,Männer,20 bis 24 Jahre,B9999,unbestimmt (nur Pst),1,20,24
1381881,2023-02-28,706,Landeck,Frauen,bis 19 Jahre,B9999,unbestimmt (nur Pst),2,0,19
1381933,2023-02-28,706,Landeck,Männer,bis 19 Jahre,B9999,unbestimmt (nur Pst),1,0,19
1382113,2023-02-28,709,Schwaz,Frauen,bis 19 Jahre,B9999,unbestimmt (nur Pst),1,0,19
1382129,2023-02-28,709,Schwaz,Frauen,20 bis 24 Jahre,B9999,unbestimmt (nur Pst),1,20,24
1382228,2023-02-28,709,Schwaz,Männer,25 bis 29 Jahre,B9999,unbestimmt (nur Pst),1,25,29
1382257,2023-02-28,709,Schwaz,Männer,40 bis 44 Jahre,B9999,unbestimmt (nur Pst),1,40,44
1382313,2023-02-28,801,Bludenz,Frauen,20 bis 24 Jahre,B9999,unbestimmt (nur Pst),2,20,24
1382332,2023-02-28,801,Bludenz,Frauen,25 bis 29 Jahre,B9999,unbestimmt (nur Pst),1,25,29
1382417,2023-02-28,801,Bludenz,Männer,bis 19 Jahre,B9999,unbestimmt (nur Pst),1,0,19
1382434,2023-02-28,801,Bludenz,Männer,20 bis 24 Jahre,B9999,unbestimmt (nur Pst),2,20,24
1382448,2023-02-28,801,Bludenz,Männer,25 bis 29 Jahre,B9999,unbestimmt (nur Pst),1,25,29
1382519,2023-02-28,802,Bregenz,Frauen,bis 19 Jahre,B9999,unbestimmt (nur Pst),1,0,19
1382548,2023-02-28,802,Bregenz,Frauen,20 bis 24 Jahre,B9999,unbestimmt (nur Pst),3,20,24
1382641,2023-02-28,802,Bregenz,Frauen,40 bis 44 Jahre,B9999,unbestimmt (nur Pst),1,40,44
1382744,2023-02-28,802,Bregenz,Männer,20 bis 24 Jahre,B9999,unbestimmt (nur Pst),1,20,24
1382812,2023-02-28,802,Bregenz,Männer,35 bis 39 Jahre,B9999,unbestimmt (nur Pst),2,35,39
1382878,2023-02-28,804,Dornbirn,Frauen,bis 19 Jahre,B9999,unbestimmt (nur Pst),5,0,19
1382909,2023-02-28,804,Dornbirn,Frauen,20 bis 24 Jahre,B9999,unbestimmt (nur Pst),6,20,24
1383060,2023-02-28,804,Dornbirn,Männer,bis 19 Jahre,B9999,unbestimmt (nur Pst),2,0,19
1383096,2023-02-28,804,Dornbirn,Männer,20 bis 24 Jahre,B9999,unbestimmt (nur Pst),1,20,24
1383142,2023-02-28,804,Dornbirn,Männer,30 bis 34 Jahre,B9999,unbestimmt (nur Pst),1,30,34
1383227,2023-02-28,805,Feldkirch,Frauen,bis 19 Jahre,B9999,unbestimmt (nur Pst),7,0,19
1383260,2023-02-28,805,Feldkirch,Frauen,20 bis 24 Jahre,B9999,unbestimmt (nur Pst),11,20,24
1383281,2023-02-28,805,Feldkirch,Frauen,25 bis 29 Jahre,B9999,unbestimmt (nur Pst),4,25,29
1383302,2023-02-28,805,Feldkirch,Frauen,30 bis 34 Jahre,B9999,unbestimmt (nur Pst),1,30,34
1383329,2023-02-28,805,Feldkirch,Frauen,35 bis 39 Jahre,B9999,unbestimmt (nur Pst),1,35,39
1383353,2023-02-28,805,Feldkirch,Frauen,40 bis 44 Jahre,B9999,unbestimmt (nur Pst),1,40,44
1383371,2023-02-28,805,Feldkirch,Frauen,45 bis 49 Jahre,B9999,unbestimmt (nur Pst),1,45,49
1383426,2023-02-28,805,Feldkirch,Männer,bis 19 Jahre,B9999,unbestimmt (nur Pst),9,0,19
1383458,2023-02-28,805,Feldkirch,Männer,20 bis 24 Jahre,B9999,unbestimmt (nur Pst),5,20,24
1383489,2023-02-28,805,Feldkirch,Männer,25 bis 29 Jahre,B9999,unbestimmt (nur Pst),1,25,29
1383509,2023-02-28,805,Feldkirch,Männer,30 bis 34 Jahre,B9999,unbestimmt (nur Pst),1,30,34
1383525,2023-02-28,805,Feldkirch,Männer,35 bis 39 Jahre,B9999,unbestimmt (nur Pst),1,35,39
1383553,2023-02-28,805,Feldkirch,Männer,45 bis 49 Jahre,B9999,unbestimmt (nur Pst),1,45,49
1383564,2023-02-28,805,Feldkirch,Männer,50 bis 54 Jahre,B9999,unbestimmt (nur Pst),1,50,54
1384834,2023-02-28,960,Wien Esteplatz,Frauen,45 bis 49 Jahre,B9999,unbestimmt (nur Pst),1,45,49
1385649,2023-02-28,962,Wien Redergasse,Männer,30 bis 34 Jahre,B9999,unbestimmt (nur Pst),1,30,34
1385942,2023-02-28,963,Wien Währinger Gürtel,Frauen,30 bis 34 Jahre,B9999,unbestimmt (nur Pst),2,30,34
1386014,2023-02-28,963,Wien Währinger Gürtel,Frauen,40 bis 44 Jahre,B9999,unbestimmt (nur Pst),2,40,44
1386051,2023-02-28,963,Wien Währinger Gürtel,Frauen,45 bis 49 Jahre,B9999,unbestimmt (nur Pst),1,45,49
1386077,2023-02-28,963,Wien Währinger Gürtel,Frauen,50 bis 54 Jahre,B9999,unbestimmt (nur Pst),1,50,54
1386137,2023-02-28,963,Wien Währinger Gürtel,Männer,25 bis 29 Jahre,B9999,unbestimmt (nur Pst),1,25,29
1386815,2023-02-28,964,Wien Favoritenstraße,Männer,25 bis 29 Jahre,B9999,unbestimmt (nur Pst),1,25,29
1387432,2023-02-28,965,Wien Schönbrunner Straße,Frauen,35 bis 39 Jahre,B9999,unbestimmt (nur Pst),1,35,39
1388122,2023-02-28,966,Wien Hietzinger Kai,Frauen,30 bis 34 Jahre,B9999,unbestimmt (nur Pst),1,30,34
1388372,2023-02-28,966,Wien Hietzinger Kai,Männer,25 bis 29 Jahre,B9999,unbestimmt (nur Pst),1,25,29
1388441,2023-02-28,966,Wien Hietzinger Kai,Männer,30 bis 34 Jahre,B9999,unbestimmt (nur Pst),1,30,34
1388740,2023-02-28,967,Wien Huttengasse,Frauen,25 bis 29 Jahre,B9999,unbestimmt (nur Pst),1,25,29
1389131,2023-02-28,967,Wien Huttengasse,Männer,25 bis 29 Jahre,B9999,unbestimmt (nur Pst),1,25,29
1389384,2023-02-28,967,Wien Huttengasse,Männer,40 bis 44 Jahre,B9999,unbestimmt (nur Pst),1,40,44
1389646,2023-02-28,968,Wien Schloßhofer Straße,Frauen,30 bis 34 Jahre,B9999,unbestimmt (nur Pst),1,30,34
1389755,2023-02-28,968,Wien Schloßhofer Straße,Frauen,40 bis 44 Jahre,B9999,unbestimmt (nur Pst),2,40,44
1389839,2023-02-28,968,Wien Schloßhofer Straße,Frauen,50 bis 54 Jahre,B9999,unbestimmt (nur Pst),2,50,54
1389990,2023-02-28,968,Wien Schloßhofer Straße,Männer,30 bis 34 Jahre,B9999,unbestimmt (nur Pst),1,30,34
1391154,2023-02-28,974,Wien Austria Campus,Frauen,50 bis 54 Jahre,B9999,unbestimmt (nur Pst),1,50,54
1391794,2023-02-28,975,Wien Jäger Straße,Männer,30 bis 34 Jahre,B9999,unbestimmt (nur Pst),1,30,34
1392068,2023-02-28,976,Wien Jugendliche I,Frauen,bis 19 Jahre,B9999,unbestimmt (nur Pst),7,0,19
1392165,2023-02-28,976,Wien Jugendliche I,Frauen,20 bis 24 Jahre,B9999,unbestimmt (nur Pst),6,20,24
1392278,2023-02-28,976,Wien Jugendliche I,Männer,bis 19 Jahre,B9999,unbestimmt (nur Pst),12,0,19
1392427,2023-02-28,976,Wien Jugendliche I,Männer,20 bis 24 Jahre,B9999,unbestimmt (nur Pst),3,20,24
1392536,2023-02-28,977,Wien Jugendliche II,Frauen,bis 19 Jahre,B9999,unbestimmt (nur Pst),18,0,19
1392638,2023-02-28,977,Wien Jugendliche II,Frauen,20 bis 24 Jahre,B9999,unbestimmt (nur Pst),6,20,24
1392760,2023-02-28,977,Wien Jugendliche II,Männer,bis 19 Jahre,B9999,unbestimmt (nur Pst),19,0,19
1392908,2023-02-28,977,Wien Jugendliche II,Männer,20 bis 24 Jahre,B9999,unbestimmt (nur Pst),6,20,24
1393123,2023-03-31,102,Mattersburg,Frauen,bis 19 Jahre,B9999,unbestimmt (nur Pst),8,0,19
1393135,2023-03-31,102,Mattersburg,Frauen,20 bis 24 Jahre,B9999,unbestimmt (nur Pst),3,20,24
1393174,2023-03-31,102,Mattersburg,Frauen,45 bis 49 Jahre,B9999,unbestimmt (nur Pst),1,45,49
1393192,2023-03-31,102,Mattersburg,Männer,bis 19 Jahre,B9999,unbestimmt (nur Pst),6,0,19
1393207,2023-03-31,102,Mattersburg,Männer,20 bis 24 Jahre,B9999,unbestimmt (nur Pst),1,20,24
1393246,2023-03-31,103,Neusiedl am See,Frauen,bis 19 Jahre,B9999,unbestimmt (nur Pst),1,0,19
1393324,2023-03-31,103,Neusiedl am See,Männer,bis 19 Jahre,B9999,unbestimmt (nur Pst),1,0,19
1393521,2023-03-31,105,Oberwart,Frauen,bis 19 Jahre,B9999,unbestimmt (nur Pst),1,0,19
1393546,2023-03-31,105,Oberwart,Frauen,20 bis 24 Jahre,B9999,unbestimmt (nur Pst),1,20,24
1393678,2023-03-31,105,Oberwart,Männer,bis 19 Jahre,B9999,unbestimmt (nur Pst),1,0,19
1393784,2023-03-31,106,Stegersbach,Frauen,bis 19 Jahre,B9999,unbestimmt (nur Pst),1,0,19
1394039,2023-03-31,201,Feldkirchen,Frauen,30 bis 34 Jahre,B9999,unbestimmt (nur Pst),1,30,34
1394057,2023-03-31,201,Feldkirchen,Frauen,40 bis 44 Jahre,B9999,unbestimmt (nur Pst),2,40,44
1394162,2023-03-31,203,Klagenfurt,Frauen,bis 19 Jahre,B9999,unbestimmt (nur Pst),3,0,19
1394244,2023-03-31,203,Klagenfurt,Frauen,30 bis 34 Jahre,B9999,unbestimmt (nur Pst),1,30,34
1394279,2023-03-31,203,Klagenfurt,Frauen,35 bis 39 Jahre,B9999,unbestimmt (nur Pst),1,35,39
1394396,2023-03-31,203,Klagenfurt,Männer,bis 19 Jahre,B9999,unbestimmt (nur Pst),3,0,19
1394457,2023-03-31,203,Klagenfurt,Männer,25 bis 29 Jahre,B9999,unbestimmt (nur Pst),1,25,29
1394563,2023-03-31,203,Klagenfurt,Männer,60 bis 64 Jahre,B9999,unbestimmt (nur Pst),1,60,64
1394580,2023-03-31,204,Spittal/Drau,Frauen,bis 19 Jahre,B9999,unbestimmt (nur Pst),3,0,19
1394606,2023-03-31,204,Spittal/Drau,Frauen,25 bis 29 Jahre,B9999,unbestimmt (nur Pst),1,25,29
1394678,2023-03-31,204,Spittal/Drau,Männer,bis 19 Jahre,B9999,unbestimmt (nur Pst),3,0,19
1394935,2023-03-31,206,Villach,Frauen,bis 19 Jahre,B9999,unbestimmt (nur Pst),1,0,19
1395039,2023-03-31,206,Villach,Frauen,35 bis 39 Jahre,B9999,unbestimmt (nur Pst),1,35,39
1395319,2023-03-31,207,Völkermarkt,Frauen,bis 19 Jahre,B9999,unbestimmt (nur Pst),2,0,19
1395382,2023-03-31,207,Völkermarkt,Frauen,45 bis 49 Jahre,B9999,unbestimmt (nur Pst),1,45,49
1395390,2023-03-31,207,Völkermarkt,Frauen,50 bis 54 Jahre,B9999,unbestimmt (nur Pst),1,50,54
1395422,2023-03-31,207,Völkermarkt,Männer,20 bis 24 Jahre,B9999,unbestimmt (nur Pst),1,20,24
1395446,2023-03-31,207,Völkermarkt,Männer,35 bis 39 Jahre,B9999,unbestimmt (nur Pst),1,35,39
1395597,2023-03-31,208,Wolfsberg,Männer,bis 19 Jahre,B9999,unbestimmt (nur Pst),2,0,19
1395694,2023-03-31,301,Amstetten,Frauen,bis 19 Jahre,B9999,unbestimmt (nur Pst),9,0,19
1395717,2023-03-31,301,Amstetten,Frauen,20 bis 24 Jahre,B9999,unbestimmt (nur Pst),1,20,24
1395741,2023-03-31,301,Amstetten,Frauen,25 bis 29 Jahre,B9999,unbestimmt (nur Pst),1,25,29
1395765,2023-03-31,301,Amstetten,Frauen,30 bis 34 Jahre,B9999,unbestimmt (nur Pst),1,30,34
1395818,2023-03-31,301,Amstetten,Frauen,45 bis 49 Jahre,B9999,unbestimmt (nur Pst),1,45,49
1395862,2023-03-31,301,Amstetten,Männer,bis 19 Jahre,B9999,unbestimmt (nur Pst),10,0,19
1395882,2023-03-31,301,Amstetten,Männer,20 bis 24 Jahre,B9999,unbestimmt (nur Pst),5,20,24
1395936,2023-03-31,301,Amstetten,Männer,35 bis 39 Jahre,B9999,unbestimmt (nur Pst),1,35,39
1396022,2023-03-31,304,Baden neu,Frauen,bis 19 Jahre,B9999,unbestimmt (nur Pst),3,0,19
1396054,2023-03-31,304,Baden neu,Frauen,20 bis 24 Jahre,B9999,unbestimmt (nur Pst),2,20,24
1396072,2023-03-31,304,Baden neu,Frauen,25 bis 29 Jahre,B9999,unbestimmt (nur Pst),3,25,29
1396223,2023-03-31,304,Baden neu,Männer,bis 19 Jahre,B9999,unbestimmt (nur Pst),1,0,19
1396261,2023-03-31,304,Baden neu,Männer,20 bis 24 Jahre,B9999,unbestimmt (nur Pst),1,20,24
1396380,2023-03-31,306,Bruck/Leitha,Frauen,bis 19 Jahre,B9999,unbestimmt (nur Pst),1,0,19
1396397,2023-03-31,306,Bruck/Leitha,Frauen,20 bis 24 Jahre,B9999,unbestimmt (nur Pst),1,20,24
1396410,2023-03-31,306,Bruck/Leitha,Frauen,30 bis 34 Jahre,B9999,unbestimmt (nur Pst),1,30,34
1396489,2023-03-31,306,Bruck/Leitha,Männer,20 bis 24 Jahre,B9999,unbestimmt (nur Pst),1,20,24
1396552,2023-03-31,308,Gänserndorf,Frauen,bis 19 Jahre,B9999,unbestimmt (nur Pst),2,0,19
1396580,2023-03-31,308,Gänserndorf,Frauen,20 bis 24 Jahre,B9999,unbestimmt (nur Pst),1,20,24
1396603,2023-03-31,308,Gänserndorf,Frauen,25 bis 29 Jahre,B9999,unbestimmt (nur Pst),1,25,29
1396749,2023-03-31,308,Gänserndorf,Männer,bis 19 Jahre,B9999,unbestimmt (nur Pst),6,0,19
1396965,2023-03-31,311,Gmünd,Männer,bis 19 Jahre,B9999,unbestimmt (nur Pst),4,0,19
1397024,2023-03-31,312,Hollabrunn,Frauen,bis 19 Jahre,B9999,unbestimmt (nur Pst),6,0,19
1397038,2023-03-31,312,Hollabrunn,Frauen,20 bis 24 Jahre,B9999,unbestimmt (nur Pst),2,20,24
1397106,2023-03-31,312,Hollabrunn,Frauen,55 bis 59 Jahre,B9999,unbestimmt (nur Pst),1,55,59
1397120,2023-03-31,312,Hollabrunn,Männer,bis 19 Jahre,B9999,unbestimmt (nur Pst),1,0,19
1397193,2023-03-31,312,Hollabrunn,Männer,55 bis 59 Jahre,B9999,unbestimmt (nur Pst),1,55,59
1397212,2023-03-31,313,Horn,Frauen,20 bis 24 Jahre,B9999,unbestimmt (nur Pst),2,20,24
1397296,2023-03-31,314,Korneuburg,Frauen,bis 19 Jahre,B9999,unbestimmt (nur Pst),3,0,19
1397323,2023-03-31,314,Korneuburg,Frauen,20 bis 24 Jahre,B9999,unbestimmt (nur Pst),2,20,24
1397338,2023-03-31,314,Korneuburg,Frauen,25 bis 29 Jahre,B9999,unbestimmt (nur Pst),2,25,29
1397411,2023-03-31,314,Korneuburg,Frauen,45 bis 49 Jahre,B9999,unbestimmt (nur Pst),1,45,49
1397453,2023-03-31,314,Korneuburg,Männer,bis 19 Jahre,B9999,unbestimmt (nur Pst),1,0,19
1397481,2023-03-31,314,Korneuburg,Männer,20 bis 24 Jahre,B9999,unbestimmt (nur Pst),1,20,24
1397590,2023-03-31,315,Krems,Frauen,bis 19 Jahre,B9999,unbestimmt (nur Pst),3,0,19
1397656,2023-03-31,315,Krems,Frauen,30 bis 34 Jahre,B9999,unbestimmt (nur Pst),2,30,34
1397673,2023-03-31,315,Krems,Frauen,35 bis 39 Jahre,B9999,unbestimmt (nur Pst),3,35,39
1397692,2023-03-31,315,Krems,Frauen,40 bis 44 Jahre,B9999,unbestimmt (nur Pst),1,40,44
1397710,2023-03-31,315,Krems,Frauen,45 bis 49 Jahre,B9999,unbestimmt (nur Pst),2,45,49
1397753,2023-03-31,315,Krems,Männer,bis 19 Jahre,B9999,unbestimmt (nur Pst),1,0,19
1397907,2023-03-31,316,Lilienfeld,Frauen,50 bis 54 Jahre,B9999,unbestimmt (nur Pst),1,50,54
1397977,2023-03-31,317,Melk,Frauen,bis 19 Jahre,B9999,unbestimmt (nur Pst),2,0,19
1397994,2023-03-31,317,Melk,Frauen,20 bis 24 Jahre,B9999,unbestimmt (nur Pst),2,20,24
1398039,2023-03-31,317,Melk,Frauen,35 bis 39 Jahre,B9999,unbestimmt (nur Pst),1,35,39
1398100,2023-03-31,317,Melk,Männer,bis 19 Jahre,B9999,unbestimmt (nur Pst),1,0,19
1398180,2023-03-31,319,Mistelbach,Frauen,bis 19 Jahre,B9999,unbestimmt (nur Pst),1,0,19
1398303,2023-03-31,319,Mistelbach,Männer,bis 19 Jahre,B9999,unbestimmt (nur Pst),2,0,19
1398400,2023-03-31,321,Mödling,Frauen,bis 19 Jahre,B9999,unbestimmt (nur Pst),4,0,19
1398478,2023-03-31,321,Mödling,Frauen,35 bis 39 Jahre,B9999,unbestimmt (nur Pst),1,35,39
1398574,2023-03-31,321,Mödling,Männer,bis 19 Jahre,B9999,unbestimmt (nur Pst),11,0,19
1398606,2023-03-31,321,Mödling,Männer,20 bis 24 Jahre,B9999,unbestimmt (nur Pst),1,20,24
1398723,2023-03-31,323,Neunkirchen,Frauen,bis 19 Jahre,B9999,unbestimmt (nur Pst),4,0,19
1398866,2023-03-31,323,Neunkirchen,Männer,bis 19 Jahre,B9999,unbestimmt (nur Pst),2,0,19
1399012,2023-03-31,326,St. Pölten,Frauen,bis 19 Jahre,B9999,unbestimmt (nur Pst),17,0,19
1399050,2023-03-31,326,St. Pölten,Frauen,20 bis 24 Jahre,B9999,unbestimmt (nur Pst),1,20,24
1399119,2023-03-31,326,St. Pölten,Frauen,30 bis 34 Jahre,B9999,unbestimmt (nur Pst),1,30,34
1399206,2023-03-31,326,St. Pölten,Frauen,40 bis 44 Jahre,B9999,unbestimmt (nur Pst),1,40,44
1399235,2023-03-31,326,St. Pölten,Frauen,45 bis 49 Jahre,B9999,unbestimmt (nur Pst),4,45,49
1399263,2023-03-31,326,St. Pölten,Frauen,50 bis 54 Jahre,B9999,unbestimmt (nur Pst),1,50,54
1399282,2023-03-31,326,St. Pölten,Frauen,55 bis 59 Jahre,B9999,unbestimmt (nur Pst),1,55,59
1399315,2023-03-31,326,St. Pölten,Männer,bis 19 Jahre,B9999,unbestimmt (nur Pst),15,0,19
1399360,2023-03-31,326,St. Pölten,Männer,20 bis 24 Jahre,B9999,unbestimmt (nur Pst),3,20,24
1399388,2023-03-31,326,St. Pölten,Männer,25 bis 29 Jahre,B9999,unbestimmt (nur Pst),2,25,29
1399423,2023-03-31,326,St. Pölten,Männer,30 bis 34 Jahre,B9999,unbestimmt (nur Pst),1,30,34
1399488,2023-03-31,326,St. Pölten,Männer,40 bis 44 Jahre,B9999,unbestimmt (nur Pst),2,40,44
1399536,2023-03-31,326,St. Pölten,Männer,50 bis 54 Jahre,B9999,unbestimmt (nur Pst),1,50,54
1399689,2023-03-31,329,Schwechat,Frauen,bis 19 Jahre,B9999,unbestimmt (nur Pst),1,0,19
1399711,2023-03-31,329,Schwechat,Frauen,20 bis 24 Jahre,B9999,unbestimmt (nur Pst),1,20,24
1399784,2023-03-31,329,Schwechat,Frauen,45 bis 49 Jahre,B9999,unbestimmt (nur Pst),1,45,49
1399822,2023-03-31,329,Schwechat,Männer,bis 19 Jahre,B9999,unbestimmt (nur Pst),5,0,19
1399930,2023-03-31,331,Tulln,Frauen,bis 19 Jahre,B9999,unbestimmt (nur Pst),9,0,19
1399950,2023-03-31,331,Tulln,Frauen,20 bis 24 Jahre,B9999,unbestimmt (nur Pst),4,20,24
1399993,2023-03-31,331,Tulln,Frauen,30 bis 34 Jahre,B9999,unbestimmt (nur Pst),1,30,34
1400066,2023-03-31,331,Tulln,Frauen,50 bis 54 Jahre,B9999,unbestimmt (nur Pst),1,50,54
1400096,2023-03-31,331,Tulln,Männer,bis 19 Jahre,B9999,unbestimmt (nur Pst),4,0,19
1400203,2023-03-31,332,Waidhofen/Thaya,Frauen,bis 19 Jahre,B9999,unbestimmt (nur Pst),1,0,19
1400220,2023-03-31,332,Waidhofen/Thaya,Frauen,20 bis 24 Jahre,B9999,unbestimmt (nur Pst),1,20,24
1400274,2023-03-31,332,Waidhofen/Thaya,Männer,bis 19 Jahre,B9999,unbestimmt (nur Pst),3,0,19
1400290,2023-03-31,332,Waidhofen/Thaya,Männer,20 bis 24 Jahre,B9999,unbestimmt (nur Pst),3,20,24
1400373,2023-03-31,333,Waidhofen/Ybbs,Männer,bis 19 Jahre,B9999,unbestimmt (nur Pst),1,0,19
1400417,2023-03-31,334,Wr. Neustadt,Frauen,bis 19 Jahre,B9999,unbestimmt (nur Pst),7,0,19
1400449,2023-03-31,334,Wr. Neustadt,Frauen,20 bis 24 Jahre,B9999,unbestimmt (nur Pst),1,20,24
1400620,2023-03-31,334,Wr. Neustadt,Männer,bis 19 Jahre,B9999,unbestimmt (nur Pst),3,0,19
1400905,2023-03-31,335,Zwettl,Männer,30 bis 34 Jahre,B9999,unbestimmt (nur Pst),1,30,34
1400939,2023-03-31,401,Braunau,Frauen,bis 19 Jahre,B9999,unbestimmt (nur Pst),14,0,19
1400964,2023-03-31,401,Braunau,Frauen,20 bis 24 Jahre,B9999,unbestimmt (nur Pst),7,20,24
1400986,2023-03-31,401,Braunau,Frauen,25 bis 29 Jahre,B9999,unbestimmt (nur Pst),4,25,29
1401007,2023-03-31,401,Braunau,Frauen,30 bis 34 Jahre,B9999,unbestimmt (nur Pst),6,30,34
1401029,2023-03-31,401,Braunau,Frauen,35 bis 39 Jahre,B9999,unbestimmt (nur Pst),2,35,39
1401050,2023-03-31,401,Braunau,Frauen,40 bis 44 Jahre,B9999,unbestimmt (nur Pst),3,40,44
1401064,2023-03-31,401,Braunau,Frauen,45 bis 49 Jahre,B9999,unbestimmt (nur Pst),3,45,49
1401079,2023-03-31,401,Braunau,Frauen,50 bis 54 Jahre,B9999,unbestimmt (nur Pst),2,50,54
1401117,2023-03-31,401,Braunau,Männer,bis 19 Jahre,B9999,unbestimmt (nur Pst),25,0,19
1401147,2023-03-31,401,Braunau,Männer,20 bis 24 Jahre,B9999,unbestimmt (nur Pst),4,20,24
1401172,2023-03-31,401,Braunau,Männer,25 bis 29 Jahre,B9999,unbestimmt (nur Pst),2,25,29
1401190,2023-03-31,401,Braunau,Männer,30 bis 34 Jahre,B9999,unbestimmt (nur Pst),1,30,34
1401221,2023-03-31,401,Braunau,Männer,40 bis 44 Jahre,B9999,unbestimmt (nur Pst),1,40,44
1401238,2023-03-31,401,Braunau,Männer,45 bis 49 Jahre,B9999,unbestimmt (nur Pst),1,45,49
1401268,2023-03-31,401,Braunau,Männer,55 bis 59 Jahre,B9999,unbestimmt (nur Pst),1,55,59
1401292,2023-03-31,402,Eferding,Frauen,25 bis 29 Jahre,B9999,unbestimmt (nur Pst),1,25,29
1401300,2023-03-31,402,Eferding,Frauen,30 bis 34 Jahre,B9999,unbestimmt (nur Pst),1,30,34
1401306,2023-03-31,402,Eferding,Frauen,35 bis 39 Jahre,B9999,unbestimmt (nur Pst),1,35,39
1401400,2023-03-31,403,Freistadt,Frauen,bis 19 Jahre,B9999,unbestimmt (nur Pst),1,0,19
1401423,2023-03-31,403,Freistadt,Frauen,20 bis 24 Jahre,B9999,unbestimmt (nur Pst),2,20,24
1401439,2023-03-31,403,Freistadt,Frauen,25 bis 29 Jahre,B9999,unbestimmt (nur Pst),1,25,29
1401541,2023-03-31,403,Freistadt,Männer,bis 19 Jahre,B9999,unbestimmt (nur Pst),3,0,19
1401575,2023-03-31,403,Freistadt,Männer,25 bis 29 Jahre,B9999,unbestimmt (nur Pst),1,25,29
1401652,2023-03-31,404,Gmunden,Frauen,bis 19 Jahre,B9999,unbestimmt (nur Pst),4,0,19
1401701,2023-03-31,404,Gmunden,Frauen,25 bis 29 Jahre,B9999,unbestimmt (nur Pst),1,25,29
1401751,2023-03-31,404,Gmunden,Frauen,35 bis 39 Jahre,B9999,unbestimmt (nur Pst),1,35,39
1401804,2023-03-31,404,Gmunden,Frauen,50 bis 54 Jahre,B9999,unbestimmt (nur Pst),1,50,54
1401840,2023-03-31,404,Gmunden,Männer,bis 19 Jahre,B9999,unbestimmt (nur Pst),2,0,19
1401992,2023-03-31,406,Grieskirchen,Frauen,bis 19 Jahre,B9999,unbestimmt (nur Pst),1,0,19
1402043,2023-03-31,406,Grieskirchen,Frauen,30 bis 34 Jahre,B9999,unbestimmt (nur Pst),1,30,34
1402075,2023-03-31,406,Grieskirchen,Frauen,40 bis 44 Jahre,B9999,unbestimmt (nur Pst),1,40,44
1402100,2023-03-31,406,Grieskirchen,Frauen,55 bis 59 Jahre,B9999,unbestimmt (nur Pst),1,55,59
1402110,2023-03-31,406,Grieskirchen,Männer,bis 19 Jahre,B9999,unbestimmt (nur Pst),3,0,19
1402161,2023-03-31,406,Grieskirchen,Männer,40 bis 44 Jahre,B9999,unbestimmt (nur Pst),1,40,44
1402193,2023-03-31,407,Kirchdorf/Krems,Frauen,bis 19 Jahre,B9999,unbestimmt (nur Pst),5,0,19
1402300,2023-03-31,407,Kirchdorf/Krems,Männer,bis 19 Jahre,B9999,unbestimmt (nur Pst),4,0,19
1402331,2023-03-31,407,Kirchdorf/Krems,Männer,25 bis 29 Jahre,B9999,unbestimmt (nur Pst),1,25,29
1402420,2023-03-31,409,Linz neu,Frauen,bis 19 Jahre,B9999,unbestimmt (nur Pst),28,0,19
1402467,2023-03-31,409,Linz neu,Frauen,20 bis 24 Jahre,B9999,unbestimmt (nur Pst),22,20,24
1402516,2023-03-31,409,Linz neu,Frauen,25 bis 29 Jahre,B9999,unbestimmt (nur Pst),7,25,29
1402566,2023-03-31,409,Linz neu,Frauen,30 bis 34 Jahre,B9999,unbestimmt (nur Pst),3,30,34
1402619,2023-03-31,409,Linz neu,Frauen,35 bis 39 Jahre,B9999,unbestimmt (nur Pst),4,35,39
1402663,2023-03-31,409,Linz neu,Frauen,40 bis 44 Jahre,B9999,unbestimmt (nur Pst),2,40,44
1402702,2023-03-31,409,Linz neu,Frauen,45 bis 49 Jahre,B9999,unbestimmt (nur Pst),2,45,49
1402749,2023-03-31,409,Linz neu,Frauen,55 bis 59 Jahre,B9999,unbestimmt (nur Pst),1,55,59
1402791,2023-03-31,409,Linz neu,Männer,bis 19 Jahre,B9999,unbestimmt (nur Pst),38,0,19
1402847,2023-03-31,409,Linz neu,Männer,20 bis 24 Jahre,B9999,unbestimmt (nur Pst),20,20,24
1402954,2023-03-31,409,Linz neu,Männer,30 bis 34 Jahre,B9999,unbestimmt (nur Pst),1,30,34
1403003,2023-03-31,409,Linz neu,Männer,35 bis 39 Jahre,B9999,unbestimmt (nur Pst),1,35,39
1403045,2023-03-31,409,Linz neu,Männer,40 bis 44 Jahre,B9999,unbestimmt (nur Pst),2,40,44
1403131,2023-03-31,409,Linz neu,Männer,55 bis 59 Jahre,B9999,unbestimmt (nur Pst),1,55,59
1403156,2023-03-31,411,Perg,Frauen,bis 19 Jahre,B9999,unbestimmt (nur Pst),1,0,19
1403265,2023-03-31,411,Perg,Männer,bis 19 Jahre,B9999,unbestimmt (nur Pst),2,0,19
1403285,2023-03-31,411,Perg,Männer,20 bis 24 Jahre,B9999,unbestimmt (nur Pst),2,20,24
1403374,2023-03-31,412,Ried im Innkreis,Frauen,bis 19 Jahre,B9999,unbestimmt (nur Pst),13,0,19
1403412,2023-03-31,412,Ried im Innkreis,Frauen,25 bis 29 Jahre,B9999,unbestimmt (nur Pst),2,25,29
1403425,2023-03-31,412,Ried im Innkreis,Frauen,30 bis 34 Jahre,B9999,unbestimmt (nur Pst),3,30,34
1403458,2023-03-31,412,Ried im Innkreis,Frauen,40 bis 44 Jahre,B9999,unbestimmt (nur Pst),2,40,44
1403476,2023-03-31,412,Ried im Innkreis,Frauen,50 bis 54 Jahre,B9999,unbestimmt (nur Pst),3,50,54
1403501,2023-03-31,412,Ried im Innkreis,Männer,bis 19 Jahre,B9999,unbestimmt (nur Pst),9,0,19
1403549,2023-03-31,412,Ried im Innkreis,Männer,35 bis 39 Jahre,B9999,unbestimmt (nur Pst),1,35,39
1403589,2023-03-31,413,Rohrbach,Frauen,bis 19 Jahre,B9999,unbestimmt (nur Pst),1,0,19
1403601,2023-03-31,413,Rohrbach,Frauen,20 bis 24 Jahre,B9999,unbestimmt (nur Pst),1,20,24
1403650,2023-03-31,413,Rohrbach,Frauen,40 bis 44 Jahre,B9999,unbestimmt (nur Pst),1,40,44
1403735,2023-03-31,413,Rohrbach,Männer,50 bis 54 Jahre,B9999,unbestimmt (nur Pst),1,50,54
1403760,2023-03-31,414,Schärding,Frauen,bis 19 Jahre,B9999,unbestimmt (nur Pst),2,0,19
1403772,2023-03-31,414,Schärding,Frauen,20 bis 24 Jahre,B9999,unbestimmt (nur Pst),2,20,24
1403804,2023-03-31,414,Schärding,Frauen,35 bis 39 Jahre,B9999,unbestimmt (nur Pst),1,35,39
1403883,2023-03-31,414,Schärding,Männer,35 bis 39 Jahre,B9999,unbestimmt (nur Pst),1,35,39
1403917,2023-03-31,415,Steyr,Frauen,bis 19 Jahre,B9999,unbestimmt (nur Pst),16,0,19
1403953,2023-03-31,415,Steyr,Frauen,20 bis 24 Jahre,B9999,unbestimmt (nur Pst),1,20,24
1404031,2023-03-31,415,Steyr,Frauen,35 bis 39 Jahre,B9999,unbestimmt (nur Pst),4,35,39
1404055,2023-03-31,415,Steyr,Frauen,40 bis 44 Jahre,B9999,unbestimmt (nur Pst),1,40,44
1404073,2023-03-31,415,Steyr,Frauen,45 bis 49 Jahre,B9999,unbestimmt (nur Pst),1,45,49
1404100,2023-03-31,415,Steyr,Frauen,60 bis 64 Jahre,B9999,unbestimmt (nur Pst),1,60,64
1404127,2023-03-31,415,Steyr,Männer,bis 19 Jahre,B9999,unbestimmt (nur Pst),16,0,19
1404159,2023-03-31,415,Steyr,Männer,20 bis 24 Jahre,B9999,unbestimmt (nur Pst),6,20,24
1404187,2023-03-31,415,Steyr,Männer,25 bis 29 Jahre,B9999,unbestimmt (nur Pst),4,25,29
1404323,2023-03-31,418,Vöcklabruck,Frauen,bis 19 Jahre,B9999,unbestimmt (nur Pst),6,0,19
1404348,2023-03-31,418,Vöcklabruck,Frauen,20 bis 24 Jahre,B9999,unbestimmt (nur Pst),4,20,24
1404368,2023-03-31,418,Vöcklabruck,Frauen,25 bis 29 Jahre,B9999,unbestimmt (nur Pst),2,25,29
1404470,2023-03-31,418,Vöcklabruck,Frauen,50 bis 54 Jahre,B9999,unbestimmt (nur Pst),1,50,54
1404515,2023-03-31,418,Vöcklabruck,Männer,bis 19 Jahre,B9999,unbestimmt (nur Pst),2,0,19
1404546,2023-03-31,418,Vöcklabruck,Männer,20 bis 24 Jahre,B9999,unbestimmt (nur Pst),1,20,24
1404725,2023-03-31,419,Wels,Frauen,20 bis 24 Jahre,B9999,unbestimmt (nur Pst),1,20,24
1404832,2023-03-31,419,Wels,Frauen,40 bis 44 Jahre,B9999,unbestimmt (nur Pst),2,40,44
1404920,2023-03-31,419,Wels,Männer,bis 19 Jahre,B9999,unbestimmt (nur Pst),1,0,19
1405003,2023-03-31,419,Wels,Männer,30 bis 34 Jahre,B9999,unbestimmt (nur Pst),1,30,34
1405041,2023-03-31,419,Wels,Männer,40 bis 44 Jahre,B9999,unbestimmt (nur Pst),1,40,44
1405130,2023-03-31,421,Traun,Frauen,bis 19 Jahre,B9999,unbestimmt (nur Pst),4,0,19
1405160,2023-03-31,421,Traun,Frauen,20 bis 24 Jahre,B9999,unbestimmt (nur Pst),1,20,24
1405246,2023-03-31,421,Traun,Frauen,35 bis 39 Jahre,B9999,unbestimmt (nur Pst),1,35,39
1405317,2023-03-31,421,Traun,Frauen,50 bis 54 Jahre,B9999,unbestimmt (nur Pst),1,50,54
1405336,2023-03-31,421,Traun,Frauen,55 bis 59 Jahre,B9999,unbestimmt (nur Pst),1,55,59
1405372,2023-03-31,421,Traun,Männer,bis 19 Jahre,B9999,unbestimmt (nur Pst),2,0,19
1405432,2023-03-31,421,Traun,Männer,25 bis 29 Jahre,B9999,unbestimmt (nur Pst),1,25,29
1405551,2023-03-31,421,Traun,Männer,50 bis 54 Jahre,B9999,unbestimmt (nur Pst),1,50,54
1406900,2023-03-31,601,Bruck/Mur,Frauen,bis 19 Jahre,B9999,unbestimmt (nur Pst),6,0,19
1406946,2023-03-31,601,Bruck/Mur,Frauen,30 bis 34 Jahre,B9999,unbestimmt (nur Pst),1,30,34
1407005,2023-03-31,601,Bruck/Mur,Frauen,50 bis 54 Jahre,B9999,unbestimmt (nur Pst),1,50,54
1407031,2023-03-31,601,Bruck/Mur,Männer,bis 19 Jahre,B9999,unbestimmt (nur Pst),7,0,19
1407142,2023-03-31,603,Deutschlandsberg,Frauen,bis 19 Jahre,B9999,unbestimmt (nur Pst),1,0,19
1407157,2023-03-31,603,Deutschlandsberg,Frauen,20 bis 24 Jahre,B9999,unbestimmt (nur Pst),2,20,24
1407359,2023-03-31,604,Feldbach,Frauen,20 bis 24 Jahre,B9999,unbestimmt (nur Pst),1,20,24
1407487,2023-03-31,604,Feldbach,Männer,bis 19 Jahre,B9999,unbestimmt (nur Pst),1,0,19
1407514,2023-03-31,604,Feldbach,Männer,20 bis 24 Jahre,B9999,unbestimmt (nur Pst),1,20,24
1407622,2023-03-31,606,Gleisdorf,Frauen,bis 19 Jahre,B9999,unbestimmt (nur Pst),2,0,19
1407638,2023-03-31,606,Gleisdorf,Frauen,20 bis 24 Jahre,B9999,unbestimmt (nur Pst),2,20,24
1407718,2023-03-31,606,Gleisdorf,Männer,bis 19 Jahre,B9999,unbestimmt (nur Pst),1,0,19
1407732,2023-03-31,606,Gleisdorf,Männer,20 bis 24 Jahre,B9999,unbestimmt (nur Pst),1,20,24
1407908,2023-03-31,609,Hartberg,Frauen,40 bis 44 Jahre,B9999,unbestimmt (nur Pst),2,40,44
1407967,2023-03-31,609,Hartberg,Männer,bis 19 Jahre,B9999,unbestimmt (nur Pst),1,0,19
1407988,2023-03-31,609,Hartberg,Männer,20 bis 24 Jahre,B9999,unbestimmt (nur Pst),1,20,24
1408207,2023-03-31,610,Judenburg,Frauen,50 bis 54 Jahre,B9999,unbestimmt (nur Pst),1,50,54
1408275,2023-03-31,610,Judenburg,Männer,30 bis 34 Jahre,B9999,unbestimmt (nur Pst),1,30,34
1408328,2023-03-31,611,Murau,Frauen,20 bis 24 Jahre,B9999,unbestimmt (nur Pst),1,20,24
1408397,2023-03-31,614,Leibnitz,Frauen,bis 19 Jahre,B9999,unbestimmt (nur Pst),4,0,19
1408447,2023-03-31,614,Leibnitz,Frauen,25 bis 29 Jahre,B9999,unbestimmt (nur Pst),2,25,29
1408515,2023-03-31,614,Leibnitz,Frauen,40 bis 44 Jahre,B9999,unbestimmt (nur Pst),1,40,44
1408620,2023-03-31,614,Leibnitz,Männer,25 bis 29 Jahre,B9999,unbestimmt (nur Pst),1,25,29
1408706,2023-03-31,616,Leoben,Frauen,bis 19 Jahre,B9999,unbestimmt (nur Pst),1,0,19
1409161,2023-03-31,621,Mürzzuschlag,Frauen,bis 19 Jahre,B9999,unbestimmt (nur Pst),3,0,19
1409173,2023-03-31,621,Mürzzuschlag,Frauen,20 bis 24 Jahre,B9999,unbestimmt (nur Pst),1,20,24
1409206,2023-03-31,621,Mürzzuschlag,Frauen,35 bis 39 Jahre,B9999,unbestimmt (nur Pst),1,35,39
1409263,2023-03-31,621,Mürzzuschlag,Männer,bis 19 Jahre,B9999,unbestimmt (nur Pst),5,0,19
1409350,2023-03-31,622,Voitsberg,Frauen,bis 19 Jahre,B9999,unbestimmt (nur Pst),2,0,19
1409476,2023-03-31,622,Voitsberg,Männer,bis 19 Jahre,B9999,unbestimmt (nur Pst),2,0,19
1409565,2023-03-31,623,Weiz,Frauen,20 bis 24 Jahre,B9999,unbestimmt (nur Pst),1,20,24
1409571,2023-03-31,623,Weiz,Frauen,25 bis 29 Jahre,B9999,unbestimmt (nur Pst),1,25,29
1409583,2023-03-31,623,Weiz,Frauen,30 bis 34 Jahre,B9999,unbestimmt (nur Pst),2,30,34
1409601,2023-03-31,623,Weiz,Frauen,40 bis 44 Jahre,B9999,unbestimmt (nur Pst),1,40,44
1409611,2023-03-31,623,Weiz,Frauen,45 bis 49 Jahre,B9999,unbestimmt (nur Pst),1,45,49
1409633,2023-03-31,623,Weiz,Männer,bis 19 Jahre,B9999,unbestimmt (nur Pst),1,0,19
1409667,2023-03-31,623,Weiz,Männer,40 bis 44 Jahre,B9999,unbestimmt (nur Pst),1,40,44
1409673,2023-03-31,623,Weiz,Männer,45 bis 49 Jahre,B9999,unbestimmt (nur Pst),1,45,49
1409676,2023-03-31,623,Weiz,Männer,50 bis 54 Jahre,B9999,unbestimmt (nur Pst),1,50,54
1409724,2023-03-31,630,Graz-West und Umgebung,Frauen,bis 19 Jahre,B9999,unbestimmt (nur Pst),10,0,19
1409784,2023-03-31,630,Graz-West und Umgebung,Frauen,20 bis 24 Jahre,B9999,unbestimmt (nur Pst),3,20,24
1409839,2023-03-31,630,Graz-West und Umgebung,Frauen,25 bis 29 Jahre,B9999,unbestimmt (nur Pst),1,25,29
1409896,2023-03-31,630,Graz-West und Umgebung,Frauen,30 bis 34 Jahre,B9999,unbestimmt (nur Pst),2,30,34
1409951,2023-03-31,630,Graz-West und Umgebung,Frauen,35 bis 39 Jahre,B9999,unbestimmt (nur Pst),1,35,39
1410002,2023-03-31,630,Graz-West und Umgebung,Frauen,40 bis 44 Jahre,B9999,unbestimmt (nur Pst),1,40,44
1410048,2023-03-31,630,Graz-West und Umgebung,Frauen,45 bis 49 Jahre,B9999,unbestimmt (nur Pst),2,45,49
1410162,2023-03-31,630,Graz-West und Umgebung,Männer,bis 19 Jahre,B9999,unbestimmt (nur Pst),13,0,19
1410232,2023-03-31,630,Graz-West und Umgebung,Männer,20 bis 24 Jahre,B9999,unbestimmt (nur Pst),2,20,24
1410480,2023-03-31,630,Graz-West und Umgebung,Männer,45 bis 49 Jahre,B9999,unbestimmt (nur Pst),1,45,49
1410509,2023-03-31,630,Graz-West und Umgebung,Männer,50 bis 54 Jahre,B9999,unbestimmt (nur Pst),1,50,54
1410545,2023-03-31,630,Graz-West und Umgebung,Männer,60 bis 64 Jahre,B9999,unbestimmt (nur Pst),1,60,64
1410571,2023-03-31,631,Graz-Ost,Frauen,bis 19 Jahre,B9999,unbestimmt (nur Pst),1,0,19
1410602,2023-03-31,631,Graz-Ost,Frauen,20 bis 24 Jahre,B9999,unbestimmt (nur Pst),2,20,24
1410870,2023-03-31,631,Graz-Ost,Männer,bis 19 Jahre,B9999,unbestimmt (nur Pst),1,0,19
1410918,2023-03-31,631,Graz-Ost,Männer,20 bis 24 Jahre,B9999,unbestimmt (nur Pst),1,20,24
1411102,2023-03-31,701,Imst,Frauen,bis 19 Jahre,B9999,unbestimmt (nur Pst),1,0,19
1411161,2023-03-31,701,Imst,Männer,bis 19 Jahre,B9999,unbestimmt (nur Pst),1,0,19
1411285,2023-03-31,702,Innsbruck,Frauen,25 bis 29 Jahre,B9999,unbestimmt (nur Pst),1,25,29
1411318,2023-03-31,702,Innsbruck,Frauen,30 bis 34 Jahre,B9999,unbestimmt (nur Pst),2,30,34
1411352,2023-03-31,702,Innsbruck,Frauen,35 bis 39 Jahre,B9999,unbestimmt (nur Pst),1,35,39
1411384,2023-03-31,702,Innsbruck,Frauen,40 bis 44 Jahre,B9999,unbestimmt (nur Pst),3,40,44
1411410,2023-03-31,702,Innsbruck,Frauen,45 bis 49 Jahre,B9999,unbestimmt (nur Pst),1,45,49
1411430,2023-03-31,702,Innsbruck,Frauen,50 bis 54 Jahre,B9999,unbestimmt (nur Pst),1,50,54
1411440,2023-03-31,702,Innsbruck,Frauen,60 bis 64 Jahre,B9999,unbestimmt (nur Pst),1,60,64
1411549,2023-03-31,702,Innsbruck,Männer,25 bis 29 Jahre,B9999,unbestimmt (nur Pst),3,25,29
1411643,2023-03-31,702,Innsbruck,Männer,45 bis 49 Jahre,B9999,unbestimmt (nur Pst),1,45,49
1411706,2023-03-31,704,Kitzbühel,Frauen,30 bis 34 Jahre,B9999,unbestimmt (nur Pst),1,30,34
1411773,2023-03-31,705,Kufstein,Frauen,bis 19 Jahre,B9999,unbestimmt (nur Pst),4,0,19
1411784,2023-03-31,705,Kufstein,Frauen,20 bis 24 Jahre,B9999,unbestimmt (nur Pst),1,20,24
1411834,2023-03-31,705,Kufstein,Frauen,35 bis 39 Jahre,B9999,unbestimmt (nur Pst),1,35,39
1411860,2023-03-31,705,Kufstein,Frauen,45 bis 49 Jahre,B9999,unbestimmt (nur Pst),1,45,49
1411894,2023-03-31,705,Kufstein,Männer,bis 19 Jahre,B9999,unbestimmt (nur Pst),4,0,19
1411913,2023-03-31,705,Kufstein,Männer,20 bis 24 Jahre,B9999,unbestimmt (nur Pst),1,20,24
1411942,2023-03-31,705,Kufstein,Männer,30 bis 34 Jahre,B9999,unbestimmt (nur Pst),1,30,34
1411998,2023-03-31,706,Landeck,Frauen,bis 19 Jahre,B9999,unbestimmt (nur Pst),1,0,19
1412047,2023-03-31,706,Landeck,Männer,bis 19 Jahre,B9999,unbestimmt (nur Pst),1,0,19
1412181,2023-03-31,708,Reutte,Frauen,20 bis 24 Jahre,B9999,unbestimmt (nur Pst),1,20,24
1412213,2023-03-31,708,Reutte,Männer,bis 19 Jahre,B9999,unbestimmt (nur Pst),1,0,19
1412249,2023-03-31,709,Schwaz,Frauen,bis 19 Jahre,B9999,unbestimmt (nur Pst),1,0,19
1412263,2023-03-31,709,Schwaz,Frauen,20 bis 24 Jahre,B9999,unbestimmt (nur Pst),1,20,24
1412357,2023-03-31,709,Schwaz,Männer,25 bis 29 Jahre,B9999,unbestimmt (nur Pst),1,25,29
1412433,2023-03-31,801,Bludenz,Frauen,20 bis 24 Jahre,B9999,unbestimmt (nur Pst),2,20,24
1412450,2023-03-31,801,Bludenz,Frauen,25 bis 29 Jahre,B9999,unbestimmt (nur Pst),1,25,29
1412540,2023-03-31,801,Bludenz,Männer,bis 19 Jahre,B9999,unbestimmt (nur Pst),2,0,19
1412559,2023-03-31,801,Bludenz,Männer,20 bis 24 Jahre,B9999,unbestimmt (nur Pst),2,20,24
1412574,2023-03-31,801,Bludenz,Männer,25 bis 29 Jahre,B9999,unbestimmt (nur Pst),1,25,29
1412646,2023-03-31,802,Bregenz,Frauen,bis 19 Jahre,B9999,unbestimmt (nur Pst),1,0,19
1412672,2023-03-31,802,Bregenz,Frauen,20 bis 24 Jahre,B9999,unbestimmt (nur Pst),3,20,24
1412872,2023-03-31,802,Bregenz,Männer,20 bis 24 Jahre,B9999,unbestimmt (nur Pst),1,20,24
1412943,2023-03-31,802,Bregenz,Männer,35 bis 39 Jahre,B9999,unbestimmt (nur Pst),1,35,39
1413002,2023-03-31,804,Dornbirn,Frauen,bis 19 Jahre,B9999,unbestimmt (nur Pst),4,0,19
1413032,2023-03-31,804,Dornbirn,Frauen,20 bis 24 Jahre,B9999,unbestimmt (nur Pst),5,20,24
1413062,2023-03-31,804,Dornbirn,Frauen,25 bis 29 Jahre,B9999,unbestimmt (nur Pst),1,25,29
1413178,2023-03-31,804,Dornbirn,Männer,bis 19 Jahre,B9999,unbestimmt (nur Pst),3,0,19
1413257,2023-03-31,804,Dornbirn,Männer,30 bis 34 Jahre,B9999,unbestimmt (nur Pst),2,30,34
1413300,2023-03-31,804,Dornbirn,Männer,50 bis 54 Jahre,B9999,unbestimmt (nur Pst),1,50,54
1413345,2023-03-31,805,Feldkirch,Frauen,bis 19 Jahre,B9999,unbestimmt (nur Pst),5,0,19
1413379,2023-03-31,805,Feldkirch,Frauen,20 bis 24 Jahre,B9999,unbestimmt (nur Pst),13,20,24
1413398,2023-03-31,805,Feldkirch,Frauen,25 bis 29 Jahre,B9999,unbestimmt (nur Pst),3,25,29
1413447,2023-03-31,805,Feldkirch,Frauen,35 bis 39 Jahre,B9999,unbestimmt (nur Pst),2,35,39
1413468,2023-03-31,805,Feldkirch,Frauen,40 bis 44 Jahre,B9999,unbestimmt (nur Pst),1,40,44
1413486,2023-03-31,805,Feldkirch,Frauen,45 bis 49 Jahre,B9999,unbestimmt (nur Pst),1,45,49
1413544,2023-03-31,805,Feldkirch,Männer,bis 19 Jahre,B9999,unbestimmt (nur Pst),8,0,19
1413580,2023-03-31,805,Feldkirch,Männer,20 bis 24 Jahre,B9999,unbestimmt (nur Pst),5,20,24
1413613,2023-03-31,805,Feldkirch,Männer,25 bis 29 Jahre,B9999,unbestimmt (nur Pst),1,25,29
1413645,2023-03-31,805,Feldkirch,Männer,35 bis 39 Jahre,B9999,unbestimmt (nur Pst),1,35,39
1414596,2023-03-31,959,Wien Hauffgasse,Männer,35 bis 39 Jahre,B9999,unbestimmt (nur Pst),1,35,39
1414953,2023-03-31,960,Wien Esteplatz,Frauen,45 bis 49 Jahre,B9999,unbestimmt (nur Pst),1,45,49
1415799,2023-03-31,962,Wien Redergasse,Männer,30 bis 34 Jahre,B9999,unbestimmt (nur Pst),1,30,34
1416103,2023-03-31,963,Wien Währinger Gürtel,Frauen,30 bis 34 Jahre,B9999,unbestimmt (nur Pst),2,30,34
1416171,2023-03-31,963,Wien Währinger Gürtel,Frauen,40 bis 44 Jahre,B9999,unbestimmt (nur Pst),1,40,44
1416207,2023-03-31,963,Wien Währinger Gürtel,Frauen,45 bis 49 Jahre,B9999,unbestimmt (nur Pst),1,45,49
1416297,2023-03-31,963,Wien Währinger Gürtel,Männer,25 bis 29 Jahre,B9999,unbestimmt (nur Pst),1,25,29
1416966,2023-03-31,964,Wien Favoritenstraße,Männer,25 bis 29 Jahre,B9999,unbestimmt (nur Pst),1,25,29
1417566,2023-03-31,965,Wien Schönbrunner Straße,Frauen,35 bis 39 Jahre,B9999,unbestimmt (nur Pst),1,35,39
1418241,2023-03-31,966,Wien Hietzinger Kai,Frauen,30 bis 34 Jahre,B9999,unbestimmt (nur Pst),1,30,34
1418859,2023-03-31,967,Wien Huttengasse,Frauen,25 bis 29 Jahre,B9999,unbestimmt (nur Pst),1,25,29
1419213,2023-03-31,967,Wien Huttengasse,Männer,25 bis 29 Jahre,B9999,unbestimmt (nur Pst),1,25,29
1419463,2023-03-31,967,Wien Huttengasse,Männer,40 bis 44 Jahre,B9999,unbestimmt (nur Pst),1,40,44
1419716,2023-03-31,968,Wien Schloßhofer Straße,Frauen,30 bis 34 Jahre,B9999,unbestimmt (nur Pst),1,30,34
1419820,2023-03-31,968,Wien Schloßhofer Straße,Frauen,40 bis 44 Jahre,B9999,unbestimmt (nur Pst),3,40,44
1420043,2023-03-31,968,Wien Schloßhofer Straße,Männer,30 bis 34 Jahre,B9999,unbestimmt (nur Pst),2,30,34
1421201,2023-03-31,974,Wien Austria Campus,Frauen,50 bis 54 Jahre,B9999,unbestimmt (nur Pst),1,50,54
1421848,2023-03-31,975,Wien Jäger Straße,Männer,30 bis 34 Jahre,B9999,unbestimmt (nur Pst),1,30,34
1422116,2023-03-31,976,Wien Jugendliche I,Frauen,bis 19 Jahre,B9999,unbestimmt (nur Pst),8,0,19
1422210,2023-03-31,976,Wien Jugendliche I,Frauen,20 bis 24 Jahre,B9999,unbestimmt (nur Pst),7,20,24
1422329,2023-03-31,976,Wien Jugendliche I,Männer,bis 19 Jahre,B9999,unbestimmt (nur Pst),10,0,19
1422477,2023-03-31,976,Wien Jugendliche I,Männer,20 bis 24 Jahre,B9999,unbestimmt (nur Pst),3,20,24
1422591,2023-03-31,977,Wien Jugendliche II,Frauen,bis 19 Jahre,B9999,unbestimmt (nur Pst),17,0,19
1422692,2023-03-31,977,Wien Jugendliche II,Frauen,20 bis 24 Jahre,B9999,unbestimmt (nur Pst),7,20,24
1422807,2023-03-31,977,Wien Jugendliche II,Männer,bis 19 Jahre,B9999,unbestimmt (nur Pst),18,0,19
1422952,2023-03-31,977,Wien Jugendliche II,Männer,20 bis 24 Jahre,B9999,unbestimmt (nur Pst),6,20,24
1423178,2023-04-30,102,Mattersburg,Frauen,bis 19 Jahre,B9999,unbestimmt (nur Pst),7,0,19
1423190,2023-04-30,102,Mattersburg,Frauen,20 bis 24 Jahre,B9999,unbestimmt (nur Pst),3,20,24
1423231,2023-04-30,102,Mattersburg,Frauen,45 bis 49 Jahre,B9999,unbestimmt (nur Pst),1,45,49
1423251,2023-04-30,102,Mattersburg,Männer,bis 19 Jahre,B9999,unbestimmt (nur Pst),5,0,19
1423267,2023-04-30,102,Mattersburg,Männer,20 bis 24 Jahre,B9999,unbestimmt (nur Pst),1,20,24
1423310,2023-04-30,103,Neusiedl am See,Frauen,bis 19 Jahre,B9999,unbestimmt (nur Pst),1,0,19
1423323,2023-04-30,103,Neusiedl am See,Frauen,20 bis 24 Jahre,B9999,unbestimmt (nur Pst),1,20,24
1423400,2023-04-30,103,Neusiedl am See,Männer,bis 19 Jahre,B9999,unbestimmt (nur Pst),1,0,19
1423624,2023-04-30,105,Oberwart,Frauen,bis 19 Jahre,B9999,unbestimmt (nur Pst),1,0,19
1423770,2023-04-30,105,Oberwart,Männer,bis 19 Jahre,B9999,unbestimmt (nur Pst),1,0,19
1423876,2023-04-30,106,Stegersbach,Frauen,bis 19 Jahre,B9999,unbestimmt (nur Pst),1,0,19
1424125,2023-04-30,201,Feldkirchen,Frauen,30 bis 34 Jahre,B9999,unbestimmt (nur Pst),1,30,34
1424234,2023-04-30,203,Klagenfurt,Frauen,bis 19 Jahre,B9999,unbestimmt (nur Pst),3,0,19
1424320,2023-04-30,203,Klagenfurt,Frauen,30 bis 34 Jahre,B9999,unbestimmt (nur Pst),1,30,34
1424350,2023-04-30,203,Klagenfurt,Frauen,35 bis 39 Jahre,B9999,unbestimmt (nur Pst),1,35,39
1424473,2023-04-30,203,Klagenfurt,Männer,bis 19 Jahre,B9999,unbestimmt (nur Pst),3,0,19
1424540,2023-04-30,203,Klagenfurt,Männer,25 bis 29 Jahre,B9999,unbestimmt (nur Pst),1,25,29
1424574,2023-04-30,203,Klagenfurt,Männer,35 bis 39 Jahre,B9999,unbestimmt (nur Pst),1,35,39
1424635,2023-04-30,203,Klagenfurt,Männer,60 bis 64 Jahre,B9999,unbestimmt (nur Pst),1,60,64
1424651,2023-04-30,204,Spittal/Drau,Frauen,bis 19 Jahre,B9999,unbestimmt (nur Pst),3,0,19
1424745,2023-04-30,204,Spittal/Drau,Männer,bis 19 Jahre,B9999,unbestimmt (nur Pst),4,0,19
1424986,2023-04-30,206,Villach,Frauen,bis 19 Jahre,B9999,unbestimmt (nur Pst),1,0,19
1425127,2023-04-30,206,Villach,Frauen,40 bis 44 Jahre,B9999,unbestimmt (nur Pst),1,40,44
1425357,2023-04-30,207,Völkermarkt,Frauen,bis 19 Jahre,B9999,unbestimmt (nur Pst),1,0,19
1425417,2023-04-30,207,Völkermarkt,Frauen,45 bis 49 Jahre,B9999,unbestimmt (nur Pst),1,45,49
1425455,2023-04-30,207,Völkermarkt,Männer,20 bis 24 Jahre,B9999,unbestimmt (nur Pst),1,20,24
1425477,2023-04-30,207,Völkermarkt,Männer,35 bis 39 Jahre,B9999,unbestimmt (nur Pst),1,35,39
1425624,2023-04-30,208,Wolfsberg,Männer,bis 19 Jahre,B9999,unbestimmt (nur Pst),2,0,19
1425705,2023-04-30,301,Amstetten,Frauen,bis 19 Jahre,B9999,unbestimmt (nur Pst),6,0,19
1425725,2023-04-30,301,Amstetten,Frauen,20 bis 24 Jahre,B9999,unbestimmt (nur Pst),1,20,24
1425756,2023-04-30,301,Amstetten,Frauen,25 bis 29 Jahre,B9999,unbestimmt (nur Pst),1,25,29
1425778,2023-04-30,301,Amstetten,Frauen,30 bis 34 Jahre,B9999,unbestimmt (nur Pst),1,30,34
1425874,2023-04-30,301,Amstetten,Männer,bis 19 Jahre,B9999,unbestimmt (nur Pst),11,0,19
1425891,2023-04-30,301,Amstetten,Männer,20 bis 24 Jahre,B9999,unbestimmt (nur Pst),6,20,24
1425912,2023-04-30,301,Amstetten,Männer,25 bis 29 Jahre,B9999,unbestimmt (nur Pst),1,25,29
1425945,2023-04-30,301,Amstetten,Männer,35 bis 39 Jahre,B9999,unbestimmt (nur Pst),1,35,39
1426024,2023-04-30,304,Baden neu,Frauen,bis 19 Jahre,B9999,unbestimmt (nur Pst),4,0,19
1426057,2023-04-30,304,Baden neu,Frauen,20 bis 24 Jahre,B9999,unbestimmt (nur Pst),2,20,24
1426081,2023-04-30,304,Baden neu,Frauen,25 bis 29 Jahre,B9999,unbestimmt (nur Pst),3,25,29
1426151,2023-04-30,304,Baden neu,Frauen,40 bis 44 Jahre,B9999,unbestimmt (nur Pst),1,40,44
1426230,2023-04-30,304,Baden neu,Männer,bis 19 Jahre,B9999,unbestimmt (nur Pst),2,0,19
1426274,2023-04-30,304,Baden neu,Männer,20 bis 24 Jahre,B9999,unbestimmt (nur Pst),2,20,24
1426401,2023-04-30,306,Bruck/Leitha,Frauen,bis 19 Jahre,B9999,unbestimmt (nur Pst),2,0,19
1426419,2023-04-30,306,Bruck/Leitha,Frauen,20 bis 24 Jahre,B9999,unbestimmt (nur Pst),1,20,24
1426430,2023-04-30,306,Bruck/Leitha,Frauen,30 bis 34 Jahre,B9999,unbestimmt (nur Pst),1,30,34
1426505,2023-04-30,306,Bruck/Leitha,Männer,20 bis 24 Jahre,B9999,unbestimmt (nur Pst),1,20,24
1426572,2023-04-30,308,Gänserndorf,Frauen,bis 19 Jahre,B9999,unbestimmt (nur Pst),3,0,19
1426600,2023-04-30,308,Gänserndorf,Frauen,20 bis 24 Jahre,B9999,unbestimmt (nur Pst),1,20,24
1426621,2023-04-30,308,Gänserndorf,Frauen,25 bis 29 Jahre,B9999,unbestimmt (nur Pst),1,25,29
1426763,2023-04-30,308,Gänserndorf,Männer,bis 19 Jahre,B9999,unbestimmt (nur Pst),5,0,19
1426797,2023-04-30,308,Gänserndorf,Männer,20 bis 24 Jahre,B9999,unbestimmt (nur Pst),1,20,24
1426973,2023-04-30,311,Gmünd,Männer,bis 19 Jahre,B9999,unbestimmt (nur Pst),4,0,19
1427024,2023-04-30,312,Hollabrunn,Frauen,bis 19 Jahre,B9999,unbestimmt (nur Pst),6,0,19
1427038,2023-04-30,312,Hollabrunn,Frauen,20 bis 24 Jahre,B9999,unbestimmt (nur Pst),2,20,24
1427113,2023-04-30,312,Hollabrunn,Männer,bis 19 Jahre,B9999,unbestimmt (nur Pst),1,0,19
1427174,2023-04-30,312,Hollabrunn,Männer,55 bis 59 Jahre,B9999,unbestimmt (nur Pst),1,55,59
1427199,2023-04-30,313,Horn,Frauen,20 bis 24 Jahre,B9999,unbestimmt (nur Pst),2,20,24
1427290,2023-04-30,314,Korneuburg,Frauen,bis 19 Jahre,B9999,unbestimmt (nur Pst),2,0,19
1427317,2023-04-30,314,Korneuburg,Frauen,20 bis 24 Jahre,B9999,unbestimmt (nur Pst),2,20,24
1427327,2023-04-30,314,Korneuburg,Frauen,25 bis 29 Jahre,B9999,unbestimmt (nur Pst),1,25,29
1427406,2023-04-30,314,Korneuburg,Frauen,45 bis 49 Jahre,B9999,unbestimmt (nur Pst),1,45,49
1427447,2023-04-30,314,Korneuburg,Männer,bis 19 Jahre,B9999,unbestimmt (nur Pst),1,0,19
1427472,2023-04-30,314,Korneuburg,Männer,20 bis 24 Jahre,B9999,unbestimmt (nur Pst),1,20,24
1427579,2023-04-30,315,Krems,Frauen,bis 19 Jahre,B9999,unbestimmt (nur Pst),3,0,19
1427606,2023-04-30,315,Krems,Frauen,20 bis 24 Jahre,B9999,unbestimmt (nur Pst),1,20,24
1427639,2023-04-30,315,Krems,Frauen,30 bis 34 Jahre,B9999,unbestimmt (nur Pst),2,30,34
1427656,2023-04-30,315,Krems,Frauen,35 bis 39 Jahre,B9999,unbestimmt (nur Pst),1,35,39
1427681,2023-04-30,315,Krems,Frauen,45 bis 49 Jahre,B9999,unbestimmt (nur Pst),1,45,49
1427725,2023-04-30,315,Krems,Männer,bis 19 Jahre,B9999,unbestimmt (nur Pst),1,0,19
1427799,2023-04-30,315,Krems,Männer,45 bis 49 Jahre,B9999,unbestimmt (nur Pst),1,45,49
1427872,2023-04-30,316,Lilienfeld,Frauen,50 bis 54 Jahre,B9999,unbestimmt (nur Pst),1,50,54
1427887,2023-04-30,316,Lilienfeld,Männer,bis 19 Jahre,B9999,unbestimmt (nur Pst),1,0,19
1427944,2023-04-30,317,Melk,Frauen,bis 19 Jahre,B9999,unbestimmt (nur Pst),2,0,19
1427959,2023-04-30,317,Melk,Frauen,20 bis 24 Jahre,B9999,unbestimmt (nur Pst),2,20,24
1428005,2023-04-30,317,Melk,Frauen,35 bis 39 Jahre,B9999,unbestimmt (nur Pst),1,35,39
1428065,2023-04-30,317,Melk,Männer,bis 19 Jahre,B9999,unbestimmt (nur Pst),1,0,19
1428158,2023-04-30,319,Mistelbach,Frauen,bis 19 Jahre,B9999,unbestimmt (nur Pst),1,0,19
1428276,2023-04-30,319,Mistelbach,Männer,bis 19 Jahre,B9999,unbestimmt (nur Pst),1,0,19
1428368,2023-04-30,321,Mödling,Frauen,bis 19 Jahre,B9999,unbestimmt (nur Pst),3,0,19
1428385,2023-04-30,321,Mödling,Frauen,20 bis 24 Jahre,B9999,unbestimmt (nur Pst),1,20,24
1428538,2023-04-30,321,Mödling,Männer,bis 19 Jahre,B9999,unbestimmt (nur Pst),13,0,19
1428979,2023-04-30,326,St. Pölten,Frauen,bis 19 Jahre,B9999,unbestimmt (nur Pst),17,0,19
1429016,2023-04-30,326,St. Pölten,Frauen,20 bis 24 Jahre,B9999,unbestimmt (nur Pst),1,20,24
1429084,2023-04-30,326,St. Pölten,Frauen,30 bis 34 Jahre,B9999,unbestimmt (nur Pst),1,30,34
1429167,2023-04-30,326,St. Pölten,Frauen,40 bis 44 Jahre,B9999,unbestimmt (nur Pst),1,40,44
1429195,2023-04-30,326,St. Pölten,Frauen,45 bis 49 Jahre,B9999,unbestimmt (nur Pst),4,45,49
1429220,2023-04-30,326,St. Pölten,Frauen,50 bis 54 Jahre,B9999,unbestimmt (nur Pst),1,50,54
1429273,2023-04-30,326,St. Pölten,Männer,bis 19 Jahre,B9999,unbestimmt (nur Pst),15,0,19
1429315,2023-04-30,326,St. Pölten,Männer,20 bis 24 Jahre,B9999,unbestimmt (nur Pst),5,20,24
1429343,2023-04-30,326,St. Pölten,Männer,25 bis 29 Jahre,B9999,unbestimmt (nur Pst),1,25,29
1429376,2023-04-30,326,St. Pölten,Männer,30 bis 34 Jahre,B9999,unbestimmt (nur Pst),1,30,34
1429440,2023-04-30,326,St. Pölten,Männer,40 bis 44 Jahre,B9999,unbestimmt (nur Pst),2,40,44
1429638,2023-04-30,329,Schwechat,Frauen,bis 19 Jahre,B9999,unbestimmt (nur Pst),2,0,19
1429661,2023-04-30,329,Schwechat,Frauen,20 bis 24 Jahre,B9999,unbestimmt (nur Pst),1,20,24
1429753,2023-04-30,329,Schwechat,Männer,bis 19 Jahre,B9999,unbestimmt (nur Pst),5,0,19
1429862,2023-04-30,331,Tulln,Frauen,bis 19 Jahre,B9999,unbestimmt (nur Pst),8,0,19
1429882,2023-04-30,331,Tulln,Frauen,20 bis 24 Jahre,B9999,unbestimmt (nur Pst),3,20,24
1429924,2023-04-30,331,Tulln,Frauen,30 bis 34 Jahre,B9999,unbestimmt (nur Pst),1,30,34
1430028,2023-04-30,331,Tulln,Männer,bis 19 Jahre,B9999,unbestimmt (nur Pst),4,0,19
1430050,2023-04-30,331,Tulln,Männer,20 bis 24 Jahre,B9999,unbestimmt (nur Pst),1,20,24
1430135,2023-04-30,332,Waidhofen/Thaya,Frauen,bis 19 Jahre,B9999,unbestimmt (nur Pst),1,0,19
1430152,2023-04-30,332,Waidhofen/Thaya,Frauen,20 bis 24 Jahre,B9999,unbestimmt (nur Pst),1,20,24
1430200,2023-04-30,332,Waidhofen/Thaya,Männer,bis 19 Jahre,B9999,unbestimmt (nur Pst),1,0,19
1430217,2023-04-30,332,Waidhofen/Thaya,Männer,20 bis 24 Jahre,B9999,unbestimmt (nur Pst),2,20,24
1430294,2023-04-30,333,Waidhofen/Ybbs,Männer,bis 19 Jahre,B9999,unbestimmt (nur Pst),1,0,19
1430342,2023-04-30,334,Wr. Neustadt,Frauen,bis 19 Jahre,B9999,unbestimmt (nur Pst),5,0,19
1430371,2023-04-30,334,Wr. Neustadt,Frauen,20 bis 24 Jahre,B9999,unbestimmt (nur Pst),2,20,24
1430549,2023-04-30,334,Wr. Neustadt,Männer,bis 19 Jahre,B9999,unbestimmt (nur Pst),5,0,19
1430823,2023-04-30,335,Zwettl,Männer,bis 19 Jahre,B9999,unbestimmt (nur Pst),1,0,19
1430845,2023-04-30,335,Zwettl,Männer,30 bis 34 Jahre,B9999,unbestimmt (nur Pst),1,30,34
1430877,2023-04-30,401,Braunau,Frauen,bis 19 Jahre,B9999,unbestimmt (nur Pst),14,0,19
1430901,2023-04-30,401,Braunau,Frauen,20 bis 24 Jahre,B9999,unbestimmt (nur Pst),9,20,24
1430925,2023-04-30,401,Braunau,Frauen,25 bis 29 Jahre,B9999,unbestimmt (nur Pst),4,25,29
1430951,2023-04-30,401,Braunau,Frauen,30 bis 34 Jahre,B9999,unbestimmt (nur Pst),7,30,34
1430972,2023-04-30,401,Braunau,Frauen,35 bis 39 Jahre,B9999,unbestimmt (nur Pst),2,35,39
1430994,2023-04-30,401,Braunau,Frauen,40 bis 44 Jahre,B9999,unbestimmt (nur Pst),2,40,44
1431009,2023-04-30,401,Braunau,Frauen,45 bis 49 Jahre,B9999,unbestimmt (nur Pst),2,45,49
1431026,2023-04-30,401,Braunau,Frauen,50 bis 54 Jahre,B9999,unbestimmt (nur Pst),2,50,54
1431060,2023-04-30,401,Braunau,Männer,bis 19 Jahre,B9999,unbestimmt (nur Pst),19,0,19
1431091,2023-04-30,401,Braunau,Männer,20 bis 24 Jahre,B9999,unbestimmt (nur Pst),4,20,24
1431113,2023-04-30,401,Braunau,Männer,25 bis 29 Jahre,B9999,unbestimmt (nur Pst),2,25,29
1431129,2023-04-30,401,Braunau,Männer,30 bis 34 Jahre,B9999,unbestimmt (nur Pst),1,30,34
1431159,2023-04-30,401,Braunau,Männer,40 bis 44 Jahre,B9999,unbestimmt (nur Pst),1,40,44
1431175,2023-04-30,401,Braunau,Männer,45 bis 49 Jahre,B9999,unbestimmt (nur Pst),1,45,49
1431220,2023-04-30,402,Eferding,Frauen,25 bis 29 Jahre,B9999,unbestimmt (nur Pst),1,25,29
1431228,2023-04-30,402,Eferding,Frauen,30 bis 34 Jahre,B9999,unbestimmt (nur Pst),2,30,34
1431237,2023-04-30,402,Eferding,Frauen,35 bis 39 Jahre,B9999,unbestimmt (nur Pst),1,35,39
1431246,2023-04-30,402,Eferding,Frauen,40 bis 44 Jahre,B9999,unbestimmt (nur Pst),3,40,44
1431255,2023-04-30,402,Eferding,Frauen,45 bis 49 Jahre,B9999,unbestimmt (nur Pst),1,45,49
1431266,2023-04-30,402,Eferding,Frauen,55 bis 59 Jahre,B9999,unbestimmt (nur Pst),1,55,59
1431267,2023-04-30,402,Eferding,Frauen,60 bis 64 Jahre,B9999,unbestimmt (nur Pst),1,60,64
1431268,2023-04-30,402,Eferding,Frauen,65 Jahre und älter,B9999,unbestimmt (nur Pst),1,65,99
1431338,2023-04-30,403,Freistadt,Frauen,bis 19 Jahre,B9999,unbestimmt (nur Pst),1,0,19
1431361,2023-04-30,403,Freistadt,Frauen,20 bis 24 Jahre,B9999,unbestimmt (nur Pst),2,20,24
1431376,2023-04-30,403,Freistadt,Frauen,25 bis 29 Jahre,B9999,unbestimmt (nur Pst),1,25,29
1431504,2023-04-30,403,Freistadt,Männer,25 bis 29 Jahre,B9999,unbestimmt (nur Pst),1,25,29
1431585,2023-04-30,404,Gmunden,Frauen,bis 19 Jahre,B9999,unbestimmt (nur Pst),5,0,19
1431632,2023-04-30,404,Gmunden,Frauen,25 bis 29 Jahre,B9999,unbestimmt (nur Pst),1,25,29
1431728,2023-04-30,404,Gmunden,Frauen,50 bis 54 Jahre,B9999,unbestimmt (nur Pst),1,50,54
1431761,2023-04-30,404,Gmunden,Männer,bis 19 Jahre,B9999,unbestimmt (nur Pst),2,0,19
1431906,2023-04-30,406,Grieskirchen,Frauen,bis 19 Jahre,B9999,unbestimmt (nur Pst),1,0,19
1431961,2023-04-30,406,Grieskirchen,Frauen,30 bis 34 Jahre,B9999,unbestimmt (nur Pst),2,30,34
1431993,2023-04-30,406,Grieskirchen,Frauen,40 bis 44 Jahre,B9999,unbestimmt (nur Pst),1,40,44
1432019,2023-04-30,406,Grieskirchen,Frauen,55 bis 59 Jahre,B9999,unbestimmt (nur Pst),1,55,59
1432032,2023-04-30,406,Grieskirchen,Männer,bis 19 Jahre,B9999,unbestimmt (nur Pst),4,0,19
1432086,2023-04-30,406,Grieskirchen,Männer,35 bis 39 Jahre,B9999,unbestimmt (nur Pst),1,35,39
1432091,2023-04-30,406,Grieskirchen,Männer,40 bis 44 Jahre,B9999,unbestimmt (nur Pst),1,40,44
1432119,2023-04-30,407,Kirchdorf/Krems,Frauen,bis 19 Jahre,B9999,unbestimmt (nur Pst),4,0,19
1432221,2023-04-30,407,Kirchdorf/Krems,Männer,bis 19 Jahre,B9999,unbestimmt (nur Pst),5,0,19
1432254,2023-04-30,407,Kirchdorf/Krems,Männer,25 bis 29 Jahre,B9999,unbestimmt (nur Pst),1,25,29
1432336,2023-04-30,409,Linz neu,Frauen,bis 19 Jahre,B9999,unbestimmt (nur Pst),24,0,19
1432379,2023-04-30,409,Linz neu,Frauen,20 bis 24 Jahre,B9999,unbestimmt (nur Pst),21,20,24
1432433,2023-04-30,409,Linz neu,Frauen,25 bis 29 Jahre,B9999,unbestimmt (nur Pst),6,25,29
1432484,2023-04-30,409,Linz neu,Frauen,30 bis 34 Jahre,B9999,unbestimmt (nur Pst),4,30,34
1432534,2023-04-30,409,Linz neu,Frauen,35 bis 39 Jahre,B9999,unbestimmt (nur Pst),6,35,39
1432581,2023-04-30,409,Linz neu,Frauen,40 bis 44 Jahre,B9999,unbestimmt (nur Pst),4,40,44
1432623,2023-04-30,409,Linz neu,Frauen,45 bis 49 Jahre,B9999,unbestimmt (nur Pst),4,45,49
1432648,2023-04-30,409,Linz neu,Frauen,50 bis 54 Jahre,B9999,unbestimmt (nur Pst),1,50,54
1432667,2023-04-30,409,Linz neu,Frauen,55 bis 59 Jahre,B9999,unbestimmt (nur Pst),1,55,59
1432710,2023-04-30,409,Linz neu,Männer,bis 19 Jahre,B9999,unbestimmt (nur Pst),33,0,19
1432767,2023-04-30,409,Linz neu,Männer,20 bis 24 Jahre,B9999,unbestimmt (nur Pst),17,20,24
1432822,2023-04-30,409,Linz neu,Männer,25 bis 29 Jahre,B9999,unbestimmt (nur Pst),1,25,29
1432926,2023-04-30,409,Linz neu,Männer,35 bis 39 Jahre,B9999,unbestimmt (nur Pst),1,35,39
1432969,2023-04-30,409,Linz neu,Männer,40 bis 44 Jahre,B9999,unbestimmt (nur Pst),2,40,44
1433051,2023-04-30,409,Linz neu,Männer,55 bis 59 Jahre,B9999,unbestimmt (nur Pst),1,55,59
1433079,2023-04-30,411,Perg,Frauen,bis 19 Jahre,B9999,unbestimmt (nur Pst),1,0,19
1433187,2023-04-30,411,Perg,Männer,bis 19 Jahre,B9999,unbestimmt (nur Pst),2,0,19
1433208,2023-04-30,411,Perg,Männer,20 bis 24 Jahre,B9999,unbestimmt (nur Pst),3,20,24
1433293,2023-04-30,412,Ried im Innkreis,Frauen,bis 19 Jahre,B9999,unbestimmt (nur Pst),11,0,19
1433331,2023-04-30,412,Ried im Innkreis,Frauen,25 bis 29 Jahre,B9999,unbestimmt (nur Pst),3,25,29
1433346,2023-04-30,412,Ried im Innkreis,Frauen,30 bis 34 Jahre,B9999,unbestimmt (nur Pst),2,30,34
1433363,2023-04-30,412,Ried im Innkreis,Frauen,35 bis 39 Jahre,B9999,unbestimmt (nur Pst),1,35,39
1433378,2023-04-30,412,Ried im Innkreis,Frauen,40 bis 44 Jahre,B9999,unbestimmt (nur Pst),2,40,44
1433397,2023-04-30,412,Ried im Innkreis,Frauen,50 bis 54 Jahre,B9999,unbestimmt (nur Pst),3,50,54
1433416,2023-04-30,412,Ried im Innkreis,Männer,bis 19 Jahre,B9999,unbestimmt (nur Pst),7,0,19
1433500,2023-04-30,413,Rohrbach,Frauen,bis 19 Jahre,B9999,unbestimmt (nur Pst),1,0,19
1433513,2023-04-30,413,Rohrbach,Frauen,20 bis 24 Jahre,B9999,unbestimmt (nur Pst),1,20,24
1433551,2023-04-30,413,Rohrbach,Frauen,35 bis 39 Jahre,B9999,unbestimmt (nur Pst),1,35,39
1433567,2023-04-30,413,Rohrbach,Frauen,40 bis 44 Jahre,B9999,unbestimmt (nur Pst),1,40,44
1433591,2023-04-30,413,Rohrbach,Frauen,55 bis 59 Jahre,B9999,unbestimmt (nur Pst),1,55,59
1433594,2023-04-30,413,Rohrbach,Frauen,60 bis 64 Jahre,B9999,unbestimmt (nur Pst),1,60,64
1433601,2023-04-30,413,Rohrbach,Männer,bis 19 Jahre,B9999,unbestimmt (nur Pst),1,0,19
1433657,2023-04-30,413,Rohrbach,Männer,50 bis 54 Jahre,B9999,unbestimmt (nur Pst),1,50,54
1433681,2023-04-30,414,Schärding,Frauen,bis 19 Jahre,B9999,unbestimmt (nur Pst),2,0,19
1433696,2023-04-30,414,Schärding,Frauen,20 bis 24 Jahre,B9999,unbestimmt (nur Pst),2,20,24
1433730,2023-04-30,414,Schärding,Frauen,35 bis 39 Jahre,B9999,unbestimmt (nur Pst),1,35,39
1433809,2023-04-30,414,Schärding,Männer,35 bis 39 Jahre,B9999,unbestimmt (nur Pst),1,35,39
1433846,2023-04-30,415,Steyr,Frauen,bis 19 Jahre,B9999,unbestimmt (nur Pst),16,0,19
1433878,2023-04-30,415,Steyr,Frauen,20 bis 24 Jahre,B9999,unbestimmt (nur Pst),1,20,24
1433901,2023-04-30,415,Steyr,Frauen,25 bis 29 Jahre,B9999,unbestimmt (nur Pst),1,25,29
1433961,2023-04-30,415,Steyr,Frauen,35 bis 39 Jahre,B9999,unbestimmt (nur Pst),2,35,39
1433982,2023-04-30,415,Steyr,Frauen,40 bis 44 Jahre,B9999,unbestimmt (nur Pst),1,40,44
1434001,2023-04-30,415,Steyr,Frauen,45 bis 49 Jahre,B9999,unbestimmt (nur Pst),1,45,49
1434026,2023-04-30,415,Steyr,Frauen,60 bis 64 Jahre,B9999,unbestimmt (nur Pst),1,60,64
1434054,2023-04-30,415,Steyr,Männer,bis 19 Jahre,B9999,unbestimmt (nur Pst),16,0,19
1434081,2023-04-30,415,Steyr,Männer,20 bis 24 Jahre,B9999,unbestimmt (nur Pst),6,20,24
1434108,2023-04-30,415,Steyr,Männer,25 bis 29 Jahre,B9999,unbestimmt (nur Pst),4,25,29
1434233,2023-04-30,418,Vöcklabruck,Frauen,bis 19 Jahre,B9999,unbestimmt (nur Pst),5,0,19
1434260,2023-04-30,418,Vöcklabruck,Frauen,20 bis 24 Jahre,B9999,unbestimmt (nur Pst),3,20,24
1434282,2023-04-30,418,Vöcklabruck,Frauen,25 bis 29 Jahre,B9999,unbestimmt (nur Pst),2,25,29
1434427,2023-04-30,418,Vöcklabruck,Männer,bis 19 Jahre,B9999,unbestimmt (nur Pst),2,0,19
1434460,2023-04-30,418,Vöcklabruck,Männer,20 bis 24 Jahre,B9999,unbestimmt (nur Pst),1,20,24
1434482,2023-04-30,418,Vöcklabruck,Männer,25 bis 29 Jahre,B9999,unbestimmt (nur Pst),1,25,29
1434645,2023-04-30,419,Wels,Frauen,20 bis 24 Jahre,B9999,unbestimmt (nur Pst),1,20,24
1434758,2023-04-30,419,Wels,Frauen,40 bis 44 Jahre,B9999,unbestimmt (nur Pst),1,40,44
1434779,2023-04-30,419,Wels,Frauen,45 bis 49 Jahre,B9999,unbestimmt (nur Pst),1,45,49
1434849,2023-04-30,419,Wels,Männer,bis 19 Jahre,B9999,unbestimmt (nur Pst),1,0,19
1434930,2023-04-30,419,Wels,Männer,30 bis 34 Jahre,B9999,unbestimmt (nur Pst),1,30,34
1434973,2023-04-30,419,Wels,Männer,40 bis 44 Jahre,B9999,unbestimmt (nur Pst),1,40,44
1435049,2023-04-30,421,Traun,Frauen,bis 19 Jahre,B9999,unbestimmt (nur Pst),3,0,19
1435169,2023-04-30,421,Traun,Frauen,35 bis 39 Jahre,B9999,unbestimmt (nur Pst),1,35,39
1435216,2023-04-30,421,Traun,Frauen,45 bis 49 Jahre,B9999,unbestimmt (nur Pst),1,45,49
1435241,2023-04-30,421,Traun,Frauen,50 bis 54 Jahre,B9999,unbestimmt (nur Pst),1,50,54
1435256,2023-04-30,421,Traun,Frauen,55 bis 59 Jahre,B9999,unbestimmt (nur Pst),1,55,59
1435292,2023-04-30,421,Traun,Männer,bis 19 Jahre,B9999,unbestimmt (nur Pst),2,0,19
1435349,2023-04-30,421,Traun,Männer,25 bis 29 Jahre,B9999,unbestimmt (nur Pst),1,25,29
1435473,2023-04-30,421,Traun,Männer,50 bis 54 Jahre,B9999,unbestimmt (nur Pst),1,50,54
1436784,2023-04-30,601,Bruck/Mur,Frauen,bis 19 Jahre,B9999,unbestimmt (nur Pst),5,0,19
1436829,2023-04-30,601,Bruck/Mur,Frauen,30 bis 34 Jahre,B9999,unbestimmt (nur Pst),1,30,34
1436877,2023-04-30,601,Bruck/Mur,Frauen,50 bis 54 Jahre,B9999,unbestimmt (nur Pst),1,50,54
1436904,2023-04-30,601,Bruck/Mur,Männer,bis 19 Jahre,B9999,unbestimmt (nur Pst),6,0,19
1437015,2023-04-30,603,Deutschlandsberg,Frauen,bis 19 Jahre,B9999,unbestimmt (nur Pst),2,0,19
1437032,2023-04-30,603,Deutschlandsberg,Frauen,20 bis 24 Jahre,B9999,unbestimmt (nur Pst),1,20,24
1437234,2023-04-30,604,Feldbach,Frauen,20 bis 24 Jahre,B9999,unbestimmt (nur Pst),1,20,24
1437368,2023-04-30,604,Feldbach,Männer,bis 19 Jahre,B9999,unbestimmt (nur Pst),1,0,19
1437396,2023-04-30,604,Feldbach,Männer,20 bis 24 Jahre,B9999,unbestimmt (nur Pst),1,20,24
1437487,2023-04-30,606,Gleisdorf,Frauen,bis 19 Jahre,B9999,unbestimmt (nur Pst),2,0,19
1437503,2023-04-30,606,Gleisdorf,Frauen,20 bis 24 Jahre,B9999,unbestimmt (nur Pst),1,20,24
1437574,2023-04-30,606,Gleisdorf,Männer,bis 19 Jahre,B9999,unbestimmt (nur Pst),1,0,19
1437586,2023-04-30,606,Gleisdorf,Männer,20 bis 24 Jahre,B9999,unbestimmt (nur Pst),1,20,24
1437809,2023-04-30,609,Hartberg,Männer,bis 19 Jahre,B9999,unbestimmt (nur Pst),1,0,19
1438023,2023-04-30,610,Judenburg,Frauen,45 bis 49 Jahre,B9999,unbestimmt (nur Pst),1,45,49
1438032,2023-04-30,610,Judenburg,Frauen,50 bis 54 Jahre,B9999,unbestimmt (nur Pst),1,50,54
1438097,2023-04-30,610,Judenburg,Männer,30 bis 34 Jahre,B9999,unbestimmt (nur Pst),1,30,34
1438148,2023-04-30,611,Murau,Frauen,20 bis 24 Jahre,B9999,unbestimmt (nur Pst),2,20,24
1438218,2023-04-30,614,Leibnitz,Frauen,bis 19 Jahre,B9999,unbestimmt (nur Pst),4,0,19
1438271,2023-04-30,614,Leibnitz,Frauen,25 bis 29 Jahre,B9999,unbestimmt (nur Pst),2,25,29
1438343,2023-04-30,614,Leibnitz,Frauen,40 bis 44 Jahre,B9999,unbestimmt (nur Pst),1,40,44
1438439,2023-04-30,614,Leibnitz,Männer,25 bis 29 Jahre,B9999,unbestimmt (nur Pst),1,25,29
1438531,2023-04-30,616,Leoben,Frauen,bis 19 Jahre,B9999,unbestimmt (nur Pst),1,0,19
1438617,2023-04-30,616,Leoben,Frauen,40 bis 44 Jahre,B9999,unbestimmt (nur Pst),1,40,44
1438675,2023-04-30,616,Leoben,Männer,bis 19 Jahre,B9999,unbestimmt (nur Pst),1,0,19
1438806,2023-04-30,618,Liezen,Frauen,20 bis 24 Jahre,B9999,unbestimmt (nur Pst),1,20,24
1438999,2023-04-30,621,Mürzzuschlag,Frauen,bis 19 Jahre,B9999,unbestimmt (nur Pst),3,0,19
1439011,2023-04-30,621,Mürzzuschlag,Frauen,20 bis 24 Jahre,B9999,unbestimmt (nur Pst),1,20,24
1439087,2023-04-30,621,Mürzzuschlag,Männer,bis 19 Jahre,B9999,unbestimmt (nur Pst),5,0,19
1439160,2023-04-30,622,Voitsberg,Frauen,bis 19 Jahre,B9999,unbestimmt (nur Pst),2,0,19
1439287,2023-04-30,622,Voitsberg,Männer,bis 19 Jahre,B9999,unbestimmt (nur Pst),1,0,19
1439383,2023-04-30,623,Weiz,Frauen,20 bis 24 Jahre,B9999,unbestimmt (nur Pst),1,20,24
1439388,2023-04-30,623,Weiz,Frauen,25 bis 29 Jahre,B9999,unbestimmt (nur Pst),1,25,29
1439400,2023-04-30,623,Weiz,Frauen,30 bis 34 Jahre,B9999,unbestimmt (nur Pst),2,30,34
1439417,2023-04-30,623,Weiz,Frauen,40 bis 44 Jahre,B9999,unbestimmt (nur Pst),1,40,44
1439426,2023-04-30,623,Weiz,Frauen,45 bis 49 Jahre,B9999,unbestimmt (nur Pst),1,45,49
1439448,2023-04-30,623,Weiz,Männer,bis 19 Jahre,B9999,unbestimmt (nur Pst),1,0,19
1439478,2023-04-30,623,Weiz,Männer,40 bis 44 Jahre,B9999,unbestimmt (nur Pst),1,40,44
1439482,2023-04-30,623,Weiz,Männer,45 bis 49 Jahre,B9999,unbestimmt (nur Pst),1,45,49
1439485,2023-04-30,623,Weiz,Männer,50 bis 54 Jahre,B9999,unbestimmt (nur Pst),1,50,54
1439538,2023-04-30,630,Graz-West und Umgebung,Frauen,bis 19 Jahre,B9999,unbestimmt (nur Pst),11,0,19
1439594,2023-04-30,630,Graz-West und Umgebung,Frauen,20 bis 24 Jahre,B9999,unbestimmt (nur Pst),3,20,24
1439653,2023-04-30,630,Graz-West und Umgebung,Frauen,25 bis 29 Jahre,B9999,unbestimmt (nur Pst),1,25,29
1439709,2023-04-30,630,Graz-West und Umgebung,Frauen,30 bis 34 Jahre,B9999,unbestimmt (nur Pst),1,30,34
1439767,2023-04-30,630,Graz-West und Umgebung,Frauen,35 bis 39 Jahre,B9999,unbestimmt (nur Pst),1,35,39
1439862,2023-04-30,630,Graz-West und Umgebung,Frauen,45 bis 49 Jahre,B9999,unbestimmt (nur Pst),2,45,49
1439978,2023-04-30,630,Graz-West und Umgebung,Männer,bis 19 Jahre,B9999,unbestimmt (nur Pst),17,0,19
1440047,2023-04-30,630,Graz-West und Umgebung,Männer,20 bis 24 Jahre,B9999,unbestimmt (nur Pst),1,20,24
1440269,2023-04-30,630,Graz-West und Umgebung,Männer,45 bis 49 Jahre,B9999,unbestimmt (nur Pst),1,45,49
1440328,2023-04-30,630,Graz-West und Umgebung,Männer,60 bis 64 Jahre,B9999,unbestimmt (nur Pst),1,60,64
1440353,2023-04-30,631,Graz-Ost,Frauen,bis 19 Jahre,B9999,unbestimmt (nur Pst),2,0,19
1440383,2023-04-30,631,Graz-Ost,Frauen,20 bis 24 Jahre,B9999,unbestimmt (nur Pst),1,20,24
1440607,2023-04-30,631,Graz-Ost,Frauen,50 bis 54 Jahre,B9999,unbestimmt (nur Pst),1,50,54
1440655,2023-04-30,631,Graz-Ost,Männer,bis 19 Jahre,B9999,unbestimmt (nur Pst),2,0,19
1440697,2023-04-30,631,Graz-Ost,Männer,20 bis 24 Jahre,B9999,unbestimmt (nur Pst),1,20,24
1441057,2023-04-30,702,Innsbruck,Frauen,25 bis 29 Jahre,B9999,unbestimmt (nur Pst),2,25,29
1441091,2023-04-30,702,Innsbruck,Frauen,30 bis 34 Jahre,B9999,unbestimmt (nur Pst),1,30,34
1441131,2023-04-30,702,Innsbruck,Frauen,35 bis 39 Jahre,B9999,unbestimmt (nur Pst),1,35,39
1441162,2023-04-30,702,Innsbruck,Frauen,40 bis 44 Jahre,B9999,unbestimmt (nur Pst),1,40,44
1441189,2023-04-30,702,Innsbruck,Frauen,45 bis 49 Jahre,B9999,unbestimmt (nur Pst),1,45,49
1441327,2023-04-30,702,Innsbruck,Männer,25 bis 29 Jahre,B9999,unbestimmt (nur Pst),3,25,29
1441391,2023-04-30,702,Innsbruck,Männer,35 bis 39 Jahre,B9999,unbestimmt (nur Pst),1,35,39
1441436,2023-04-30,702,Innsbruck,Männer,45 bis 49 Jahre,B9999,unbestimmt (nur Pst),1,45,49
1441505,2023-04-30,704,Kitzbühel,Frauen,30 bis 34 Jahre,B9999,unbestimmt (nur Pst),1,30,34
1441578,2023-04-30,704,Kitzbühel,Männer,55 bis 59 Jahre,B9999,unbestimmt (nur Pst),1,55,59
1441593,2023-04-30,705,Kufstein,Frauen,bis 19 Jahre,B9999,unbestimmt (nur Pst),5,0,19
1441606,2023-04-30,705,Kufstein,Frauen,20 bis 24 Jahre,B9999,unbestimmt (nur Pst),1,20,24
1441651,2023-04-30,705,Kufstein,Frauen,35 bis 39 Jahre,B9999,unbestimmt (nur Pst),1,35,39
1441683,2023-04-30,705,Kufstein,Frauen,45 bis 49 Jahre,B9999,unbestimmt (nur Pst),1,45,49
1441727,2023-04-30,705,Kufstein,Männer,bis 19 Jahre,B9999,unbestimmt (nur Pst),4,0,19
1441748,2023-04-30,705,Kufstein,Männer,20 bis 24 Jahre,B9999,unbestimmt (nur Pst),1,20,24
1441775,2023-04-30,705,Kufstein,Männer,30 bis 34 Jahre,B9999,unbestimmt (nur Pst),1,30,34
1441826,2023-04-30,706,Landeck,Frauen,bis 19 Jahre,B9999,unbestimmt (nur Pst),1,0,19
1441878,2023-04-30,706,Landeck,Männer,bis 19 Jahre,B9999,unbestimmt (nur Pst),1,0,19
1442082,2023-04-30,709,Schwaz,Frauen,bis 19 Jahre,B9999,unbestimmt (nur Pst),1,0,19
1442095,2023-04-30,709,Schwaz,Frauen,20 bis 24 Jahre,B9999,unbestimmt (nur Pst),1,20,24
1442190,2023-04-30,709,Schwaz,Männer,25 bis 29 Jahre,B9999,unbestimmt (nur Pst),1,25,29
1442270,2023-04-30,801,Bludenz,Frauen,20 bis 24 Jahre,B9999,unbestimmt (nur Pst),2,20,24
1442288,2023-04-30,801,Bludenz,Frauen,25 bis 29 Jahre,B9999,unbestimmt (nur Pst),1,25,29
1442384,2023-04-30,801,Bludenz,Männer,bis 19 Jahre,B9999,unbestimmt (nur Pst),2,0,19
1442404,2023-04-30,801,Bludenz,Männer,20 bis 24 Jahre,B9999,unbestimmt (nur Pst),2,20,24
1442419,2023-04-30,801,Bludenz,Männer,25 bis 29 Jahre,B9999,unbestimmt (nur Pst),1,25,29
1442511,2023-04-30,802,Bregenz,Frauen,20 bis 24 Jahre,B9999,unbestimmt (nur Pst),2,20,24
1442537,2023-04-30,802,Bregenz,Frauen,25 bis 29 Jahre,B9999,unbestimmt (nur Pst),1,25,29
1442703,2023-04-30,802,Bregenz,Männer,20 bis 24 Jahre,B9999,unbestimmt (nur Pst),1,20,24
1442776,2023-04-30,802,Bregenz,Männer,35 bis 39 Jahre,B9999,unbestimmt (nur Pst),1,35,39
1442836,2023-04-30,804,Dornbirn,Frauen,bis 19 Jahre,B9999,unbestimmt (nur Pst),3,0,19
1442865,2023-04-30,804,Dornbirn,Frauen,20 bis 24 Jahre,B9999,unbestimmt (nur Pst),5,20,24
1443006,2023-04-30,804,Dornbirn,Männer,bis 19 Jahre,B9999,unbestimmt (nur Pst),3,0,19
1443089,2023-04-30,804,Dornbirn,Männer,30 bis 34 Jahre,B9999,unbestimmt (nur Pst),2,30,34
1443104,2023-04-30,804,Dornbirn,Männer,35 bis 39 Jahre,B9999,unbestimmt (nur Pst),1,35,39
1443170,2023-04-30,805,Feldkirch,Frauen,bis 19 Jahre,B9999,unbestimmt (nur Pst),5,0,19
1443205,2023-04-30,805,Feldkirch,Frauen,20 bis 24 Jahre,B9999,unbestimmt (nur Pst),12,20,24
1443227,2023-04-30,805,Feldkirch,Frauen,25 bis 29 Jahre,B9999,unbestimmt (nur Pst),4,25,29
1443305,2023-04-30,805,Feldkirch,Frauen,45 bis 49 Jahre,B9999,unbestimmt (nur Pst),1,45,49
1443357,2023-04-30,805,Feldkirch,Männer,bis 19 Jahre,B9999,unbestimmt (nur Pst),9,0,19
1443391,2023-04-30,805,Feldkirch,Männer,20 bis 24 Jahre,B9999,unbestimmt (nur Pst),5,20,24
1443426,2023-04-30,805,Feldkirch,Männer,25 bis 29 Jahre,B9999,unbestimmt (nur Pst),1,25,29
1443459,2023-04-30,805,Feldkirch,Männer,35 bis 39 Jahre,B9999,unbestimmt (nur Pst),1,35,39
1444419,2023-04-30,959,Wien Hauffgasse,Männer,35 bis 39 Jahre,B9999,unbestimmt (nur Pst),1,35,39
1444758,2023-04-30,960,Wien Esteplatz,Frauen,45 bis 49 Jahre,B9999,unbestimmt (nur Pst),1,45,49
1445585,2023-04-30,962,Wien Redergasse,Männer,30 bis 34 Jahre,B9999,unbestimmt (nur Pst),1,30,34
1445973,2023-04-30,963,Wien Währinger Gürtel,Frauen,40 bis 44 Jahre,B9999,unbestimmt (nur Pst),1,40,44
1446031,2023-04-30,963,Wien Währinger Gürtel,Frauen,50 bis 54 Jahre,B9999,unbestimmt (nur Pst),1,50,54
1446094,2023-04-30,963,Wien Währinger Gürtel,Männer,25 bis 29 Jahre,B9999,unbestimmt (nur Pst),1,25,29
1447353,2023-04-30,965,Wien Schönbrunner Straße,Frauen,35 bis 39 Jahre,B9999,unbestimmt (nur Pst),1,35,39
1448002,2023-04-30,966,Wien Hietzinger Kai,Frauen,30 bis 34 Jahre,B9999,unbestimmt (nur Pst),1,30,34
1449044,2023-04-30,967,Wien Huttengasse,Männer,30 bis 34 Jahre,B9999,unbestimmt (nur Pst),1,30,34
1449194,2023-04-30,967,Wien Huttengasse,Männer,40 bis 44 Jahre,B9999,unbestimmt (nur Pst),1,40,44
1449445,2023-04-30,968,Wien Schloßhofer Straße,Frauen,30 bis 34 Jahre,B9999,unbestimmt (nur Pst),1,30,34
1449550,2023-04-30,968,Wien Schloßhofer Straße,Frauen,40 bis 44 Jahre,B9999,unbestimmt (nur Pst),2,40,44
1449762,2023-04-30,968,Wien Schloßhofer Straße,Männer,30 bis 34 Jahre,B9999,unbestimmt (nur Pst),1,30,34
1451580,2023-04-30,975,Wien Jäger Straße,Männer,30 bis 34 Jahre,B9999,unbestimmt (nur Pst),1,30,34
1451859,2023-04-30,976,Wien Jugendliche I,Frauen,bis 19 Jahre,B9999,unbestimmt (nur Pst),9,0,19
1451955,2023-04-30,976,Wien Jugendliche I,Frauen,20 bis 24 Jahre,B9999,unbestimmt (nur Pst),9,20,24
1452080,2023-04-30,976,Wien Jugendliche I,Männer,bis 19 Jahre,B9999,unbestimmt (nur Pst),11,0,19
1452229,2023-04-30,976,Wien Jugendliche I,Männer,20 bis 24 Jahre,B9999,unbestimmt (nur Pst),6,20,24
1452349,2023-04-30,977,Wien Jugendliche II,Frauen,bis 19 Jahre,B9999,unbestimmt (nur Pst),17,0,19
1452454,2023-04-30,977,Wien Jugendliche II,Frauen,20 bis 24 Jahre,B9999,unbestimmt (nur Pst),6,20,24
1452569,2023-04-30,977,Wien Jugendliche II,Männer,bis 19 Jahre,B9999,unbestimmt (nur Pst),13,0,19
1452710,2023-04-30,977,Wien Jugendliche II,Männer,20 bis 24 Jahre,B9999,unbestimmt (nur Pst),5,20,24
1452940,2023-05-31,102,Mattersburg,Frauen,bis 19 Jahre,B9999,unbestimmt (nur Pst),7,0,19
1452952,2023-05-31,102,Mattersburg,Frauen,20 bis 24 Jahre,B9999,unbestimmt (nur Pst),1,20,24
1452994,2023-05-31,102,Mattersburg,Frauen,45 bis 49 Jahre,B9999,unbestimmt (nur Pst),1,45,49
1453012,2023-05-31,102,Mattersburg,Männer,bis 19 Jahre,B9999,unbestimmt (nur Pst),5,0,19
1453073,2023-05-31,103,Neusiedl am See,Frauen,bis 19 Jahre,B9999,unbestimmt (nur Pst),1,0,19
1453083,2023-05-31,103,Neusiedl am See,Frauen,20 bis 24 Jahre,B9999,unbestimmt (nur Pst),1,20,24
1453154,2023-05-31,103,Neusiedl am See,Männer,bis 19 Jahre,B9999,unbestimmt (nur Pst),1,0,19
1453173,2023-05-31,103,Neusiedl am See,Männer,25 bis 29 Jahre,B9999,unbestimmt (nur Pst),1,25,29
1453370,2023-05-31,105,Oberwart,Frauen,bis 19 Jahre,B9999,unbestimmt (nur Pst),1,0,19
1453521,2023-05-31,105,Oberwart,Männer,bis 19 Jahre,B9999,unbestimmt (nur Pst),1,0,19
1453630,2023-05-31,106,Stegersbach,Frauen,bis 19 Jahre,B9999,unbestimmt (nur Pst),1,0,19
1453889,2023-05-31,201,Feldkirchen,Frauen,30 bis 34 Jahre,B9999,unbestimmt (nur Pst),1,30,34
1454004,2023-05-31,203,Klagenfurt,Frauen,bis 19 Jahre,B9999,unbestimmt (nur Pst),3,0,19
1454094,2023-05-31,203,Klagenfurt,Frauen,30 bis 34 Jahre,B9999,unbestimmt (nur Pst),1,30,34
1454128,2023-05-31,203,Klagenfurt,Frauen,35 bis 39 Jahre,B9999,unbestimmt (nur Pst),1,35,39
1454252,2023-05-31,203,Klagenfurt,Männer,bis 19 Jahre,B9999,unbestimmt (nur Pst),1,0,19
1454320,2023-05-31,203,Klagenfurt,Männer,25 bis 29 Jahre,B9999,unbestimmt (nur Pst),1,25,29
1454352,2023-05-31,203,Klagenfurt,Männer,35 bis 39 Jahre,B9999,unbestimmt (nur Pst),1,35,39
1454415,2023-05-31,203,Klagenfurt,Männer,60 bis 64 Jahre,B9999,unbestimmt (nur Pst),1,60,64
1454431,2023-05-31,204,Spittal/Drau,Frauen,bis 19 Jahre,B9999,unbestimmt (nur Pst),3,0,19
1454532,2023-05-31,204,Spittal/Drau,Männer,bis 19 Jahre,B9999,unbestimmt (nur Pst),3,0,19
1454915,2023-05-31,206,Villach,Frauen,40 bis 44 Jahre,B9999,unbestimmt (nur Pst),1,40,44
1455099,2023-05-31,206,Villach,Männer,40 bis 44 Jahre,B9999,unbestimmt (nur Pst),1,40,44
1455150,2023-05-31,207,Völkermarkt,Frauen,bis 19 Jahre,B9999,unbestimmt (nur Pst),2,0,19
1455189,2023-05-31,207,Völkermarkt,Frauen,30 bis 34 Jahre,B9999,unbestimmt (nur Pst),1,30,34
1455216,2023-05-31,207,Völkermarkt,Frauen,45 bis 49 Jahre,B9999,unbestimmt (nur Pst),1,45,49
1455244,2023-05-31,207,Völkermarkt,Männer,bis 19 Jahre,B9999,unbestimmt (nur Pst),1,0,19
1455275,2023-05-31,207,Völkermarkt,Männer,35 bis 39 Jahre,B9999,unbestimmt (nur Pst),1,35,39
1455407,2023-05-31,208,Wolfsberg,Männer,bis 19 Jahre,B9999,unbestimmt (nur Pst),2,0,19
1455481,2023-05-31,301,Amstetten,Frauen,bis 19 Jahre,B9999,unbestimmt (nur Pst),6,0,19
1455502,2023-05-31,301,Amstetten,Frauen,20 bis 24 Jahre,B9999,unbestimmt (nur Pst),1,20,24
1455524,2023-05-31,301,Amstetten,Frauen,25 bis 29 Jahre,B9999,unbestimmt (nur Pst),1,25,29
1455546,2023-05-31,301,Amstetten,Frauen,30 bis 34 Jahre,B9999,unbestimmt (nur Pst),1,30,34
1455640,2023-05-31,301,Amstetten,Männer,bis 19 Jahre,B9999,unbestimmt (nur Pst),12,0,19
1455661,2023-05-31,301,Amstetten,Männer,20 bis 24 Jahre,B9999,unbestimmt (nur Pst),6,20,24
1455679,2023-05-31,301,Amstetten,Männer,25 bis 29 Jahre,B9999,unbestimmt (nur Pst),1,25,29
1455717,2023-05-31,301,Amstetten,Männer,35 bis 39 Jahre,B9999,unbestimmt (nur Pst),1,35,39
1455793,2023-05-31,304,Baden neu,Frauen,bis 19 Jahre,B9999,unbestimmt (nur Pst),4,0,19
1455827,2023-05-31,304,Baden neu,Frauen,20 bis 24 Jahre,B9999,unbestimmt (nur Pst),1,20,24
1455852,2023-05-31,304,Baden neu,Frauen,25 bis 29 Jahre,B9999,unbestimmt (nur Pst),3,25,29
1456003,2023-05-31,304,Baden neu,Männer,bis 19 Jahre,B9999,unbestimmt (nur Pst),2,0,19
1456051,2023-05-31,304,Baden neu,Männer,20 bis 24 Jahre,B9999,unbestimmt (nur Pst),2,20,24
1456173,2023-05-31,306,Bruck/Leitha,Frauen,bis 19 Jahre,B9999,unbestimmt (nur Pst),1,0,19
1456192,2023-05-31,306,Bruck/Leitha,Frauen,20 bis 24 Jahre,B9999,unbestimmt (nur Pst),1,20,24
1456205,2023-05-31,306,Bruck/Leitha,Frauen,30 bis 34 Jahre,B9999,unbestimmt (nur Pst),1,30,34
1456276,2023-05-31,306,Bruck/Leitha,Männer,20 bis 24 Jahre,B9999,unbestimmt (nur Pst),1,20,24
1456337,2023-05-31,308,Gänserndorf,Frauen,bis 19 Jahre,B9999,unbestimmt (nur Pst),4,0,19
1456361,2023-05-31,308,Gänserndorf,Frauen,20 bis 24 Jahre,B9999,unbestimmt (nur Pst),1,20,24
1456381,2023-05-31,308,Gänserndorf,Frauen,25 bis 29 Jahre,B9999,unbestimmt (nur Pst),1,25,29
1456529,2023-05-31,308,Gänserndorf,Männer,bis 19 Jahre,B9999,unbestimmt (nur Pst),5,0,19
1456564,2023-05-31,308,Gänserndorf,Männer,20 bis 24 Jahre,B9999,unbestimmt (nur Pst),1,20,24
1456735,2023-05-31,311,Gmünd,Männer,bis 19 Jahre,B9999,unbestimmt (nur Pst),4,0,19
1456788,2023-05-31,312,Hollabrunn,Frauen,bis 19 Jahre,B9999,unbestimmt (nur Pst),4,0,19
1456803,2023-05-31,312,Hollabrunn,Frauen,20 bis 24 Jahre,B9999,unbestimmt (nur Pst),2,20,24
1456891,2023-05-31,312,Hollabrunn,Männer,bis 19 Jahre,B9999,unbestimmt (nur Pst),1,0,19
1456959,2023-05-31,312,Hollabrunn,Männer,55 bis 59 Jahre,B9999,unbestimmt (nur Pst),1,55,59
1456978,2023-05-31,313,Horn,Frauen,20 bis 24 Jahre,B9999,unbestimmt (nur Pst),2,20,24
1457063,2023-05-31,314,Korneuburg,Frauen,bis 19 Jahre,B9999,unbestimmt (nur Pst),2,0,19
1457101,2023-05-31,314,Korneuburg,Frauen,25 bis 29 Jahre,B9999,unbestimmt (nur Pst),1,25,29
1457249,2023-05-31,314,Korneuburg,Männer,20 bis 24 Jahre,B9999,unbestimmt (nur Pst),1,20,24
1457351,2023-05-31,315,Krems,Frauen,bis 19 Jahre,B9999,unbestimmt (nur Pst),3,0,19
1457378,2023-05-31,315,Krems,Frauen,20 bis 24 Jahre,B9999,unbestimmt (nur Pst),2,20,24
1457415,2023-05-31,315,Krems,Frauen,30 bis 34 Jahre,B9999,unbestimmt (nur Pst),1,30,34
1457500,2023-05-31,315,Krems,Männer,bis 19 Jahre,B9999,unbestimmt (nur Pst),2,0,19
1457583,2023-05-31,315,Krems,Männer,45 bis 49 Jahre,B9999,unbestimmt (nur Pst),1,45,49
1457621,2023-05-31,316,Lilienfeld,Frauen,20 bis 24 Jahre,B9999,unbestimmt (nur Pst),1,20,24
1457655,2023-05-31,316,Lilienfeld,Frauen,50 bis 54 Jahre,B9999,unbestimmt (nur Pst),1,50,54
1457670,2023-05-31,316,Lilienfeld,Männer,bis 19 Jahre,B9999,unbestimmt (nur Pst),1,0,19
1457724,2023-05-31,317,Melk,Frauen,bis 19 Jahre,B9999,unbestimmt (nur Pst),2,0,19
1457739,2023-05-31,317,Melk,Frauen,20 bis 24 Jahre,B9999,unbestimmt (nur Pst),2,20,24
1457778,2023-05-31,317,Melk,Frauen,35 bis 39 Jahre,B9999,unbestimmt (nur Pst),1,35,39
1457847,2023-05-31,317,Melk,Männer,bis 19 Jahre,B9999,unbestimmt (nur Pst),1,0,19
1457930,2023-05-31,319,Mistelbach,Frauen,bis 19 Jahre,B9999,unbestimmt (nur Pst),1,0,19
1457990,2023-05-31,319,Mistelbach,Frauen,35 bis 39 Jahre,B9999,unbestimmt (nur Pst),1,35,39
1458008,2023-05-31,319,Mistelbach,Frauen,40 bis 44 Jahre,B9999,unbestimmt (nur Pst),1,40,44
1458056,2023-05-31,319,Mistelbach,Männer,bis 19 Jahre,B9999,unbestimmt (nur Pst),1,0,19
1458146,2023-05-31,321,Mödling,Frauen,bis 19 Jahre,B9999,unbestimmt (nur Pst),3,0,19
1458164,2023-05-31,321,Mödling,Frauen,20 bis 24 Jahre,B9999,unbestimmt (nur Pst),1,20,24
1458303,2023-05-31,321,Mödling,Männer,bis 19 Jahre,B9999,unbestimmt (nur Pst),12,0,19
1458596,2023-05-31,323,Neunkirchen,Männer,bis 19 Jahre,B9999,unbestimmt (nur Pst),1,0,19
1458738,2023-05-31,326,St. Pölten,Frauen,bis 19 Jahre,B9999,unbestimmt (nur Pst),14,0,19
1458774,2023-05-31,326,St. Pölten,Frauen,20 bis 24 Jahre,B9999,unbestimmt (nur Pst),1,20,24
1458838,2023-05-31,326,St. Pölten,Frauen,30 bis 34 Jahre,B9999,unbestimmt (nur Pst),1,30,34
1458907,2023-05-31,326,St. Pölten,Frauen,40 bis 44 Jahre,B9999,unbestimmt (nur Pst),1,40,44
1458935,2023-05-31,326,St. Pölten,Frauen,45 bis 49 Jahre,B9999,unbestimmt (nur Pst),3,45,49
1458961,2023-05-31,326,St. Pölten,Frauen,50 bis 54 Jahre,B9999,unbestimmt (nur Pst),2,50,54
1459009,2023-05-31,326,St. Pölten,Männer,bis 19 Jahre,B9999,unbestimmt (nur Pst),14,0,19
1459047,2023-05-31,326,St. Pölten,Männer,20 bis 24 Jahre,B9999,unbestimmt (nur Pst),7,20,24
1459070,2023-05-31,326,St. Pölten,Männer,25 bis 29 Jahre,B9999,unbestimmt (nur Pst),1,25,29
1459160,2023-05-31,326,St. Pölten,Männer,40 bis 44 Jahre,B9999,unbestimmt (nur Pst),1,40,44
1459392,2023-05-31,329,Schwechat,Frauen,20 bis 24 Jahre,B9999,unbestimmt (nur Pst),1,20,24
1459485,2023-05-31,329,Schwechat,Männer,bis 19 Jahre,B9999,unbestimmt (nur Pst),4,0,19
1459582,2023-05-31,331,Tulln,Frauen,bis 19 Jahre,B9999,unbestimmt (nur Pst),6,0,19
1459602,2023-05-31,331,Tulln,Frauen,20 bis 24 Jahre,B9999,unbestimmt (nur Pst),3,20,24
1459644,2023-05-31,331,Tulln,Frauen,30 bis 34 Jahre,B9999,unbestimmt (nur Pst),1,30,34
1459747,2023-05-31,331,Tulln,Männer,bis 19 Jahre,B9999,unbestimmt (nur Pst),3,0,19
1459770,2023-05-31,331,Tulln,Männer,20 bis 24 Jahre,B9999,unbestimmt (nur Pst),1,20,24
1459800,2023-05-31,331,Tulln,Männer,30 bis 34 Jahre,B9999,unbestimmt (nur Pst),1,30,34
1459861,2023-05-31,332,Waidhofen/Thaya,Frauen,bis 19 Jahre,B9999,unbestimmt (nur Pst),2,0,19
1459876,2023-05-31,332,Waidhofen/Thaya,Frauen,20 bis 24 Jahre,B9999,unbestimmt (nur Pst),1,20,24
1459922,2023-05-31,332,Waidhofen/Thaya,Männer,bis 19 Jahre,B9999,unbestimmt (nur Pst),2,0,19
1459937,2023-05-31,332,Waidhofen/Thaya,Männer,20 bis 24 Jahre,B9999,unbestimmt (nur Pst),1,20,24
1460021,2023-05-31,333,Waidhofen/Ybbs,Männer,bis 19 Jahre,B9999,unbestimmt (nur Pst),2,0,19
1460072,2023-05-31,334,Wr. Neustadt,Frauen,bis 19 Jahre,B9999,unbestimmt (nur Pst),5,0,19
1460103,2023-05-31,334,Wr. Neustadt,Frauen,20 bis 24 Jahre,B9999,unbestimmt (nur Pst),2,20,24
1460278,2023-05-31,334,Wr. Neustadt,Männer,bis 19 Jahre,B9999,unbestimmt (nur Pst),5,0,19
1460525,2023-05-31,335,Zwettl,Männer,bis 19 Jahre,B9999,unbestimmt (nur Pst),1,0,19
1460546,2023-05-31,335,Zwettl,Männer,30 bis 34 Jahre,B9999,unbestimmt (nur Pst),1,30,34
1460578,2023-05-31,401,Braunau,Frauen,bis 19 Jahre,B9999,unbestimmt (nur Pst),12,0,19
1460603,2023-05-31,401,Braunau,Frauen,20 bis 24 Jahre,B9999,unbestimmt (nur Pst),9,20,24
1460629,2023-05-31,401,Braunau,Frauen,25 bis 29 Jahre,B9999,unbestimmt (nur Pst),4,25,29
1460655,2023-05-31,401,Braunau,Frauen,30 bis 34 Jahre,B9999,unbestimmt (nur Pst),7,30,34
1460679,2023-05-31,401,Braunau,Frauen,35 bis 39 Jahre,B9999,unbestimmt (nur Pst),1,35,39
1460702,2023-05-31,401,Braunau,Frauen,40 bis 44 Jahre,B9999,unbestimmt (nur Pst),1,40,44
1460719,2023-05-31,401,Braunau,Frauen,45 bis 49 Jahre,B9999,unbestimmt (nur Pst),1,45,49
1460738,2023-05-31,401,Braunau,Frauen,50 bis 54 Jahre,B9999,unbestimmt (nur Pst),2,50,54
1460770,2023-05-31,401,Braunau,Männer,bis 19 Jahre,B9999,unbestimmt (nur Pst),16,0,19
1460800,2023-05-31,401,Braunau,Männer,20 bis 24 Jahre,B9999,unbestimmt (nur Pst),4,20,24
1460823,2023-05-31,401,Braunau,Männer,25 bis 29 Jahre,B9999,unbestimmt (nur Pst),2,25,29
1460841,2023-05-31,401,Braunau,Männer,30 bis 34 Jahre,B9999,unbestimmt (nur Pst),1,30,34
1460873,2023-05-31,401,Braunau,Männer,40 bis 44 Jahre,B9999,unbestimmt (nur Pst),1,40,44
1460890,2023-05-31,401,Braunau,Männer,45 bis 49 Jahre,B9999,unbestimmt (nur Pst),1,45,49
1460933,2023-05-31,402,Eferding,Frauen,25 bis 29 Jahre,B9999,unbestimmt (nur Pst),1,25,29
1460939,2023-05-31,402,Eferding,Frauen,30 bis 34 Jahre,B9999,unbestimmt (nur Pst),2,30,34
1460946,2023-05-31,402,Eferding,Frauen,35 bis 39 Jahre,B9999,unbestimmt (nur Pst),1,35,39
1460957,2023-05-31,402,Eferding,Frauen,40 bis 44 Jahre,B9999,unbestimmt (nur Pst),1,40,44
1460968,2023-05-31,402,Eferding,Frauen,45 bis 49 Jahre,B9999,unbestimmt (nur Pst),1,45,49
1460977,2023-05-31,402,Eferding,Frauen,55 bis 59 Jahre,B9999,unbestimmt (nur Pst),1,55,59
1460979,2023-05-31,402,Eferding,Frauen,60 bis 64 Jahre,B9999,unbestimmt (nur Pst),1,60,64
1460980,2023-05-31,402,Eferding,Frauen,65 Jahre und älter,B9999,unbestimmt (nur Pst),1,65,99
1461041,2023-05-31,403,Freistadt,Frauen,bis 19 Jahre,B9999,unbestimmt (nur Pst),1,0,19
1461063,2023-05-31,403,Freistadt,Frauen,20 bis 24 Jahre,B9999,unbestimmt (nur Pst),2,20,24
1461077,2023-05-31,403,Freistadt,Frauen,25 bis 29 Jahre,B9999,unbestimmt (nur Pst),1,25,29
1461204,2023-05-31,403,Freistadt,Männer,25 bis 29 Jahre,B9999,unbestimmt (nur Pst),1,25,29
1461278,2023-05-31,404,Gmunden,Frauen,bis 19 Jahre,B9999,unbestimmt (nur Pst),6,0,19
1461318,2023-05-31,404,Gmunden,Frauen,25 bis 29 Jahre,B9999,unbestimmt (nur Pst),1,25,29
1461445,2023-05-31,404,Gmunden,Männer,bis 19 Jahre,B9999,unbestimmt (nur Pst),2,0,19
1461582,2023-05-31,406,Grieskirchen,Frauen,bis 19 Jahre,B9999,unbestimmt (nur Pst),1,0,19
1461604,2023-05-31,406,Grieskirchen,Frauen,20 bis 24 Jahre,B9999,unbestimmt (nur Pst),1,20,24
1461624,2023-05-31,406,Grieskirchen,Frauen,25 bis 29 Jahre,B9999,unbestimmt (nur Pst),1,25,29
1461642,2023-05-31,406,Grieskirchen,Frauen,30 bis 34 Jahre,B9999,unbestimmt (nur Pst),2,30,34
1461679,2023-05-31,406,Grieskirchen,Frauen,40 bis 44 Jahre,B9999,unbestimmt (nur Pst),1,40,44
1461713,2023-05-31,406,Grieskirchen,Männer,bis 19 Jahre,B9999,unbestimmt (nur Pst),3,0,19
1461770,2023-05-31,406,Grieskirchen,Männer,35 bis 39 Jahre,B9999,unbestimmt (nur Pst),1,35,39
1461805,2023-05-31,407,Kirchdorf/Krems,Frauen,bis 19 Jahre,B9999,unbestimmt (nur Pst),3,0,19
1461892,2023-05-31,407,Kirchdorf/Krems,Frauen,50 bis 54 Jahre,B9999,unbestimmt (nur Pst),1,50,54
1461910,2023-05-31,407,Kirchdorf/Krems,Männer,bis 19 Jahre,B9999,unbestimmt (nur Pst),4,0,19
1461942,2023-05-31,407,Kirchdorf/Krems,Männer,25 bis 29 Jahre,B9999,unbestimmt (nur Pst),1,25,29
1462024,2023-05-31,409,Linz neu,Frauen,bis 19 Jahre,B9999,unbestimmt (nur Pst),27,0,19
1462066,2023-05-31,409,Linz neu,Frauen,20 bis 24 Jahre,B9999,unbestimmt (nur Pst),19,20,24
1462120,2023-05-31,409,Linz neu,Frauen,25 bis 29 Jahre,B9999,unbestimmt (nur Pst),4,25,29
1462168,2023-05-31,409,Linz neu,Frauen,30 bis 34 Jahre,B9999,unbestimmt (nur Pst),3,30,34
1462218,2023-05-31,409,Linz neu,Frauen,35 bis 39 Jahre,B9999,unbestimmt (nur Pst),5,35,39
1462272,2023-05-31,409,Linz neu,Frauen,40 bis 44 Jahre,B9999,unbestimmt (nur Pst),4,40,44
1462314,2023-05-31,409,Linz neu,Frauen,45 bis 49 Jahre,B9999,unbestimmt (nur Pst),3,45,49
1462342,2023-05-31,409,Linz neu,Frauen,50 bis 54 Jahre,B9999,unbestimmt (nur Pst),1,50,54
1462361,2023-05-31,409,Linz neu,Frauen,55 bis 59 Jahre,B9999,unbestimmt (nur Pst),1,55,59
1462404,2023-05-31,409,Linz neu,Männer,bis 19 Jahre,B9999,unbestimmt (nur Pst),39,0,19
1462464,2023-05-31,409,Linz neu,Männer,20 bis 24 Jahre,B9999,unbestimmt (nur Pst),17,20,24
1462524,2023-05-31,409,Linz neu,Männer,25 bis 29 Jahre,B9999,unbestimmt (nur Pst),4,25,29
1462623,2023-05-31,409,Linz neu,Männer,35 bis 39 Jahre,B9999,unbestimmt (nur Pst),2,35,39
1462664,2023-05-31,409,Linz neu,Männer,40 bis 44 Jahre,B9999,unbestimmt (nur Pst),2,40,44
1462750,2023-05-31,409,Linz neu,Männer,55 bis 59 Jahre,B9999,unbestimmt (nur Pst),1,55,59
1462760,2023-05-31,409,Linz neu,Männer,60 bis 64 Jahre,B9999,unbestimmt (nur Pst),1,60,64
1462773,2023-05-31,411,Perg,Frauen,bis 19 Jahre,B9999,unbestimmt (nur Pst),1,0,19
1462889,2023-05-31,411,Perg,Männer,bis 19 Jahre,B9999,unbestimmt (nur Pst),2,0,19
1462911,2023-05-31,411,Perg,Männer,20 bis 24 Jahre,B9999,unbestimmt (nur Pst),2,20,24
1463011,2023-05-31,412,Ried im Innkreis,Frauen,bis 19 Jahre,B9999,unbestimmt (nur Pst),10,0,19
1463046,2023-05-31,412,Ried im Innkreis,Frauen,25 bis 29 Jahre,B9999,unbestimmt (nur Pst),3,25,29
1463062,2023-05-31,412,Ried im Innkreis,Frauen,30 bis 34 Jahre,B9999,unbestimmt (nur Pst),2,30,34
1463083,2023-05-31,412,Ried im Innkreis,Frauen,35 bis 39 Jahre,B9999,unbestimmt (nur Pst),1,35,39
1463097,2023-05-31,412,Ried im Innkreis,Frauen,40 bis 44 Jahre,B9999,unbestimmt (nur Pst),3,40,44
1463116,2023-05-31,412,Ried im Innkreis,Frauen,50 bis 54 Jahre,B9999,unbestimmt (nur Pst),3,50,54
1463138,2023-05-31,412,Ried im Innkreis,Männer,bis 19 Jahre,B9999,unbestimmt (nur Pst),6,0,19
1463273,2023-05-31,413,Rohrbach,Frauen,35 bis 39 Jahre,B9999,unbestimmt (nur Pst),1,35,39
1463309,2023-05-31,413,Rohrbach,Frauen,55 bis 59 Jahre,B9999,unbestimmt (nur Pst),1,55,59
1463312,2023-05-31,413,Rohrbach,Frauen,60 bis 64 Jahre,B9999,unbestimmt (nur Pst),1,60,64
1463319,2023-05-31,413,Rohrbach,Männer,bis 19 Jahre,B9999,unbestimmt (nur Pst),1,0,19
1463371,2023-05-31,413,Rohrbach,Männer,50 bis 54 Jahre,B9999,unbestimmt (nur Pst),1,50,54
1463389,2023-05-31,414,Schärding,Frauen,bis 19 Jahre,B9999,unbestimmt (nur Pst),2,0,19
1463404,2023-05-31,414,Schärding,Frauen,20 bis 24 Jahre,B9999,unbestimmt (nur Pst),3,20,24
1463437,2023-05-31,414,Schärding,Frauen,35 bis 39 Jahre,B9999,unbestimmt (nur Pst),1,35,39
1463510,2023-05-31,414,Schärding,Männer,35 bis 39 Jahre,B9999,unbestimmt (nur Pst),1,35,39
1463549,2023-05-31,415,Steyr,Frauen,bis 19 Jahre,B9999,unbestimmt (nur Pst),16,0,19
1463577,2023-05-31,415,Steyr,Frauen,20 bis 24 Jahre,B9999,unbestimmt (nur Pst),4,20,24
1463601,2023-05-31,415,Steyr,Frauen,25 bis 29 Jahre,B9999,unbestimmt (nur Pst),1,25,29
1463626,2023-05-31,415,Steyr,Frauen,30 bis 34 Jahre,B9999,unbestimmt (nur Pst),1,30,34
1463657,2023-05-31,415,Steyr,Frauen,35 bis 39 Jahre,B9999,unbestimmt (nur Pst),1,35,39
1463717,2023-05-31,415,Steyr,Frauen,60 bis 64 Jahre,B9999,unbestimmt (nur Pst),1,60,64
1463744,2023-05-31,415,Steyr,Männer,bis 19 Jahre,B9999,unbestimmt (nur Pst),13,0,19
1463771,2023-05-31,415,Steyr,Männer,20 bis 24 Jahre,B9999,unbestimmt (nur Pst),5,20,24
1463803,2023-05-31,415,Steyr,Männer,25 bis 29 Jahre,B9999,unbestimmt (nur Pst),5,25,29
1463935,2023-05-31,418,Vöcklabruck,Frauen,bis 19 Jahre,B9999,unbestimmt (nur Pst),4,0,19
1463961,2023-05-31,418,Vöcklabruck,Frauen,20 bis 24 Jahre,B9999,unbestimmt (nur Pst),2,20,24
1463986,2023-05-31,418,Vöcklabruck,Frauen,25 bis 29 Jahre,B9999,unbestimmt (nur Pst),1,25,29
1464117,2023-05-31,418,Vöcklabruck,Männer,bis 19 Jahre,B9999,unbestimmt (nur Pst),2,0,19
1464149,2023-05-31,418,Vöcklabruck,Männer,20 bis 24 Jahre,B9999,unbestimmt (nur Pst),2,20,24
1464170,2023-05-31,418,Vöcklabruck,Männer,25 bis 29 Jahre,B9999,unbestimmt (nur Pst),1,25,29
1464320,2023-05-31,419,Wels,Frauen,20 bis 24 Jahre,B9999,unbestimmt (nur Pst),1,20,24
1464445,2023-05-31,419,Wels,Frauen,45 bis 49 Jahre,B9999,unbestimmt (nur Pst),1,45,49
1464513,2023-05-31,419,Wels,Männer,bis 19 Jahre,B9999,unbestimmt (nur Pst),1,0,19
1464589,2023-05-31,419,Wels,Männer,30 bis 34 Jahre,B9999,unbestimmt (nur Pst),1,30,34
1464631,2023-05-31,419,Wels,Männer,40 bis 44 Jahre,B9999,unbestimmt (nur Pst),1,40,44
1464741,2023-05-31,421,Traun,Frauen,20 bis 24 Jahre,B9999,unbestimmt (nur Pst),2,20,24
1464815,2023-05-31,421,Traun,Frauen,35 bis 39 Jahre,B9999,unbestimmt (nur Pst),1,35,39
1464863,2023-05-31,421,Traun,Frauen,45 bis 49 Jahre,B9999,unbestimmt (nur Pst),1,45,49
1464935,2023-05-31,421,Traun,Männer,bis 19 Jahre,B9999,unbestimmt (nur Pst),2,0,19
1464998,2023-05-31,421,Traun,Männer,25 bis 29 Jahre,B9999,unbestimmt (nur Pst),1,25,29
1465110,2023-05-31,421,Traun,Männer,50 bis 54 Jahre,B9999,unbestimmt (nur Pst),1,50,54
1466463,2023-05-31,601,Bruck/Mur,Frauen,bis 19 Jahre,B9999,unbestimmt (nur Pst),5,0,19
1466509,2023-05-31,601,Bruck/Mur,Frauen,30 bis 34 Jahre,B9999,unbestimmt (nur Pst),1,30,34
1466587,2023-05-31,601,Bruck/Mur,Männer,bis 19 Jahre,B9999,unbestimmt (nur Pst),5,0,19
1466709,2023-05-31,603,Deutschlandsberg,Frauen,bis 19 Jahre,B9999,unbestimmt (nur Pst),2,0,19
1466726,2023-05-31,603,Deutschlandsberg,Frauen,20 bis 24 Jahre,B9999,unbestimmt (nur Pst),1,20,24
1466953,2023-05-31,604,Feldbach,Frauen,20 bis 24 Jahre,B9999,unbestimmt (nur Pst),1,20,24
1467085,2023-05-31,604,Feldbach,Männer,bis 19 Jahre,B9999,unbestimmt (nur Pst),1,0,19
1467206,2023-05-31,606,Gleisdorf,Frauen,bis 19 Jahre,B9999,unbestimmt (nur Pst),2,0,19
1467222,2023-05-31,606,Gleisdorf,Frauen,20 bis 24 Jahre,B9999,unbestimmt (nur Pst),2,20,24
1467303,2023-05-31,606,Gleisdorf,Männer,bis 19 Jahre,B9999,unbestimmt (nur Pst),1,0,19
1467312,2023-05-31,606,Gleisdorf,Männer,20 bis 24 Jahre,B9999,unbestimmt (nur Pst),1,20,24
1467528,2023-05-31,609,Hartberg,Männer,bis 19 Jahre,B9999,unbestimmt (nur Pst),1,0,19
1467608,2023-05-31,609,Hartberg,Männer,40 bis 44 Jahre,B9999,unbestimmt (nur Pst),1,40,44
1467751,2023-05-31,610,Judenburg,Frauen,45 bis 49 Jahre,B9999,unbestimmt (nur Pst),1,45,49
1467761,2023-05-31,610,Judenburg,Frauen,50 bis 54 Jahre,B9999,unbestimmt (nur Pst),1,50,54
1467828,2023-05-31,610,Judenburg,Männer,30 bis 34 Jahre,B9999,unbestimmt (nur Pst),1,30,34
1467880,2023-05-31,611,Murau,Frauen,20 bis 24 Jahre,B9999,unbestimmt (nur Pst),2,20,24
1467952,2023-05-31,614,Leibnitz,Frauen,bis 19 Jahre,B9999,unbestimmt (nur Pst),3,0,19
1467987,2023-05-31,614,Leibnitz,Frauen,20 bis 24 Jahre,B9999,unbestimmt (nur Pst),1,20,24
1468009,2023-05-31,614,Leibnitz,Frauen,25 bis 29 Jahre,B9999,unbestimmt (nur Pst),1,25,29
1468263,2023-05-31,616,Leoben,Frauen,bis 19 Jahre,B9999,unbestimmt (nur Pst),2,0,19
1468347,2023-05-31,616,Leoben,Frauen,40 bis 44 Jahre,B9999,unbestimmt (nur Pst),1,40,44
1468401,2023-05-31,616,Leoben,Männer,bis 19 Jahre,B9999,unbestimmt (nur Pst),1,0,19
1468730,2023-05-31,621,Mürzzuschlag,Frauen,bis 19 Jahre,B9999,unbestimmt (nur Pst),2,0,19
1468741,2023-05-31,621,Mürzzuschlag,Frauen,20 bis 24 Jahre,B9999,unbestimmt (nur Pst),1,20,24
1468780,2023-05-31,621,Mürzzuschlag,Frauen,40 bis 44 Jahre,B9999,unbestimmt (nur Pst),1,40,44
1468808,2023-05-31,621,Mürzzuschlag,Männer,bis 19 Jahre,B9999,unbestimmt (nur Pst),4,0,19
1468861,2023-05-31,621,Mürzzuschlag,Männer,50 bis 54 Jahre,B9999,unbestimmt (nur Pst),1,50,54
1468881,2023-05-31,622,Voitsberg,Frauen,bis 19 Jahre,B9999,unbestimmt (nur Pst),2,0,19
1469010,2023-05-31,622,Voitsberg,Männer,bis 19 Jahre,B9999,unbestimmt (nur Pst),2,0,19
1469105,2023-05-31,623,Weiz,Frauen,20 bis 24 Jahre,B9999,unbestimmt (nur Pst),1,20,24
1469111,2023-05-31,623,Weiz,Frauen,25 bis 29 Jahre,B9999,unbestimmt (nur Pst),1,25,29
1469120,2023-05-31,623,Weiz,Frauen,30 bis 34 Jahre,B9999,unbestimmt (nur Pst),2,30,34
1469134,2023-05-31,623,Weiz,Frauen,40 bis 44 Jahre,B9999,unbestimmt (nur Pst),1,40,44
1469142,2023-05-31,623,Weiz,Frauen,45 bis 49 Jahre,B9999,unbestimmt (nur Pst),1,45,49
1469165,2023-05-31,623,Weiz,Männer,bis 19 Jahre,B9999,unbestimmt (nur Pst),1,0,19
1469191,2023-05-31,623,Weiz,Männer,30 bis 34 Jahre,B9999,unbestimmt (nur Pst),1,30,34
1469203,2023-05-31,623,Weiz,Männer,40 bis 44 Jahre,B9999,unbestimmt (nur Pst),1,40,44
1469207,2023-05-31,623,Weiz,Männer,45 bis 49 Jahre,B9999,unbestimmt (nur Pst),1,45,49
1469210,2023-05-31,623,Weiz,Männer,50 bis 54 Jahre,B9999,unbestimmt (nur Pst),1,50,54
1469268,2023-05-31,630,Graz-West und Umgebung,Frauen,bis 19 Jahre,B9999,unbestimmt (nur Pst),14,0,19
1469322,2023-05-31,630,Graz-West und Umgebung,Frauen,20 bis 24 Jahre,B9999,unbestimmt (nur Pst),3,20,24
1469492,2023-05-31,630,Graz-West und Umgebung,Frauen,35 bis 39 Jahre,B9999,unbestimmt (nur Pst),1,35,39
1469580,2023-05-31,630,Graz-West und Umgebung,Frauen,45 bis 49 Jahre,B9999,unbestimmt (nur Pst),3,45,49
1469636,2023-05-31,630,Graz-West und Umgebung,Frauen,55 bis 59 Jahre,B9999,unbestimmt (nur Pst),1,55,59
1469692,2023-05-31,630,Graz-West und Umgebung,Männer,bis 19 Jahre,B9999,unbestimmt (nur Pst),16,0,19
1469759,2023-05-31,630,Graz-West und Umgebung,Männer,20 bis 24 Jahre,B9999,unbestimmt (nur Pst),1,20,24
1469816,2023-05-31,630,Graz-West und Umgebung,Männer,25 bis 29 Jahre,B9999,unbestimmt (nur Pst),1,25,29
1470035,2023-05-31,630,Graz-West und Umgebung,Männer,60 bis 64 Jahre,B9999,unbestimmt (nur Pst),1,60,64
1470061,2023-05-31,631,Graz-Ost,Frauen,bis 19 Jahre,B9999,unbestimmt (nur Pst),2,0,19
1470095,2023-05-31,631,Graz-Ost,Frauen,20 bis 24 Jahre,B9999,unbestimmt (nur Pst),2,20,24
1470320,2023-05-31,631,Graz-Ost,Frauen,50 bis 54 Jahre,B9999,unbestimmt (nur Pst),1,50,54
1470370,2023-05-31,631,Graz-Ost,Männer,bis 19 Jahre,B9999,unbestimmt (nur Pst),3,0,19
1470414,2023-05-31,631,Graz-Ost,Männer,20 bis 24 Jahre,B9999,unbestimmt (nur Pst),1,20,24
1470771,2023-05-31,702,Innsbruck,Frauen,25 bis 29 Jahre,B9999,unbestimmt (nur Pst),1,25,29
1470806,2023-05-31,702,Innsbruck,Frauen,30 bis 34 Jahre,B9999,unbestimmt (nur Pst),1,30,34
1470843,2023-05-31,702,Innsbruck,Frauen,35 bis 39 Jahre,B9999,unbestimmt (nur Pst),1,35,39
1470869,2023-05-31,702,Innsbruck,Frauen,40 bis 44 Jahre,B9999,unbestimmt (nur Pst),1,40,44
1470893,2023-05-31,702,Innsbruck,Frauen,45 bis 49 Jahre,B9999,unbestimmt (nur Pst),1,45,49
1471041,2023-05-31,702,Innsbruck,Männer,25 bis 29 Jahre,B9999,unbestimmt (nur Pst),3,25,29
1471100,2023-05-31,702,Innsbruck,Männer,35 bis 39 Jahre,B9999,unbestimmt (nur Pst),1,35,39
1471145,2023-05-31,702,Innsbruck,Männer,45 bis 49 Jahre,B9999,unbestimmt (nur Pst),1,45,49
1471220,2023-05-31,704,Kitzbühel,Frauen,30 bis 34 Jahre,B9999,unbestimmt (nur Pst),1,30,34
1471294,2023-05-31,704,Kitzbühel,Männer,55 bis 59 Jahre,B9999,unbestimmt (nur Pst),1,55,59
1471307,2023-05-31,705,Kufstein,Frauen,bis 19 Jahre,B9999,unbestimmt (nur Pst),5,0,19
1471365,2023-05-31,705,Kufstein,Frauen,35 bis 39 Jahre,B9999,unbestimmt (nur Pst),1,35,39
1471394,2023-05-31,705,Kufstein,Frauen,45 bis 49 Jahre,B9999,unbestimmt (nur Pst),1,45,49
1471433,2023-05-31,705,Kufstein,Männer,bis 19 Jahre,B9999,unbestimmt (nur Pst),4,0,19
1471455,2023-05-31,705,Kufstein,Männer,20 bis 24 Jahre,B9999,unbestimmt (nur Pst),1,20,24
1471486,2023-05-31,705,Kufstein,Männer,30 bis 34 Jahre,B9999,unbestimmt (nur Pst),1,30,34
1471541,2023-05-31,706,Landeck,Frauen,bis 19 Jahre,B9999,unbestimmt (nur Pst),1,0,19
1471597,2023-05-31,706,Landeck,Männer,bis 19 Jahre,B9999,unbestimmt (nur Pst),1,0,19
1471780,2023-05-31,709,Schwaz,Frauen,bis 19 Jahre,B9999,unbestimmt (nur Pst),3,0,19
1471795,2023-05-31,709,Schwaz,Frauen,20 bis 24 Jahre,B9999,unbestimmt (nur Pst),1,20,24
1471868,2023-05-31,709,Schwaz,Männer,bis 19 Jahre,B9999,unbestimmt (nur Pst),1,0,19
1471970,2023-05-31,801,Bludenz,Frauen,20 bis 24 Jahre,B9999,unbestimmt (nur Pst),2,20,24
1471989,2023-05-31,801,Bludenz,Frauen,25 bis 29 Jahre,B9999,unbestimmt (nur Pst),1,25,29
1472086,2023-05-31,801,Bludenz,Männer,bis 19 Jahre,B9999,unbestimmt (nur Pst),2,0,19
1472103,2023-05-31,801,Bludenz,Männer,20 bis 24 Jahre,B9999,unbestimmt (nur Pst),2,20,24
1472206,2023-05-31,802,Bregenz,Frauen,20 bis 24 Jahre,B9999,unbestimmt (nur Pst),3,20,24
1472235,2023-05-31,802,Bregenz,Frauen,25 bis 29 Jahre,B9999,unbestimmt (nur Pst),1,25,29
1472408,2023-05-31,802,Bregenz,Männer,20 bis 24 Jahre,B9999,unbestimmt (nur Pst),1,20,24
1472484,2023-05-31,802,Bregenz,Männer,35 bis 39 Jahre,B9999,unbestimmt (nur Pst),1,35,39
1472544,2023-05-31,804,Dornbirn,Frauen,bis 19 Jahre,B9999,unbestimmt (nur Pst),2,0,19
1472573,2023-05-31,804,Dornbirn,Frauen,20 bis 24 Jahre,B9999,unbestimmt (nur Pst),5,20,24
1472715,2023-05-31,804,Dornbirn,Männer,bis 19 Jahre,B9999,unbestimmt (nur Pst),3,0,19
1472797,2023-05-31,804,Dornbirn,Männer,30 bis 34 Jahre,B9999,unbestimmt (nur Pst),2,30,34
1472811,2023-05-31,804,Dornbirn,Männer,35 bis 39 Jahre,B9999,unbestimmt (nur Pst),1,35,39
1472877,2023-05-31,805,Feldkirch,Frauen,bis 19 Jahre,B9999,unbestimmt (nur Pst),5,0,19
1472912,2023-05-31,805,Feldkirch,Frauen,20 bis 24 Jahre,B9999,unbestimmt (nur Pst),15,20,24
1472934,2023-05-31,805,Feldkirch,Frauen,25 bis 29 Jahre,B9999,unbestimmt (nur Pst),4,25,29
1472958,2023-05-31,805,Feldkirch,Frauen,30 bis 34 Jahre,B9999,unbestimmt (nur Pst),1,30,34
1472982,2023-05-31,805,Feldkirch,Frauen,35 bis 39 Jahre,B9999,unbestimmt (nur Pst),1,35,39
1473013,2023-05-31,805,Feldkirch,Frauen,45 bis 49 Jahre,B9999,unbestimmt (nur Pst),2,45,49
1473072,2023-05-31,805,Feldkirch,Männer,bis 19 Jahre,B9999,unbestimmt (nur Pst),9,0,19
1473110,2023-05-31,805,Feldkirch,Männer,20 bis 24 Jahre,B9999,unbestimmt (nur Pst),6,20,24
1473144,2023-05-31,805,Feldkirch,Männer,25 bis 29 Jahre,B9999,unbestimmt (nur Pst),1,25,29
1473181,2023-05-31,805,Feldkirch,Männer,35 bis 39 Jahre,B9999,unbestimmt (nur Pst),1,35,39
1474121,2023-05-31,959,Wien Hauffgasse,Männer,35 bis 39 Jahre,B9999,unbestimmt (nur Pst),1,35,39
1475294,2023-05-31,962,Wien Redergasse,Männer,30 bis 34 Jahre,B9999,unbestimmt (nur Pst),1,30,34
1475404,2023-05-31,962,Wien Redergasse,Männer,40 bis 44 Jahre,B9999,unbestimmt (nur Pst),1,40,44
1475664,2023-05-31,963,Wien Währinger Gürtel,Frauen,40 bis 44 Jahre,B9999,unbestimmt (nur Pst),1,40,44
1475724,2023-05-31,963,Wien Währinger Gürtel,Frauen,50 bis 54 Jahre,B9999,unbestimmt (nur Pst),1,50,54
1476013,2023-05-31,964,Wien Favoritenstraße,Frauen,25 bis 29 Jahre,B9999,unbestimmt (nur Pst),1,25,29
1477003,2023-05-31,965,Wien Schönbrunner Straße,Frauen,35 bis 39 Jahre,B9999,unbestimmt (nur Pst),1,35,39
1477888,2023-05-31,966,Wien Hietzinger Kai,Männer,25 bis 29 Jahre,B9999,unbestimmt (nur Pst),1,25,29
1478219,2023-05-31,967,Wien Huttengasse,Frauen,25 bis 29 Jahre,B9999,unbestimmt (nur Pst),1,25,29
1478662,2023-05-31,967,Wien Huttengasse,Männer,30 bis 34 Jahre,B9999,unbestimmt (nur Pst),1,30,34
1479067,2023-05-31,968,Wien Schloßhofer Straße,Frauen,30 bis 34 Jahre,B9999,unbestimmt (nur Pst),1,30,34
1479170,2023-05-31,968,Wien Schloßhofer Straße,Frauen,40 bis 44 Jahre,B9999,unbestimmt (nur Pst),2,40,44
1479386,2023-05-31,968,Wien Schloßhofer Straße,Männer,30 bis 34 Jahre,B9999,unbestimmt (nur Pst),1,30,34
1481149,2023-05-31,975,Wien Jäger Straße,Männer,30 bis 34 Jahre,B9999,unbestimmt (nur Pst),1,30,34
1481422,2023-05-31,976,Wien Jugendliche I,Frauen,bis 19 Jahre,B9999,unbestimmt (nur Pst),11,0,19
1481517,2023-05-31,976,Wien Jugendliche I,Frauen,20 bis 24 Jahre,B9999,unbestimmt (nur Pst),9,20,24
1481643,2023-05-31,976,Wien Jugendliche I,Männer,bis 19 Jahre,B9999,unbestimmt (nur Pst),11,0,19
1481801,2023-05-31,976,Wien Jugendliche I,Männer,20 bis 24 Jahre,B9999,unbestimmt (nur Pst),6,20,24
1481914,2023-05-31,977,Wien Jugendliche II,Frauen,bis 19 Jahre,B9999,unbestimmt (nur Pst),13,0,19
1482020,2023-05-31,977,Wien Jugendliche II,Frauen,20 bis 24 Jahre,B9999,unbestimmt (nur Pst),4,20,24
1482132,2023-05-31,977,Wien Jugendliche II,Männer,bis 19 Jahre,B9999,unbestimmt (nur Pst),8,0,19
1482271,2023-05-31,977,Wien Jugendliche II,Männer,20 bis 24 Jahre,B9999,unbestimmt (nur Pst),4,20,24
1482491,2023-06-30,102,Mattersburg,Frauen,bis 19 Jahre,B9999,unbestimmt (nur Pst),5,0,19
1482500,2023-06-30,102,Mattersburg,Frauen,20 bis 24 Jahre,B9999,unbestimmt (nur Pst),1,20,24
1482535,2023-06-30,102,Mattersburg,Frauen,45 bis 49 Jahre,B9999,unbestimmt (nur Pst),1,45,49
1482552,2023-06-30,102,Mattersburg,Männer,bis 19 Jahre,B9999,unbestimmt (nur Pst),4,0,19
1482612,2023-06-30,103,Neusiedl am See,Frauen,bis 19 Jahre,B9999,unbestimmt (nur Pst),1,0,19
1482620,2023-06-30,103,Neusiedl am See,Frauen,20 bis 24 Jahre,B9999,unbestimmt (nur Pst),1,20,24
1482683,2023-06-30,103,Neusiedl am See,Männer,bis 19 Jahre,B9999,unbestimmt (nur Pst),1,0,19
1482704,2023-06-30,103,Neusiedl am See,Männer,25 bis 29 Jahre,B9999,unbestimmt (nur Pst),1,25,29
1483046,2023-06-30,105,Oberwart,Männer,bis 19 Jahre,B9999,unbestimmt (nur Pst),1,0,19
1483090,2023-06-30,105,Oberwart,Männer,25 bis 29 Jahre,B9999,unbestimmt (nur Pst),1,25,29
1483155,2023-06-30,106,Stegersbach,Frauen,20 bis 24 Jahre,B9999,unbestimmt (nur Pst),1,20,24
1483244,2023-06-30,106,Stegersbach,Männer,35 bis 39 Jahre,B9999,unbestimmt (nur Pst),1,35,39
1483382,2023-06-30,201,Feldkirchen,Frauen,30 bis 34 Jahre,B9999,unbestimmt (nur Pst),1,30,34
1483477,2023-06-30,203,Klagenfurt,Frauen,bis 19 Jahre,B9999,unbestimmt (nur Pst),3,0,19
1483565,2023-06-30,203,Klagenfurt,Frauen,30 bis 34 Jahre,B9999,unbestimmt (nur Pst),1,30,34
1483595,2023-06-30,203,Klagenfurt,Frauen,35 bis 39 Jahre,B9999,unbestimmt (nur Pst),1,35,39
1483737,2023-06-30,203,Klagenfurt,Männer,20 bis 24 Jahre,B9999,unbestimmt (nur Pst),1,20,24
1483807,2023-06-30,203,Klagenfurt,Männer,35 bis 39 Jahre,B9999,unbestimmt (nur Pst),1,35,39
1483825,2023-06-30,203,Klagenfurt,Männer,40 bis 44 Jahre,B9999,unbestimmt (nur Pst),1,40,44
1483888,2023-06-30,204,Spittal/Drau,Frauen,bis 19 Jahre,B9999,unbestimmt (nur Pst),3,0,19
1483984,2023-06-30,204,Spittal/Drau,Männer,bis 19 Jahre,B9999,unbestimmt (nur Pst),2,0,19
1484214,2023-06-30,206,Villach,Frauen,bis 19 Jahre,B9999,unbestimmt (nur Pst),1,0,19
1484505,2023-06-30,206,Villach,Männer,40 bis 44 Jahre,B9999,unbestimmt (nur Pst),1,40,44
1484541,2023-06-30,207,Völkermarkt,Frauen,bis 19 Jahre,B9999,unbestimmt (nur Pst),2,0,19
1484575,2023-06-30,207,Völkermarkt,Frauen,30 bis 34 Jahre,B9999,unbestimmt (nur Pst),1,30,34
1484597,2023-06-30,207,Völkermarkt,Frauen,45 bis 49 Jahre,B9999,unbestimmt (nur Pst),1,45,49
1484621,2023-06-30,207,Völkermarkt,Männer,bis 19 Jahre,B9999,unbestimmt (nur Pst),1,0,19
1484649,2023-06-30,207,Völkermarkt,Männer,35 bis 39 Jahre,B9999,unbestimmt (nur Pst),1,35,39
1484778,2023-06-30,208,Wolfsberg,Männer,bis 19 Jahre,B9999,unbestimmt (nur Pst),2,0,19
1484843,2023-06-30,301,Amstetten,Frauen,bis 19 Jahre,B9999,unbestimmt (nur Pst),8,0,19
1484865,2023-06-30,301,Amstetten,Frauen,20 bis 24 Jahre,B9999,unbestimmt (nur Pst),1,20,24
1484886,2023-06-30,301,Amstetten,Frauen,25 bis 29 Jahre,B9999,unbestimmt (nur Pst),1,25,29
1484905,2023-06-30,301,Amstetten,Frauen,30 bis 34 Jahre,B9999,unbestimmt (nur Pst),1,30,34
1484985,2023-06-30,301,Amstetten,Männer,bis 19 Jahre,B9999,unbestimmt (nur Pst),9,0,19
1485007,2023-06-30,301,Amstetten,Männer,20 bis 24 Jahre,B9999,unbestimmt (nur Pst),7,20,24
1485022,2023-06-30,301,Amstetten,Männer,25 bis 29 Jahre,B9999,unbestimmt (nur Pst),1,25,29
1485058,2023-06-30,301,Amstetten,Männer,35 bis 39 Jahre,B9999,unbestimmt (nur Pst),1,35,39
1485133,2023-06-30,304,Baden neu,Frauen,bis 19 Jahre,B9999,unbestimmt (nur Pst),4,0,19
1485164,2023-06-30,304,Baden neu,Frauen,20 bis 24 Jahre,B9999,unbestimmt (nur Pst),1,20,24
1485185,2023-06-30,304,Baden neu,Frauen,25 bis 29 Jahre,B9999,unbestimmt (nur Pst),2,25,29
1485336,2023-06-30,304,Baden neu,Männer,bis 19 Jahre,B9999,unbestimmt (nur Pst),2,0,19
1485378,2023-06-30,304,Baden neu,Männer,20 bis 24 Jahre,B9999,unbestimmt (nur Pst),2,20,24
1485501,2023-06-30,306,Bruck/Leitha,Frauen,bis 19 Jahre,B9999,unbestimmt (nur Pst),1,0,19
1485518,2023-06-30,306,Bruck/Leitha,Frauen,20 bis 24 Jahre,B9999,unbestimmt (nur Pst),1,20,24
1485532,2023-06-30,306,Bruck/Leitha,Frauen,30 bis 34 Jahre,B9999,unbestimmt (nur Pst),1,30,34
1485599,2023-06-30,306,Bruck/Leitha,Männer,20 bis 24 Jahre,B9999,unbestimmt (nur Pst),1,20,24
1485662,2023-06-30,308,Gänserndorf,Frauen,bis 19 Jahre,B9999,unbestimmt (nur Pst),3,0,19
1485687,2023-06-30,308,Gänserndorf,Frauen,20 bis 24 Jahre,B9999,unbestimmt (nur Pst),1,20,24
1485704,2023-06-30,308,Gänserndorf,Frauen,25 bis 29 Jahre,B9999,unbestimmt (nur Pst),1,25,29
1485839,2023-06-30,308,Gänserndorf,Männer,bis 19 Jahre,B9999,unbestimmt (nur Pst),5,0,19
1485879,2023-06-30,308,Gänserndorf,Männer,20 bis 24 Jahre,B9999,unbestimmt (nur Pst),1,20,24
1486039,2023-06-30,311,Gmünd,Männer,bis 19 Jahre,B9999,unbestimmt (nur Pst),4,0,19
1486091,2023-06-30,312,Hollabrunn,Frauen,bis 19 Jahre,B9999,unbestimmt (nur Pst),3,0,19
1486106,2023-06-30,312,Hollabrunn,Frauen,20 bis 24 Jahre,B9999,unbestimmt (nur Pst),2,20,24
1486195,2023-06-30,312,Hollabrunn,Männer,bis 19 Jahre,B9999,unbestimmt (nur Pst),1,0,19
1486264,2023-06-30,313,Horn,Frauen,20 bis 24 Jahre,B9999,unbestimmt (nur Pst),2,20,24
1486352,2023-06-30,314,Korneuburg,Frauen,bis 19 Jahre,B9999,unbestimmt (nur Pst),1,0,19
1486374,2023-06-30,314,Korneuburg,Frauen,20 bis 24 Jahre,B9999,unbestimmt (nur Pst),1,20,24
1486389,2023-06-30,314,Korneuburg,Frauen,25 bis 29 Jahre,B9999,unbestimmt (nur Pst),2,25,29
1486620,2023-06-30,315,Krems,Frauen,bis 19 Jahre,B9999,unbestimmt (nur Pst),3,0,19
1486647,2023-06-30,315,Krems,Frauen,20 bis 24 Jahre,B9999,unbestimmt (nur Pst),2,20,24
1486686,2023-06-30,315,Krems,Frauen,30 bis 34 Jahre,B9999,unbestimmt (nur Pst),2,30,34
1486765,2023-06-30,315,Krems,Männer,bis 19 Jahre,B9999,unbestimmt (nur Pst),3,0,19
1486810,2023-06-30,315,Krems,Männer,25 bis 29 Jahre,B9999,unbestimmt (nur Pst),1,25,29
1486853,2023-06-30,315,Krems,Männer,45 bis 49 Jahre,B9999,unbestimmt (nur Pst),1,45,49
1486881,2023-06-30,316,Lilienfeld,Frauen,bis 19 Jahre,B9999,unbestimmt (nur Pst),1,0,19
1486886,2023-06-30,316,Lilienfeld,Frauen,20 bis 24 Jahre,B9999,unbestimmt (nur Pst),1,20,24
1486921,2023-06-30,316,Lilienfeld,Frauen,50 bis 54 Jahre,B9999,unbestimmt (nur Pst),1,50,54
1486934,2023-06-30,316,Lilienfeld,Männer,bis 19 Jahre,B9999,unbestimmt (nur Pst),2,0,19
1486987,2023-06-30,317,Melk,Frauen,bis 19 Jahre,B9999,unbestimmt (nur Pst),3,0,19
1487001,2023-06-30,317,Melk,Frauen,20 bis 24 Jahre,B9999,unbestimmt (nur Pst),2,20,24
1487036,2023-06-30,317,Melk,Frauen,35 bis 39 Jahre,B9999,unbestimmt (nur Pst),1,35,39
1487095,2023-06-30,317,Melk,Männer,bis 19 Jahre,B9999,unbestimmt (nur Pst),1,0,19
1487179,2023-06-30,319,Mistelbach,Frauen,bis 19 Jahre,B9999,unbestimmt (nur Pst),1,0,19
1487250,2023-06-30,319,Mistelbach,Frauen,40 bis 44 Jahre,B9999,unbestimmt (nur Pst),1,40,44
1487292,2023-06-30,319,Mistelbach,Männer,bis 19 Jahre,B9999,unbestimmt (nur Pst),1,0,19
1487354,2023-06-30,319,Mistelbach,Männer,50 bis 54 Jahre,B9999,unbestimmt (nur Pst),1,50,54
1487378,2023-06-30,321,Mödling,Frauen,bis 19 Jahre,B9999,unbestimmt (nur Pst),2,0,19
1487395,2023-06-30,321,Mödling,Frauen,20 bis 24 Jahre,B9999,unbestimmt (nur Pst),2,20,24
1487524,2023-06-30,321,Mödling,Männer,bis 19 Jahre,B9999,unbestimmt (nur Pst),12,0,19
1487803,2023-06-30,323,Neunkirchen,Männer,bis 19 Jahre,B9999,unbestimmt (nur Pst),1,0,19
1487933,2023-06-30,326,St. Pölten,Frauen,bis 19 Jahre,B9999,unbestimmt (nur Pst),13,0,19
1487970,2023-06-30,326,St. Pölten,Frauen,20 bis 24 Jahre,B9999,unbestimmt (nur Pst),1,20,24
1488031,2023-06-30,326,St. Pölten,Frauen,30 bis 34 Jahre,B9999,unbestimmt (nur Pst),1,30,34
1488094,2023-06-30,326,St. Pölten,Frauen,40 bis 44 Jahre,B9999,unbestimmt (nur Pst),1,40,44
1488119,2023-06-30,326,St. Pölten,Frauen,45 bis 49 Jahre,B9999,unbestimmt (nur Pst),2,45,49
1488158,2023-06-30,326,St. Pölten,Frauen,55 bis 59 Jahre,B9999,unbestimmt (nur Pst),1,55,59
1488189,2023-06-30,326,St. Pölten,Männer,bis 19 Jahre,B9999,unbestimmt (nur Pst),15,0,19
1488230,2023-06-30,326,St. Pölten,Männer,20 bis 24 Jahre,B9999,unbestimmt (nur Pst),8,20,24
1488278,2023-06-30,326,St. Pölten,Männer,30 bis 34 Jahre,B9999,unbestimmt (nur Pst),1,30,34
1488341,2023-06-30,326,St. Pölten,Männer,40 bis 44 Jahre,B9999,unbestimmt (nur Pst),1,40,44
1488373,2023-06-30,326,St. Pölten,Männer,50 bis 54 Jahre,B9999,unbestimmt (nur Pst),1,50,54
1488553,2023-06-30,329,Schwechat,Frauen,20 bis 24 Jahre,B9999,unbestimmt (nur Pst),1,20,24
1488641,2023-06-30,329,Schwechat,Männer,bis 19 Jahre,B9999,unbestimmt (nur Pst),4,0,19
1488728,2023-06-30,331,Tulln,Frauen,bis 19 Jahre,B9999,unbestimmt (nur Pst),4,0,19
1488748,2023-06-30,331,Tulln,Frauen,20 bis 24 Jahre,B9999,unbestimmt (nur Pst),4,20,24
1488855,2023-06-30,331,Tulln,Frauen,50 bis 54 Jahre,B9999,unbestimmt (nur Pst),1,50,54
1488878,2023-06-30,331,Tulln,Männer,bis 19 Jahre,B9999,unbestimmt (nur Pst),2,0,19
1488901,2023-06-30,331,Tulln,Männer,20 bis 24 Jahre,B9999,unbestimmt (nur Pst),1,20,24
1488928,2023-06-30,331,Tulln,Männer,30 bis 34 Jahre,B9999,unbestimmt (nur Pst),1,30,34
1488990,2023-06-30,332,Waidhofen/Thaya,Frauen,bis 19 Jahre,B9999,unbestimmt (nur Pst),2,0,19
1489005,2023-06-30,332,Waidhofen/Thaya,Frauen,20 bis 24 Jahre,B9999,unbestimmt (nur Pst),1,20,24
1489049,2023-06-30,332,Waidhofen/Thaya,Männer,bis 19 Jahre,B9999,unbestimmt (nur Pst),1,0,19
1489133,2023-06-30,333,Waidhofen/Ybbs,Männer,bis 19 Jahre,B9999,unbestimmt (nur Pst),1,0,19
1489186,2023-06-30,334,Wr. Neustadt,Frauen,bis 19 Jahre,B9999,unbestimmt (nur Pst),7,0,19
1489213,2023-06-30,334,Wr. Neustadt,Frauen,20 bis 24 Jahre,B9999,unbestimmt (nur Pst),1,20,24
1489377,2023-06-30,334,Wr. Neustadt,Männer,bis 19 Jahre,B9999,unbestimmt (nur Pst),4,0,19
1489616,2023-06-30,335,Zwettl,Männer,bis 19 Jahre,B9999,unbestimmt (nur Pst),1,0,19
1489639,2023-06-30,335,Zwettl,Männer,30 bis 34 Jahre,B9999,unbestimmt (nur Pst),1,30,34
1489669,2023-06-30,401,Braunau,Frauen,bis 19 Jahre,B9999,unbestimmt (nur Pst),11,0,19
1489692,2023-06-30,401,Braunau,Frauen,20 bis 24 Jahre,B9999,unbestimmt (nur Pst),9,20,24
1489716,2023-06-30,401,Braunau,Frauen,25 bis 29 Jahre,B9999,unbestimmt (nur Pst),4,25,29
1489740,2023-06-30,401,Braunau,Frauen,30 bis 34 Jahre,B9999,unbestimmt (nur Pst),5,30,34
1489761,2023-06-30,401,Braunau,Frauen,35 bis 39 Jahre,B9999,unbestimmt (nur Pst),1,35,39
1489808,2023-06-30,401,Braunau,Frauen,50 bis 54 Jahre,B9999,unbestimmt (nur Pst),1,50,54
1489841,2023-06-30,401,Braunau,Männer,bis 19 Jahre,B9999,unbestimmt (nur Pst),18,0,19
1489871,2023-06-30,401,Braunau,Männer,20 bis 24 Jahre,B9999,unbestimmt (nur Pst),3,20,24
1489896,2023-06-30,401,Braunau,Männer,25 bis 29 Jahre,B9999,unbestimmt (nur Pst),1,25,29
1489912,2023-06-30,401,Braunau,Männer,30 bis 34 Jahre,B9999,unbestimmt (nur Pst),1,30,34
1489929,2023-06-30,401,Braunau,Männer,35 bis 39 Jahre,B9999,unbestimmt (nur Pst),1,35,39
1489940,2023-06-30,401,Braunau,Männer,40 bis 44 Jahre,B9999,unbestimmt (nur Pst),2,40,44
1489955,2023-06-30,401,Braunau,Männer,45 bis 49 Jahre,B9999,unbestimmt (nur Pst),1,45,49
1489988,2023-06-30,402,Eferding,Frauen,bis 19 Jahre,B9999,unbestimmt (nur Pst),1,0,19
1490004,2023-06-30,402,Eferding,Frauen,25 bis 29 Jahre,B9999,unbestimmt (nur Pst),1,25,29
1490010,2023-06-30,402,Eferding,Frauen,30 bis 34 Jahre,B9999,unbestimmt (nur Pst),1,30,34
1490017,2023-06-30,402,Eferding,Frauen,35 bis 39 Jahre,B9999,unbestimmt (nur Pst),1,35,39
1490028,2023-06-30,402,Eferding,Frauen,40 bis 44 Jahre,B9999,unbestimmt (nur Pst),1,40,44
1490040,2023-06-30,402,Eferding,Frauen,45 bis 49 Jahre,B9999,unbestimmt (nur Pst),1,45,49
1490049,2023-06-30,402,Eferding,Frauen,55 bis 59 Jahre,B9999,unbestimmt (nur Pst),1,55,59
1490051,2023-06-30,402,Eferding,Frauen,60 bis 64 Jahre,B9999,unbestimmt (nur Pst),1,60,64
1490052,2023-06-30,402,Eferding,Frauen,65 Jahre und älter,B9999,unbestimmt (nur Pst),1,65,99
1490114,2023-06-30,403,Freistadt,Frauen,bis 19 Jahre,B9999,unbestimmt (nur Pst),1,0,19
1490134,2023-06-30,403,Freistadt,Frauen,20 bis 24 Jahre,B9999,unbestimmt (nur Pst),2,20,24
1490148,2023-06-30,403,Freistadt,Frauen,25 bis 29 Jahre,B9999,unbestimmt (nur Pst),1,25,29
1490261,2023-06-30,403,Freistadt,Männer,25 bis 29 Jahre,B9999,unbestimmt (nur Pst),1,25,29
1490328,2023-06-30,404,Gmunden,Frauen,bis 19 Jahre,B9999,unbestimmt (nur Pst),6,0,19
1490367,2023-06-30,404,Gmunden,Frauen,25 bis 29 Jahre,B9999,unbestimmt (nur Pst),1,25,29
1490497,2023-06-30,404,Gmunden,Männer,bis 19 Jahre,B9999,unbestimmt (nur Pst),2,0,19
1490625,2023-06-30,406,Grieskirchen,Frauen,bis 19 Jahre,B9999,unbestimmt (nur Pst),1,0,19
1490645,2023-06-30,406,Grieskirchen,Frauen,20 bis 24 Jahre,B9999,unbestimmt (nur Pst),1,20,24
1490663,2023-06-30,406,Grieskirchen,Frauen,25 bis 29 Jahre,B9999,unbestimmt (nur Pst),1,25,29
1490683,2023-06-30,406,Grieskirchen,Frauen,30 bis 34 Jahre,B9999,unbestimmt (nur Pst),2,30,34
1490716,2023-06-30,406,Grieskirchen,Frauen,40 bis 44 Jahre,B9999,unbestimmt (nur Pst),1,40,44
1490725,2023-06-30,406,Grieskirchen,Frauen,45 bis 49 Jahre,B9999,unbestimmt (nur Pst),1,45,49
1490750,2023-06-30,406,Grieskirchen,Männer,bis 19 Jahre,B9999,unbestimmt (nur Pst),2,0,19
1490804,2023-06-30,406,Grieskirchen,Männer,35 bis 39 Jahre,B9999,unbestimmt (nur Pst),1,35,39
1490840,2023-06-30,407,Kirchdorf/Krems,Frauen,bis 19 Jahre,B9999,unbestimmt (nur Pst),4,0,19
1490854,2023-06-30,407,Kirchdorf/Krems,Frauen,20 bis 24 Jahre,B9999,unbestimmt (nur Pst),1,20,24
1490920,2023-06-30,407,Kirchdorf/Krems,Frauen,50 bis 54 Jahre,B9999,unbestimmt (nur Pst),1,50,54
1490943,2023-06-30,407,Kirchdorf/Krems,Männer,bis 19 Jahre,B9999,unbestimmt (nur Pst),3,0,19
1490970,2023-06-30,407,Kirchdorf/Krems,Männer,25 bis 29 Jahre,B9999,unbestimmt (nur Pst),1,25,29
1491050,2023-06-30,409,Linz neu,Frauen,bis 19 Jahre,B9999,unbestimmt (nur Pst),23,0,19
1491092,2023-06-30,409,Linz neu,Frauen,20 bis 24 Jahre,B9999,unbestimmt (nur Pst),17,20,24
1491145,2023-06-30,409,Linz neu,Frauen,25 bis 29 Jahre,B9999,unbestimmt (nur Pst),4,25,29
1491190,2023-06-30,409,Linz neu,Frauen,30 bis 34 Jahre,B9999,unbestimmt (nur Pst),2,30,34
1491241,2023-06-30,409,Linz neu,Frauen,35 bis 39 Jahre,B9999,unbestimmt (nur Pst),4,35,39
1491289,2023-06-30,409,Linz neu,Frauen,40 bis 44 Jahre,B9999,unbestimmt (nur Pst),3,40,44
1491335,2023-06-30,409,Linz neu,Frauen,45 bis 49 Jahre,B9999,unbestimmt (nur Pst),2,45,49
1491362,2023-06-30,409,Linz neu,Frauen,50 bis 54 Jahre,B9999,unbestimmt (nur Pst),1,50,54
1491425,2023-06-30,409,Linz neu,Männer,bis 19 Jahre,B9999,unbestimmt (nur Pst),34,0,19
1491484,2023-06-30,409,Linz neu,Männer,20 bis 24 Jahre,B9999,unbestimmt (nur Pst),17,20,24
1491545,2023-06-30,409,Linz neu,Männer,25 bis 29 Jahre,B9999,unbestimmt (nur Pst),4,25,29
1491637,2023-06-30,409,Linz neu,Männer,35 bis 39 Jahre,B9999,unbestimmt (nur Pst),2,35,39
1491678,2023-06-30,409,Linz neu,Männer,40 bis 44 Jahre,B9999,unbestimmt (nur Pst),2,40,44
1491763,2023-06-30,409,Linz neu,Männer,60 bis 64 Jahre,B9999,unbestimmt (nur Pst),1,60,64
1491775,2023-06-30,411,Perg,Frauen,bis 19 Jahre,B9999,unbestimmt (nur Pst),1,0,19
1491887,2023-06-30,411,Perg,Männer,bis 19 Jahre,B9999,unbestimmt (nur Pst),2,0,19
1491907,2023-06-30,411,Perg,Männer,20 bis 24 Jahre,B9999,unbestimmt (nur Pst),1,20,24
1491993,2023-06-30,412,Ried im Innkreis,Frauen,bis 19 Jahre,B9999,unbestimmt (nur Pst),11,0,19
1492011,2023-06-30,412,Ried im Innkreis,Frauen,20 bis 24 Jahre,B9999,unbestimmt (nur Pst),1,20,24
1492028,2023-06-30,412,Ried im Innkreis,Frauen,25 bis 29 Jahre,B9999,unbestimmt (nur Pst),2,25,29
1492044,2023-06-30,412,Ried im Innkreis,Frauen,30 bis 34 Jahre,B9999,unbestimmt (nur Pst),3,30,34
1492077,2023-06-30,412,Ried im Innkreis,Frauen,40 bis 44 Jahre,B9999,unbestimmt (nur Pst),3,40,44
1492097,2023-06-30,412,Ried im Innkreis,Frauen,50 bis 54 Jahre,B9999,unbestimmt (nur Pst),3,50,54
1492119,2023-06-30,412,Ried im Innkreis,Männer,bis 19 Jahre,B9999,unbestimmt (nur Pst),5,0,19
1492209,2023-06-30,413,Rohrbach,Frauen,bis 19 Jahre,B9999,unbestimmt (nur Pst),1,0,19
1492253,2023-06-30,413,Rohrbach,Frauen,35 bis 39 Jahre,B9999,unbestimmt (nur Pst),1,35,39
1492290,2023-06-30,413,Rohrbach,Frauen,55 bis 59 Jahre,B9999,unbestimmt (nur Pst),1,55,59
1492293,2023-06-30,413,Rohrbach,Frauen,60 bis 64 Jahre,B9999,unbestimmt (nur Pst),1,60,64
1492300,2023-06-30,413,Rohrbach,Männer,bis 19 Jahre,B9999,unbestimmt (nur Pst),1,0,19
1492348,2023-06-30,413,Rohrbach,Männer,50 bis 54 Jahre,B9999,unbestimmt (nur Pst),1,50,54
1492361,2023-06-30,414,Schärding,Frauen,bis 19 Jahre,B9999,unbestimmt (nur Pst),2,0,19
1492375,2023-06-30,414,Schärding,Frauen,20 bis 24 Jahre,B9999,unbestimmt (nur Pst),3,20,24
1492477,2023-06-30,414,Schärding,Männer,35 bis 39 Jahre,B9999,unbestimmt (nur Pst),1,35,39
1492508,2023-06-30,415,Steyr,Frauen,bis 19 Jahre,B9999,unbestimmt (nur Pst),14,0,19
1492534,2023-06-30,415,Steyr,Frauen,20 bis 24 Jahre,B9999,unbestimmt (nur Pst),4,20,24
1492581,2023-06-30,415,Steyr,Frauen,30 bis 34 Jahre,B9999,unbestimmt (nur Pst),1,30,34
1492693,2023-06-30,415,Steyr,Männer,bis 19 Jahre,B9999,unbestimmt (nur Pst),13,0,19
1492724,2023-06-30,415,Steyr,Männer,20 bis 24 Jahre,B9999,unbestimmt (nur Pst),5,20,24
1492753,2023-06-30,415,Steyr,Männer,25 bis 29 Jahre,B9999,unbestimmt (nur Pst),3,25,29
1492884,2023-06-30,418,Vöcklabruck,Frauen,bis 19 Jahre,B9999,unbestimmt (nur Pst),2,0,19
1492910,2023-06-30,418,Vöcklabruck,Frauen,20 bis 24 Jahre,B9999,unbestimmt (nur Pst),2,20,24
1492933,2023-06-30,418,Vöcklabruck,Frauen,25 bis 29 Jahre,B9999,unbestimmt (nur Pst),1,25,29
1493061,2023-06-30,418,Vöcklabruck,Männer,bis 19 Jahre,B9999,unbestimmt (nur Pst),3,0,19
1493093,2023-06-30,418,Vöcklabruck,Männer,20 bis 24 Jahre,B9999,unbestimmt (nur Pst),1,20,24
1493113,2023-06-30,418,Vöcklabruck,Männer,25 bis 29 Jahre,B9999,unbestimmt (nur Pst),1,25,29
1493262,2023-06-30,419,Wels,Frauen,20 bis 24 Jahre,B9999,unbestimmt (nur Pst),1,20,24
1493382,2023-06-30,419,Wels,Frauen,45 bis 49 Jahre,B9999,unbestimmt (nur Pst),1,45,49
1493447,2023-06-30,419,Wels,Männer,bis 19 Jahre,B9999,unbestimmt (nur Pst),1,0,19
1493519,2023-06-30,419,Wels,Männer,30 bis 34 Jahre,B9999,unbestimmt (nur Pst),1,30,34
1493743,2023-06-30,421,Traun,Frauen,35 bis 39 Jahre,B9999,unbestimmt (nur Pst),1,35,39
1493790,2023-06-30,421,Traun,Frauen,45 bis 49 Jahre,B9999,unbestimmt (nur Pst),1,45,49
1493851,2023-06-30,421,Traun,Männer,bis 19 Jahre,B9999,unbestimmt (nur Pst),1,0,19
1493907,2023-06-30,421,Traun,Männer,25 bis 29 Jahre,B9999,unbestimmt (nur Pst),1,25,29
1495308,2023-06-30,601,Bruck/Mur,Frauen,bis 19 Jahre,B9999,unbestimmt (nur Pst),5,0,19
1495359,2023-06-30,601,Bruck/Mur,Frauen,30 bis 34 Jahre,B9999,unbestimmt (nur Pst),1,30,34
1495428,2023-06-30,601,Bruck/Mur,Männer,bis 19 Jahre,B9999,unbestimmt (nur Pst),5,0,19
1495552,2023-06-30,603,Deutschlandsberg,Frauen,bis 19 Jahre,B9999,unbestimmt (nur Pst),1,0,19
1495568,2023-06-30,603,Deutschlandsberg,Frauen,20 bis 24 Jahre,B9999,unbestimmt (nur Pst),1,20,24
1495793,2023-06-30,604,Feldbach,Frauen,20 bis 24 Jahre,B9999,unbestimmt (nur Pst),1,20,24
1496029,2023-06-30,606,Gleisdorf,Frauen,bis 19 Jahre,B9999,unbestimmt (nur Pst),1,0,19
1496043,2023-06-30,606,Gleisdorf,Frauen,20 bis 24 Jahre,B9999,unbestimmt (nur Pst),1,20,24
1496126,2023-06-30,606,Gleisdorf,Männer,bis 19 Jahre,B9999,unbestimmt (nur Pst),2,0,19
1496333,2023-06-30,609,Hartberg,Männer,bis 19 Jahre,B9999,unbestimmt (nur Pst),1,0,19
1496398,2023-06-30,609,Hartberg,Männer,40 bis 44 Jahre,B9999,unbestimmt (nur Pst),1,40,44
1496533,2023-06-30,610,Judenburg,Frauen,45 bis 49 Jahre,B9999,unbestimmt (nur Pst),1,45,49
1496550,2023-06-30,610,Judenburg,Frauen,55 bis 59 Jahre,B9999,unbestimmt (nur Pst),1,55,59
1496665,2023-06-30,611,Murau,Frauen,20 bis 24 Jahre,B9999,unbestimmt (nur Pst),2,20,24
1496733,2023-06-30,614,Leibnitz,Frauen,bis 19 Jahre,B9999,unbestimmt (nur Pst),3,0,19
1496766,2023-06-30,614,Leibnitz,Frauen,20 bis 24 Jahre,B9999,unbestimmt (nur Pst),1,20,24
1496789,2023-06-30,614,Leibnitz,Frauen,25 bis 29 Jahre,B9999,unbestimmt (nur Pst),1,25,29
1497037,2023-06-30,616,Leoben,Frauen,bis 19 Jahre,B9999,unbestimmt (nur Pst),2,0,19
1497172,2023-06-30,616,Leoben,Männer,bis 19 Jahre,B9999,unbestimmt (nur Pst),1,0,19
1497375,2023-06-30,618,Liezen,Männer,bis 19 Jahre,B9999,unbestimmt (nur Pst),1,0,19
1497475,2023-06-30,621,Mürzzuschlag,Frauen,bis 19 Jahre,B9999,unbestimmt (nur Pst),2,0,19
1497487,2023-06-30,621,Mürzzuschlag,Frauen,20 bis 24 Jahre,B9999,unbestimmt (nur Pst),1,20,24
1497513,2023-06-30,621,Mürzzuschlag,Frauen,35 bis 39 Jahre,B9999,unbestimmt (nur Pst),1,35,39
1497523,2023-06-30,621,Mürzzuschlag,Frauen,40 bis 44 Jahre,B9999,unbestimmt (nur Pst),1,40,44
1497557,2023-06-30,621,Mürzzuschlag,Männer,bis 19 Jahre,B9999,unbestimmt (nur Pst),4,0,19
1497636,2023-06-30,622,Voitsberg,Frauen,bis 19 Jahre,B9999,unbestimmt (nur Pst),2,0,19
1497758,2023-06-30,622,Voitsberg,Männer,bis 19 Jahre,B9999,unbestimmt (nur Pst),1,0,19
1497836,2023-06-30,623,Weiz,Frauen,20 bis 24 Jahre,B9999,unbestimmt (nur Pst),1,20,24
1497840,2023-06-30,623,Weiz,Frauen,25 bis 29 Jahre,B9999,unbestimmt (nur Pst),1,25,29
1497848,2023-06-30,623,Weiz,Frauen,30 bis 34 Jahre,B9999,unbestimmt (nur Pst),2,30,34
1497863,2023-06-30,623,Weiz,Frauen,40 bis 44 Jahre,B9999,unbestimmt (nur Pst),1,40,44
1497873,2023-06-30,623,Weiz,Frauen,45 bis 49 Jahre,B9999,unbestimmt (nur Pst),1,45,49
1497885,2023-06-30,623,Weiz,Frauen,55 bis 59 Jahre,B9999,unbestimmt (nur Pst),1,55,59
1497891,2023-06-30,623,Weiz,Männer,bis 19 Jahre,B9999,unbestimmt (nur Pst),2,0,19
1497921,2023-06-30,623,Weiz,Männer,35 bis 39 Jahre,B9999,unbestimmt (nur Pst),1,35,39
1497930,2023-06-30,623,Weiz,Männer,40 bis 44 Jahre,B9999,unbestimmt (nur Pst),1,40,44
1497934,2023-06-30,623,Weiz,Männer,45 bis 49 Jahre,B9999,unbestimmt (nur Pst),1,45,49
1497938,2023-06-30,623,Weiz,Männer,50 bis 54 Jahre,B9999,unbestimmt (nur Pst),1,50,54
1497988,2023-06-30,630,Graz-West und Umgebung,Frauen,bis 19 Jahre,B9999,unbestimmt (nur Pst),14,0,19
1498044,2023-06-30,630,Graz-West und Umgebung,Frauen,20 bis 24 Jahre,B9999,unbestimmt (nur Pst),2,20,24
1498301,2023-06-30,630,Graz-West und Umgebung,Frauen,45 bis 49 Jahre,B9999,unbestimmt (nur Pst),2,45,49
1498361,2023-06-30,630,Graz-West und Umgebung,Frauen,55 bis 59 Jahre,B9999,unbestimmt (nur Pst),1,55,59
1498418,2023-06-30,630,Graz-West und Umgebung,Männer,bis 19 Jahre,B9999,unbestimmt (nur Pst),16,0,19
1498534,2023-06-30,630,Graz-West und Umgebung,Männer,25 bis 29 Jahre,B9999,unbestimmt (nur Pst),2,25,29
1498749,2023-06-30,630,Graz-West und Umgebung,Männer,60 bis 64 Jahre,B9999,unbestimmt (nur Pst),1,60,64
1498775,2023-06-30,631,Graz-Ost,Frauen,bis 19 Jahre,B9999,unbestimmt (nur Pst),1,0,19
1498968,2023-06-30,631,Graz-Ost,Frauen,40 bis 44 Jahre,B9999,unbestimmt (nur Pst),1,40,44
1499018,2023-06-30,631,Graz-Ost,Frauen,50 bis 54 Jahre,B9999,unbestimmt (nur Pst),1,50,54
1499115,2023-06-30,631,Graz-Ost,Männer,20 bis 24 Jahre,B9999,unbestimmt (nur Pst),1,20,24
1499456,2023-06-30,702,Innsbruck,Frauen,25 bis 29 Jahre,B9999,unbestimmt (nur Pst),1,25,29
1499492,2023-06-30,702,Innsbruck,Frauen,30 bis 34 Jahre,B9999,unbestimmt (nur Pst),1,30,34
1499527,2023-06-30,702,Innsbruck,Frauen,35 bis 39 Jahre,B9999,unbestimmt (nur Pst),1,35,39
1499556,2023-06-30,702,Innsbruck,Frauen,40 bis 44 Jahre,B9999,unbestimmt (nur Pst),1,40,44
1499723,2023-06-30,702,Innsbruck,Männer,25 bis 29 Jahre,B9999,unbestimmt (nur Pst),3,25,29
1499782,2023-06-30,702,Innsbruck,Männer,35 bis 39 Jahre,B9999,unbestimmt (nur Pst),1,35,39
1499821,2023-06-30,702,Innsbruck,Männer,45 bis 49 Jahre,B9999,unbestimmt (nur Pst),1,45,49
1499891,2023-06-30,704,Kitzbühel,Frauen,30 bis 34 Jahre,B9999,unbestimmt (nur Pst),1,30,34
1499940,2023-06-30,704,Kitzbühel,Männer,55 bis 59 Jahre,B9999,unbestimmt (nur Pst),1,55,59
1499952,2023-06-30,705,Kufstein,Frauen,bis 19 Jahre,B9999,unbestimmt (nur Pst),2,0,19
1500010,2023-06-30,705,Kufstein,Frauen,35 bis 39 Jahre,B9999,unbestimmt (nur Pst),1,35,39
1500040,2023-06-30,705,Kufstein,Frauen,45 bis 49 Jahre,B9999,unbestimmt (nur Pst),1,45,49
1500077,2023-06-30,705,Kufstein,Männer,bis 19 Jahre,B9999,unbestimmt (nur Pst),4,0,19
1500098,2023-06-30,705,Kufstein,Männer,20 bis 24 Jahre,B9999,unbestimmt (nur Pst),1,20,24
1500183,2023-06-30,706,Landeck,Frauen,bis 19 Jahre,B9999,unbestimmt (nur Pst),1,0,19
1500381,2023-06-30,709,Schwaz,Frauen,bis 19 Jahre,B9999,unbestimmt (nur Pst),3,0,19
1500397,2023-06-30,709,Schwaz,Frauen,20 bis 24 Jahre,B9999,unbestimmt (nur Pst),1,20,24
1500480,2023-06-30,709,Schwaz,Männer,bis 19 Jahre,B9999,unbestimmt (nur Pst),1,0,19
1500565,2023-06-30,801,Bludenz,Frauen,bis 19 Jahre,B9999,unbestimmt (nur Pst),1,0,19
1500591,2023-06-30,801,Bludenz,Frauen,20 bis 24 Jahre,B9999,unbestimmt (nur Pst),2,20,24
1500608,2023-06-30,801,Bludenz,Frauen,25 bis 29 Jahre,B9999,unbestimmt (nur Pst),1,25,29
1500691,2023-06-30,801,Bludenz,Männer,bis 19 Jahre,B9999,unbestimmt (nur Pst),1,0,19
1500707,2023-06-30,801,Bludenz,Männer,20 bis 24 Jahre,B9999,unbestimmt (nur Pst),2,20,24
1500803,2023-06-30,802,Bregenz,Frauen,20 bis 24 Jahre,B9999,unbestimmt (nur Pst),2,20,24
1500829,2023-06-30,802,Bregenz,Frauen,25 bis 29 Jahre,B9999,unbestimmt (nur Pst),1,25,29
1500875,2023-06-30,802,Bregenz,Frauen,35 bis 39 Jahre,B9999,unbestimmt (nur Pst),1,35,39
1500927,2023-06-30,802,Bregenz,Frauen,60 bis 64 Jahre,B9999,unbestimmt (nur Pst),1,60,64
1501000,2023-06-30,802,Bregenz,Männer,20 bis 24 Jahre,B9999,unbestimmt (nur Pst),1,20,24
1501070,2023-06-30,802,Bregenz,Männer,35 bis 39 Jahre,B9999,unbestimmt (nur Pst),1,35,39
1501126,2023-06-30,804,Dornbirn,Frauen,bis 19 Jahre,B9999,unbestimmt (nur Pst),1,0,19
1501154,2023-06-30,804,Dornbirn,Frauen,20 bis 24 Jahre,B9999,unbestimmt (nur Pst),4,20,24
1501309,2023-06-30,804,Dornbirn,Männer,bis 19 Jahre,B9999,unbestimmt (nur Pst),3,0,19
1501340,2023-06-30,804,Dornbirn,Männer,20 bis 24 Jahre,B9999,unbestimmt (nur Pst),1,20,24
1501392,2023-06-30,804,Dornbirn,Männer,30 bis 34 Jahre,B9999,unbestimmt (nur Pst),3,30,34
1501407,2023-06-30,804,Dornbirn,Männer,35 bis 39 Jahre,B9999,unbestimmt (nur Pst),1,35,39
1501473,2023-06-30,805,Feldkirch,Frauen,bis 19 Jahre,B9999,unbestimmt (nur Pst),4,0,19
1501508,2023-06-30,805,Feldkirch,Frauen,20 bis 24 Jahre,B9999,unbestimmt (nur Pst),12,20,24
1501531,2023-06-30,805,Feldkirch,Frauen,25 bis 29 Jahre,B9999,unbestimmt (nur Pst),4,25,29
1501554,2023-06-30,805,Feldkirch,Frauen,30 bis 34 Jahre,B9999,unbestimmt (nur Pst),1,30,34
1501573,2023-06-30,805,Feldkirch,Frauen,35 bis 39 Jahre,B9999,unbestimmt (nur Pst),1,35,39
1501604,2023-06-30,805,Feldkirch,Frauen,45 bis 49 Jahre,B9999,unbestimmt (nur Pst),1,45,49
1501660,2023-06-30,805,Feldkirch,Männer,bis 19 Jahre,B9999,unbestimmt (nur Pst),11,0,19
1501695,2023-06-30,805,Feldkirch,Männer,20 bis 24 Jahre,B9999,unbestimmt (nur Pst),5,20,24
1501722,2023-06-30,805,Feldkirch,Männer,25 bis 29 Jahre,B9999,unbestimmt (nur Pst),1,25,29
1501757,2023-06-30,805,Feldkirch,Männer,35 bis 39 Jahre,B9999,unbestimmt (nur Pst),1,35,39
1502077,2023-06-30,958,Wien Johnstraße,Männer,25 bis 29 Jahre,B9999,unbestimmt (nur Pst),1,25,29
1502712,2023-06-30,959,Wien Hauffgasse,Männer,40 bis 44 Jahre,B9999,unbestimmt (nur Pst),1,40,44
1503036,2023-06-30,960,Wien Esteplatz,Frauen,50 bis 54 Jahre,B9999,unbestimmt (nur Pst),1,50,54
1503629,2023-06-30,962,Wien Redergasse,Frauen,45 bis 49 Jahre,B9999,unbestimmt (nur Pst),1,45,49
1503960,2023-06-30,962,Wien Redergasse,Männer,45 bis 49 Jahre,B9999,unbestimmt (nur Pst),1,45,49
1504181,2023-06-30,963,Wien Währinger Gürtel,Frauen,40 bis 44 Jahre,B9999,unbestimmt (nur Pst),1,40,44
1504242,2023-06-30,963,Wien Währinger Gürtel,Frauen,50 bis 54 Jahre,B9999,unbestimmt (nur Pst),1,50,54
1504290,2023-06-30,963,Wien Währinger Gürtel,Männer,25 bis 29 Jahre,B9999,unbestimmt (nur Pst),1,25,29
1504517,2023-06-30,964,Wien Favoritenstraße,Frauen,25 bis 29 Jahre,B9999,unbestimmt (nur Pst),1,25,29
1504874,2023-06-30,964,Wien Favoritenstraße,Männer,25 bis 29 Jahre,B9999,unbestimmt (nur Pst),1,25,29
1506656,2023-06-30,967,Wien Huttengasse,Frauen,25 bis 29 Jahre,B9999,unbestimmt (nur Pst),1,25,29
1507486,2023-06-30,968,Wien Schloßhofer Straße,Frauen,30 bis 34 Jahre,B9999,unbestimmt (nur Pst),2,30,34
1508749,2023-06-30,974,Wien Austria Campus,Frauen,25 bis 29 Jahre,B9999,unbestimmt (nur Pst),1,25,29
1509756,2023-06-30,976,Wien Jugendliche I,Frauen,bis 19 Jahre,B9999,unbestimmt (nur Pst),8,0,19
1509849,2023-06-30,976,Wien Jugendliche I,Frauen,20 bis 24 Jahre,B9999,unbestimmt (nur Pst),9,20,24
1509973,2023-06-30,976,Wien Jugendliche I,Männer,bis 19 Jahre,B9999,unbestimmt (nur Pst),13,0,19
1510136,2023-06-30,976,Wien Jugendliche I,Männer,20 bis 24 Jahre,B9999,unbestimmt (nur Pst),2,20,24
1510252,2023-06-30,977,Wien Jugendliche II,Frauen,bis 19 Jahre,B9999,unbestimmt (nur Pst),1,0,19
1510817,2023-07-31,102,Mattersburg,Frauen,bis 19 Jahre,B9999,unbestimmt (nur Pst),5,0,19
1510827,2023-07-31,102,Mattersburg,Frauen,20 bis 24 Jahre,B9999,unbestimmt (nur Pst),1,20,24
1510857,2023-07-31,102,Mattersburg,Frauen,45 bis 49 Jahre,B9999,unbestimmt (nur Pst),1,45,49
1510876,2023-07-31,102,Mattersburg,Männer,bis 19 Jahre,B9999,unbestimmt (nur Pst),3,0,19
1510931,2023-07-31,103,Neusiedl am See,Frauen,bis 19 Jahre,B9999,unbestimmt (nur Pst),1,0,19
1510944,2023-07-31,103,Neusiedl am See,Frauen,20 bis 24 Jahre,B9999,unbestimmt (nur Pst),1,20,24
1511005,2023-07-31,103,Neusiedl am See,Männer,bis 19 Jahre,B9999,unbestimmt (nur Pst),1,0,19
1511323,2023-07-31,105,Oberwart,Männer,bis 19 Jahre,B9999,unbestimmt (nur Pst),1,0,19
1511365,2023-07-31,105,Oberwart,Männer,25 bis 29 Jahre,B9999,unbestimmt (nur Pst),1,25,29
1511426,2023-07-31,106,Stegersbach,Frauen,20 bis 24 Jahre,B9999,unbestimmt (nur Pst),1,20,24
1511459,2023-07-31,106,Stegersbach,Frauen,45 bis 49 Jahre,B9999,unbestimmt (nur Pst),1,45,49
1511716,2023-07-31,203,Klagenfurt,Frauen,bis 19 Jahre,B9999,unbestimmt (nur Pst),3,0,19
1511790,2023-07-31,203,Klagenfurt,Frauen,30 bis 34 Jahre,B9999,unbestimmt (nur Pst),2,30,34
1511819,2023-07-31,203,Klagenfurt,Frauen,35 bis 39 Jahre,B9999,unbestimmt (nur Pst),1,35,39
1511923,2023-07-31,203,Klagenfurt,Männer,bis 19 Jahre,B9999,unbestimmt (nur Pst),1,0,19
1511949,2023-07-31,203,Klagenfurt,Männer,20 bis 24 Jahre,B9999,unbestimmt (nur Pst),1,20,24
1512032,2023-07-31,203,Klagenfurt,Männer,40 bis 44 Jahre,B9999,unbestimmt (nur Pst),1,40,44
1512085,2023-07-31,204,Spittal/Drau,Frauen,bis 19 Jahre,B9999,unbestimmt (nur Pst),3,0,19
1512174,2023-07-31,204,Spittal/Drau,Männer,bis 19 Jahre,B9999,unbestimmt (nur Pst),4,0,19
1512631,2023-07-31,206,Villach,Männer,40 bis 44 Jahre,B9999,unbestimmt (nur Pst),1,40,44
1512667,2023-07-31,207,Völkermarkt,Frauen,bis 19 Jahre,B9999,unbestimmt (nur Pst),2,0,19
1512690,2023-07-31,207,Völkermarkt,Frauen,30 bis 34 Jahre,B9999,unbestimmt (nur Pst),1,30,34
1512712,2023-07-31,207,Völkermarkt,Frauen,45 bis 49 Jahre,B9999,unbestimmt (nur Pst),1,45,49
1512869,2023-07-31,208,Wolfsberg,Männer,bis 19 Jahre,B9999,unbestimmt (nur Pst),2,0,19
1512927,2023-07-31,301,Amstetten,Frauen,bis 19 Jahre,B9999,unbestimmt (nur Pst),6,0,19
1512947,2023-07-31,301,Amstetten,Frauen,20 bis 24 Jahre,B9999,unbestimmt (nur Pst),1,20,24
1512965,2023-07-31,301,Amstetten,Frauen,25 bis 29 Jahre,B9999,unbestimmt (nur Pst),1,25,29
1513017,2023-07-31,301,Amstetten,Frauen,45 bis 49 Jahre,B9999,unbestimmt (nur Pst),1,45,49
1513051,2023-07-31,301,Amstetten,Männer,bis 19 Jahre,B9999,unbestimmt (nur Pst),8,0,19
1513072,2023-07-31,301,Amstetten,Männer,20 bis 24 Jahre,B9999,unbestimmt (nur Pst),3,20,24
1513086,2023-07-31,301,Amstetten,Männer,25 bis 29 Jahre,B9999,unbestimmt (nur Pst),1,25,29
1513181,2023-07-31,304,Baden neu,Frauen,bis 19 Jahre,B9999,unbestimmt (nur Pst),2,0,19
1513213,2023-07-31,304,Baden neu,Frauen,20 bis 24 Jahre,B9999,unbestimmt (nur Pst),1,20,24
1513232,2023-07-31,304,Baden neu,Frauen,25 bis 29 Jahre,B9999,unbestimmt (nur Pst),1,25,29
1513384,2023-07-31,304,Baden neu,Männer,bis 19 Jahre,B9999,unbestimmt (nur Pst),1,0,19
1513533,2023-07-31,306,Bruck/Leitha,Frauen,bis 19 Jahre,B9999,unbestimmt (nur Pst),1,0,19
1513548,2023-07-31,306,Bruck/Leitha,Frauen,20 bis 24 Jahre,B9999,unbestimmt (nur Pst),1,20,24
1513628,2023-07-31,306,Bruck/Leitha,Männer,20 bis 24 Jahre,B9999,unbestimmt (nur Pst),1,20,24
1513691,2023-07-31,308,Gänserndorf,Frauen,bis 19 Jahre,B9999,unbestimmt (nur Pst),2,0,19
1513712,2023-07-31,308,Gänserndorf,Frauen,20 bis 24 Jahre,B9999,unbestimmt (nur Pst),2,20,24
1513728,2023-07-31,308,Gänserndorf,Frauen,25 bis 29 Jahre,B9999,unbestimmt (nur Pst),1,25,29
1513842,2023-07-31,308,Gänserndorf,Männer,bis 19 Jahre,B9999,unbestimmt (nur Pst),5,0,19
1513881,2023-07-31,308,Gänserndorf,Männer,20 bis 24 Jahre,B9999,unbestimmt (nur Pst),1,20,24
1514042,2023-07-31,311,Gmünd,Männer,bis 19 Jahre,B9999,unbestimmt (nur Pst),4,0,19
1514106,2023-07-31,312,Hollabrunn,Frauen,20 bis 24 Jahre,B9999,unbestimmt (nur Pst),1,20,24
1514243,2023-07-31,313,Horn,Frauen,20 bis 24 Jahre,B9999,unbestimmt (nur Pst),2,20,24
1514319,2023-07-31,314,Korneuburg,Frauen,bis 19 Jahre,B9999,unbestimmt (nur Pst),1,0,19
1514340,2023-07-31,314,Korneuburg,Frauen,20 bis 24 Jahre,B9999,unbestimmt (nur Pst),1,20,24
1514351,2023-07-31,314,Korneuburg,Frauen,25 bis 29 Jahre,B9999,unbestimmt (nur Pst),2,25,29
1514563,2023-07-31,315,Krems,Frauen,bis 19 Jahre,B9999,unbestimmt (nur Pst),2,0,19
1514589,2023-07-31,315,Krems,Frauen,20 bis 24 Jahre,B9999,unbestimmt (nur Pst),2,20,24
1514621,2023-07-31,315,Krems,Frauen,30 bis 34 Jahre,B9999,unbestimmt (nur Pst),1,30,34
1514645,2023-07-31,315,Krems,Frauen,40 bis 44 Jahre,B9999,unbestimmt (nur Pst),1,40,44
1514692,2023-07-31,315,Krems,Männer,bis 19 Jahre,B9999,unbestimmt (nur Pst),2,0,19
1514736,2023-07-31,315,Krems,Männer,25 bis 29 Jahre,B9999,unbestimmt (nur Pst),1,25,29
1514797,2023-07-31,316,Lilienfeld,Frauen,bis 19 Jahre,B9999,unbestimmt (nur Pst),1,0,19
1514802,2023-07-31,316,Lilienfeld,Frauen,20 bis 24 Jahre,B9999,unbestimmt (nur Pst),1,20,24
1514818,2023-07-31,316,Lilienfeld,Frauen,30 bis 34 Jahre,B9999,unbestimmt (nur Pst),1,30,34
1514839,2023-07-31,316,Lilienfeld,Frauen,50 bis 54 Jahre,B9999,unbestimmt (nur Pst),1,50,54
1514853,2023-07-31,316,Lilienfeld,Männer,bis 19 Jahre,B9999,unbestimmt (nur Pst),2,0,19
1514904,2023-07-31,317,Melk,Frauen,bis 19 Jahre,B9999,unbestimmt (nur Pst),3,0,19
1514920,2023-07-31,317,Melk,Frauen,20 bis 24 Jahre,B9999,unbestimmt (nur Pst),1,20,24
1515006,2023-07-31,317,Melk,Männer,bis 19 Jahre,B9999,unbestimmt (nur Pst),1,0,19
1515070,2023-07-31,319,Mistelbach,Frauen,bis 19 Jahre,B9999,unbestimmt (nur Pst),1,0,19
1515125,2023-07-31,319,Mistelbach,Frauen,40 bis 44 Jahre,B9999,unbestimmt (nur Pst),1,40,44
1515163,2023-07-31,319,Mistelbach,Männer,bis 19 Jahre,B9999,unbestimmt (nur Pst),1,0,19
1515243,2023-07-31,321,Mödling,Frauen,bis 19 Jahre,B9999,unbestimmt (nur Pst),2,0,19
1515259,2023-07-31,321,Mödling,Frauen,20 bis 24 Jahre,B9999,unbestimmt (nur Pst),2,20,24
1515398,2023-07-31,321,Mödling,Männer,bis 19 Jahre,B9999,unbestimmt (nur Pst),14,0,19
1515663,2023-07-31,323,Neunkirchen,Männer,bis 19 Jahre,B9999,unbestimmt (nur Pst),1,0,19
1515795,2023-07-31,326,St. Pölten,Frauen,bis 19 Jahre,B9999,unbestimmt (nur Pst),9,0,19
1515830,2023-07-31,326,St. Pölten,Frauen,20 bis 24 Jahre,B9999,unbestimmt (nur Pst),3,20,24
1515968,2023-07-31,326,St. Pölten,Frauen,45 bis 49 Jahre,B9999,unbestimmt (nur Pst),1,45,49
1516031,2023-07-31,326,St. Pölten,Männer,bis 19 Jahre,B9999,unbestimmt (nur Pst),15,0,19
1516069,2023-07-31,326,St. Pölten,Männer,20 bis 24 Jahre,B9999,unbestimmt (nur Pst),7,20,24
1516114,2023-07-31,326,St. Pölten,Männer,30 bis 34 Jahre,B9999,unbestimmt (nur Pst),1,30,34
1516207,2023-07-31,326,St. Pölten,Männer,50 bis 54 Jahre,B9999,unbestimmt (nur Pst),2,50,54
1516292,2023-07-31,328,Scheibbs,Männer,bis 19 Jahre,B9999,unbestimmt (nur Pst),1,0,19
1516361,2023-07-31,329,Schwechat,Frauen,20 bis 24 Jahre,B9999,unbestimmt (nur Pst),1,20,24
1516444,2023-07-31,329,Schwechat,Männer,bis 19 Jahre,B9999,unbestimmt (nur Pst),3,0,19
1516524,2023-07-31,331,Tulln,Frauen,bis 19 Jahre,B9999,unbestimmt (nur Pst),4,0,19
1516545,2023-07-31,331,Tulln,Frauen,20 bis 24 Jahre,B9999,unbestimmt (nur Pst),2,20,24
1516633,2023-07-31,331,Tulln,Frauen,50 bis 54 Jahre,B9999,unbestimmt (nur Pst),1,50,54
1516652,2023-07-31,331,Tulln,Männer,bis 19 Jahre,B9999,unbestimmt (nur Pst),2,0,19
1516676,2023-07-31,331,Tulln,Männer,20 bis 24 Jahre,B9999,unbestimmt (nur Pst),2,20,24
1516700,2023-07-31,331,Tulln,Männer,30 bis 34 Jahre,B9999,unbestimmt (nur Pst),1,30,34
1516762,2023-07-31,332,Waidhofen/Thaya,Frauen,bis 19 Jahre,B9999,unbestimmt (nur Pst),2,0,19
1516777,2023-07-31,332,Waidhofen/Thaya,Frauen,20 bis 24 Jahre,B9999,unbestimmt (nur Pst),1,20,24
1516815,2023-07-31,332,Waidhofen/Thaya,Männer,bis 19 Jahre,B9999,unbestimmt (nur Pst),1,0,19
1516892,2023-07-31,333,Waidhofen/Ybbs,Männer,bis 19 Jahre,B9999,unbestimmt (nur Pst),1,0,19
1516940,2023-07-31,334,Wr. Neustadt,Frauen,bis 19 Jahre,B9999,unbestimmt (nur Pst),5,0,19
1516965,2023-07-31,334,Wr. Neustadt,Frauen,20 bis 24 Jahre,B9999,unbestimmt (nur Pst),1,20,24
1517119,2023-07-31,334,Wr. Neustadt,Männer,bis 19 Jahre,B9999,unbestimmt (nur Pst),3,0,19
1517357,2023-07-31,335,Zwettl,Männer,bis 19 Jahre,B9999,unbestimmt (nur Pst),1,0,19
1517376,2023-07-31,335,Zwettl,Männer,30 bis 34 Jahre,B9999,unbestimmt (nur Pst),1,30,34
1517409,2023-07-31,401,Braunau,Frauen,bis 19 Jahre,B9999,unbestimmt (nur Pst),13,0,19
1517432,2023-07-31,401,Braunau,Frauen,20 bis 24 Jahre,B9999,unbestimmt (nur Pst),7,20,24
1517458,2023-07-31,401,Braunau,Frauen,25 bis 29 Jahre,B9999,unbestimmt (nur Pst),2,25,29
1517479,2023-07-31,401,Braunau,Frauen,30 bis 34 Jahre,B9999,unbestimmt (nur Pst),4,30,34
1517503,2023-07-31,401,Braunau,Frauen,35 bis 39 Jahre,B9999,unbestimmt (nur Pst),1,35,39
1517541,2023-07-31,401,Braunau,Frauen,45 bis 49 Jahre,B9999,unbestimmt (nur Pst),1,45,49
1517583,2023-07-31,401,Braunau,Männer,bis 19 Jahre,B9999,unbestimmt (nur Pst),20,0,19
1517612,2023-07-31,401,Braunau,Männer,20 bis 24 Jahre,B9999,unbestimmt (nur Pst),3,20,24
1517639,2023-07-31,401,Braunau,Männer,25 bis 29 Jahre,B9999,unbestimmt (nur Pst),1,25,29
1517660,2023-07-31,401,Braunau,Männer,30 bis 34 Jahre,B9999,unbestimmt (nur Pst),2,30,34
1517677,2023-07-31,401,Braunau,Männer,35 bis 39 Jahre,B9999,unbestimmt (nur Pst),2,35,39
1517690,2023-07-31,401,Braunau,Männer,40 bis 44 Jahre,B9999,unbestimmt (nur Pst),2,40,44
1517704,2023-07-31,401,Braunau,Männer,45 bis 49 Jahre,B9999,unbestimmt (nur Pst),1,45,49
1517737,2023-07-31,402,Eferding,Frauen,bis 19 Jahre,B9999,unbestimmt (nur Pst),1,0,19
1517746,2023-07-31,402,Eferding,Frauen,20 bis 24 Jahre,B9999,unbestimmt (nur Pst),1,20,24
1517753,2023-07-31,402,Eferding,Frauen,25 bis 29 Jahre,B9999,unbestimmt (nur Pst),1,25,29
1517759,2023-07-31,402,Eferding,Frauen,30 bis 34 Jahre,B9999,unbestimmt (nur Pst),1,30,34
1517764,2023-07-31,402,Eferding,Frauen,35 bis 39 Jahre,B9999,unbestimmt (nur Pst),1,35,39
1517792,2023-07-31,402,Eferding,Frauen,60 bis 64 Jahre,B9999,unbestimmt (nur Pst),1,60,64
1517843,2023-07-31,403,Freistadt,Frauen,bis 19 Jahre,B9999,unbestimmt (nur Pst),1,0,19
1517859,2023-07-31,403,Freistadt,Frauen,20 bis 24 Jahre,B9999,unbestimmt (nur Pst),2,20,24
1517872,2023-07-31,403,Freistadt,Frauen,25 bis 29 Jahre,B9999,unbestimmt (nur Pst),1,25,29
1518034,2023-07-31,404,Gmunden,Frauen,bis 19 Jahre,B9999,unbestimmt (nur Pst),5,0,19
1518068,2023-07-31,404,Gmunden,Frauen,25 bis 29 Jahre,B9999,unbestimmt (nur Pst),1,25,29
1518146,2023-07-31,404,Gmunden,Frauen,50 bis 54 Jahre,B9999,unbestimmt (nur Pst),1,50,54
1518175,2023-07-31,404,Gmunden,Männer,bis 19 Jahre,B9999,unbestimmt (nur Pst),3,0,19
1518302,2023-07-31,406,Grieskirchen,Frauen,bis 19 Jahre,B9999,unbestimmt (nur Pst),2,0,19
1518320,2023-07-31,406,Grieskirchen,Frauen,20 bis 24 Jahre,B9999,unbestimmt (nur Pst),1,20,24
1518337,2023-07-31,406,Grieskirchen,Frauen,25 bis 29 Jahre,B9999,unbestimmt (nur Pst),1,25,29
1518351,2023-07-31,406,Grieskirchen,Frauen,30 bis 34 Jahre,B9999,unbestimmt (nur Pst),2,30,34
1518378,2023-07-31,406,Grieskirchen,Frauen,40 bis 44 Jahre,B9999,unbestimmt (nur Pst),1,40,44
1518389,2023-07-31,406,Grieskirchen,Frauen,45 bis 49 Jahre,B9999,unbestimmt (nur Pst),1,45,49
1518421,2023-07-31,406,Grieskirchen,Männer,bis 19 Jahre,B9999,unbestimmt (nur Pst),2,0,19
1518501,2023-07-31,407,Kirchdorf/Krems,Frauen,bis 19 Jahre,B9999,unbestimmt (nur Pst),4,0,19
1518515,2023-07-31,407,Kirchdorf/Krems,Frauen,20 bis 24 Jahre,B9999,unbestimmt (nur Pst),1,20,24
1518578,2023-07-31,407,Kirchdorf/Krems,Frauen,50 bis 54 Jahre,B9999,unbestimmt (nur Pst),1,50,54
1518597,2023-07-31,407,Kirchdorf/Krems,Männer,bis 19 Jahre,B9999,unbestimmt (nur Pst),3,0,19
1518620,2023-07-31,407,Kirchdorf/Krems,Männer,25 bis 29 Jahre,B9999,unbestimmt (nur Pst),1,25,29
1518691,2023-07-31,409,Linz neu,Frauen,bis 19 Jahre,B9999,unbestimmt (nur Pst),22,0,19
1518735,2023-07-31,409,Linz neu,Frauen,20 bis 24 Jahre,B9999,unbestimmt (nur Pst),17,20,24
1518782,2023-07-31,409,Linz neu,Frauen,25 bis 29 Jahre,B9999,unbestimmt (nur Pst),5,25,29
1518821,2023-07-31,409,Linz neu,Frauen,30 bis 34 Jahre,B9999,unbestimmt (nur Pst),3,30,34
1518875,2023-07-31,409,Linz neu,Frauen,35 bis 39 Jahre,B9999,unbestimmt (nur Pst),3,35,39
1518916,2023-07-31,409,Linz neu,Frauen,40 bis 44 Jahre,B9999,unbestimmt (nur Pst),3,40,44
1518962,2023-07-31,409,Linz neu,Frauen,45 bis 49 Jahre,B9999,unbestimmt (nur Pst),2,45,49
1519043,2023-07-31,409,Linz neu,Männer,bis 19 Jahre,B9999,unbestimmt (nur Pst),31,0,19
1519096,2023-07-31,409,Linz neu,Männer,20 bis 24 Jahre,B9999,unbestimmt (nur Pst),15,20,24
1519151,2023-07-31,409,Linz neu,Männer,25 bis 29 Jahre,B9999,unbestimmt (nur Pst),2,25,29
1519248,2023-07-31,409,Linz neu,Männer,35 bis 39 Jahre,B9999,unbestimmt (nur Pst),2,35,39
1519289,2023-07-31,409,Linz neu,Männer,40 bis 44 Jahre,B9999,unbestimmt (nur Pst),3,40,44
1519380,2023-07-31,409,Linz neu,Männer,60 bis 64 Jahre,B9999,unbestimmt (nur Pst),1,60,64
1519392,2023-07-31,411,Perg,Frauen,bis 19 Jahre,B9999,unbestimmt (nur Pst),1,0,19
1519506,2023-07-31,411,Perg,Männer,bis 19 Jahre,B9999,unbestimmt (nur Pst),2,0,19
1519524,2023-07-31,411,Perg,Männer,20 bis 24 Jahre,B9999,unbestimmt (nur Pst),1,20,24
1519601,2023-07-31,412,Ried im Innkreis,Frauen,bis 19 Jahre,B9999,unbestimmt (nur Pst),11,0,19
1519620,2023-07-31,412,Ried im Innkreis,Frauen,20 bis 24 Jahre,B9999,unbestimmt (nur Pst),1,20,24
1519640,2023-07-31,412,Ried im Innkreis,Frauen,25 bis 29 Jahre,B9999,unbestimmt (nur Pst),2,25,29
1519654,2023-07-31,412,Ried im Innkreis,Frauen,30 bis 34 Jahre,B9999,unbestimmt (nur Pst),2,30,34
1519685,2023-07-31,412,Ried im Innkreis,Frauen,40 bis 44 Jahre,B9999,unbestimmt (nur Pst),2,40,44
1519703,2023-07-31,412,Ried im Innkreis,Frauen,50 bis 54 Jahre,B9999,unbestimmt (nur Pst),2,50,54
1519726,2023-07-31,412,Ried im Innkreis,Männer,bis 19 Jahre,B9999,unbestimmt (nur Pst),4,0,19
1519781,2023-07-31,412,Ried im Innkreis,Männer,35 bis 39 Jahre,B9999,unbestimmt (nur Pst),1,35,39
1519821,2023-07-31,413,Rohrbach,Frauen,bis 19 Jahre,B9999,unbestimmt (nur Pst),2,0,19
1519832,2023-07-31,413,Rohrbach,Frauen,20 bis 24 Jahre,B9999,unbestimmt (nur Pst),1,20,24
1519866,2023-07-31,413,Rohrbach,Frauen,35 bis 39 Jahre,B9999,unbestimmt (nur Pst),1,35,39
1519898,2023-07-31,413,Rohrbach,Frauen,55 bis 59 Jahre,B9999,unbestimmt (nur Pst),1,55,59
1519899,2023-07-31,413,Rohrbach,Frauen,60 bis 64 Jahre,B9999,unbestimmt (nur Pst),1,60,64
1519906,2023-07-31,413,Rohrbach,Männer,bis 19 Jahre,B9999,unbestimmt (nur Pst),1,0,19
1519967,2023-07-31,414,Schärding,Frauen,bis 19 Jahre,B9999,unbestimmt (nur Pst),4,0,19
1519978,2023-07-31,414,Schärding,Frauen,20 bis 24 Jahre,B9999,unbestimmt (nur Pst),3,20,24
1520010,2023-07-31,414,Schärding,Frauen,35 bis 39 Jahre,B9999,unbestimmt (nur Pst),1,35,39
1520087,2023-07-31,414,Schärding,Männer,40 bis 44 Jahre,B9999,unbestimmt (nur Pst),1,40,44
1520114,2023-07-31,415,Steyr,Frauen,bis 19 Jahre,B9999,unbestimmt (nur Pst),11,0,19
1520137,2023-07-31,415,Steyr,Frauen,20 bis 24 Jahre,B9999,unbestimmt (nur Pst),5,20,24
1520210,2023-07-31,415,Steyr,Frauen,35 bis 39 Jahre,B9999,unbestimmt (nur Pst),1,35,39
1520302,2023-07-31,415,Steyr,Männer,bis 19 Jahre,B9999,unbestimmt (nur Pst),14,0,19
1520327,2023-07-31,415,Steyr,Männer,20 bis 24 Jahre,B9999,unbestimmt (nur Pst),4,20,24
1520352,2023-07-31,415,Steyr,Männer,25 bis 29 Jahre,B9999,unbestimmt (nur Pst),3,25,29
1520476,2023-07-31,418,Vöcklabruck,Frauen,bis 19 Jahre,B9999,unbestimmt (nur Pst),3,0,19
1520499,2023-07-31,418,Vöcklabruck,Frauen,20 bis 24 Jahre,B9999,unbestimmt (nur Pst),1,20,24
1520562,2023-07-31,418,Vöcklabruck,Frauen,35 bis 39 Jahre,B9999,unbestimmt (nur Pst),1,35,39
1520650,2023-07-31,418,Vöcklabruck,Männer,bis 19 Jahre,B9999,unbestimmt (nur Pst),4,0,19
1520681,2023-07-31,418,Vöcklabruck,Männer,20 bis 24 Jahre,B9999,unbestimmt (nur Pst),1,20,24
1520699,2023-07-31,418,Vöcklabruck,Männer,25 bis 29 Jahre,B9999,unbestimmt (nur Pst),1,25,29
1520867,2023-07-31,419,Wels,Frauen,25 bis 29 Jahre,B9999,unbestimmt (nur Pst),1,25,29
1520953,2023-07-31,419,Wels,Frauen,45 bis 49 Jahre,B9999,unbestimmt (nur Pst),1,45,49
1521082,2023-07-31,419,Wels,Männer,30 bis 34 Jahre,B9999,unbestimmt (nur Pst),1,30,34
1521277,2023-07-31,421,Traun,Frauen,35 bis 39 Jahre,B9999,unbestimmt (nur Pst),1,35,39
1521382,2023-07-31,421,Traun,Männer,bis 19 Jahre,B9999,unbestimmt (nur Pst),1,0,19
1521435,2023-07-31,421,Traun,Männer,25 bis 29 Jahre,B9999,unbestimmt (nur Pst),1,25,29
1522634,2023-07-31,601,Bruck/Mur,Frauen,bis 19 Jahre,B9999,unbestimmt (nur Pst),6,0,19
1522748,2023-07-31,601,Bruck/Mur,Männer,bis 19 Jahre,B9999,unbestimmt (nur Pst),4,0,19
1522871,2023-07-31,603,Deutschlandsberg,Frauen,bis 19 Jahre,B9999,unbestimmt (nur Pst),1,0,19
1522888,2023-07-31,603,Deutschlandsberg,Frauen,20 bis 24 Jahre,B9999,unbestimmt (nur Pst),1,20,24
1523088,2023-07-31,604,Feldbach,Frauen,20 bis 24 Jahre,B9999,unbestimmt (nur Pst),1,20,24
1523285,2023-07-31,606,Gleisdorf,Frauen,bis 19 Jahre,B9999,unbestimmt (nur Pst),1,0,19
1523299,2023-07-31,606,Gleisdorf,Frauen,20 bis 24 Jahre,B9999,unbestimmt (nur Pst),1,20,24
1523369,2023-07-31,606,Gleisdorf,Männer,bis 19 Jahre,B9999,unbestimmt (nur Pst),2,0,19
1523561,2023-07-31,609,Hartberg,Männer,bis 19 Jahre,B9999,unbestimmt (nur Pst),1,0,19
1523630,2023-07-31,609,Hartberg,Männer,40 bis 44 Jahre,B9999,unbestimmt (nur Pst),1,40,44
1523760,2023-07-31,610,Judenburg,Frauen,45 bis 49 Jahre,B9999,unbestimmt (nur Pst),1,45,49
1523775,2023-07-31,610,Judenburg,Frauen,55 bis 59 Jahre,B9999,unbestimmt (nur Pst),1,55,59
1523886,2023-07-31,611,Murau,Frauen,20 bis 24 Jahre,B9999,unbestimmt (nur Pst),1,20,24
1523950,2023-07-31,614,Leibnitz,Frauen,bis 19 Jahre,B9999,unbestimmt (nur Pst),2,0,19
1523982,2023-07-31,614,Leibnitz,Frauen,20 bis 24 Jahre,B9999,unbestimmt (nur Pst),1,20,24
1524001,2023-07-31,614,Leibnitz,Frauen,25 bis 29 Jahre,B9999,unbestimmt (nur Pst),1,25,29
1524038,2023-07-31,614,Leibnitz,Frauen,35 bis 39 Jahre,B9999,unbestimmt (nur Pst),1,35,39
1524253,2023-07-31,616,Leoben,Frauen,20 bis 24 Jahre,B9999,unbestimmt (nur Pst),1,20,24
1524552,2023-07-31,618,Liezen,Männer,bis 19 Jahre,B9999,unbestimmt (nur Pst),1,0,19
1524640,2023-07-31,621,Mürzzuschlag,Frauen,bis 19 Jahre,B9999,unbestimmt (nur Pst),2,0,19
1524652,2023-07-31,621,Mürzzuschlag,Frauen,20 bis 24 Jahre,B9999,unbestimmt (nur Pst),1,20,24
1524672,2023-07-31,621,Mürzzuschlag,Frauen,35 bis 39 Jahre,B9999,unbestimmt (nur Pst),1,35,39
1524682,2023-07-31,621,Mürzzuschlag,Frauen,40 bis 44 Jahre,B9999,unbestimmt (nur Pst),1,40,44
1524701,2023-07-31,621,Mürzzuschlag,Frauen,50 bis 54 Jahre,B9999,unbestimmt (nur Pst),1,50,54
1524716,2023-07-31,621,Mürzzuschlag,Männer,bis 19 Jahre,B9999,unbestimmt (nur Pst),2,0,19
1524792,2023-07-31,622,Voitsberg,Frauen,bis 19 Jahre,B9999,unbestimmt (nur Pst),3,0,19
1524896,2023-07-31,622,Voitsberg,Männer,bis 19 Jahre,B9999,unbestimmt (nur Pst),1,0,19
1524977,2023-07-31,623,Weiz,Frauen,20 bis 24 Jahre,B9999,unbestimmt (nur Pst),1,20,24
1524981,2023-07-31,623,Weiz,Frauen,25 bis 29 Jahre,B9999,unbestimmt (nur Pst),1,25,29
1524991,2023-07-31,623,Weiz,Frauen,30 bis 34 Jahre,B9999,unbestimmt (nur Pst),2,30,34
1525005,2023-07-31,623,Weiz,Frauen,40 bis 44 Jahre,B9999,unbestimmt (nur Pst),1,40,44
1525015,2023-07-31,623,Weiz,Frauen,45 bis 49 Jahre,B9999,unbestimmt (nur Pst),1,45,49
1525026,2023-07-31,623,Weiz,Frauen,55 bis 59 Jahre,B9999,unbestimmt (nur Pst),1,55,59
1525035,2023-07-31,623,Weiz,Männer,bis 19 Jahre,B9999,unbestimmt (nur Pst),3,0,19
1525062,2023-07-31,623,Weiz,Männer,35 bis 39 Jahre,B9999,unbestimmt (nur Pst),1,35,39
1525071,2023-07-31,623,Weiz,Männer,40 bis 44 Jahre,B9999,unbestimmt (nur Pst),1,40,44
1525124,2023-07-31,630,Graz-West und Umgebung,Frauen,bis 19 Jahre,B9999,unbestimmt (nur Pst),8,0,19
1525171,2023-07-31,630,Graz-West und Umgebung,Frauen,20 bis 24 Jahre,B9999,unbestimmt (nur Pst),2,20,24
1525405,2023-07-31,630,Graz-West und Umgebung,Frauen,45 bis 49 Jahre,B9999,unbestimmt (nur Pst),1,45,49
1525455,2023-07-31,630,Graz-West und Umgebung,Frauen,55 bis 59 Jahre,B9999,unbestimmt (nur Pst),1,55,59
1525504,2023-07-31,630,Graz-West und Umgebung,Männer,bis 19 Jahre,B9999,unbestimmt (nur Pst),8,0,19
1525620,2023-07-31,630,Graz-West und Umgebung,Männer,25 bis 29 Jahre,B9999,unbestimmt (nur Pst),2,25,29
1526426,2023-07-31,702,Innsbruck,Frauen,bis 19 Jahre,B9999,unbestimmt (nur Pst),1,0,19
1526475,2023-07-31,702,Innsbruck,Frauen,25 bis 29 Jahre,B9999,unbestimmt (nur Pst),1,25,29
1526507,2023-07-31,702,Innsbruck,Frauen,30 bis 34 Jahre,B9999,unbestimmt (nur Pst),1,30,34
1526538,2023-07-31,702,Innsbruck,Frauen,35 bis 39 Jahre,B9999,unbestimmt (nur Pst),1,35,39
1526710,2023-07-31,702,Innsbruck,Männer,25 bis 29 Jahre,B9999,unbestimmt (nur Pst),2,25,29
1526761,2023-07-31,702,Innsbruck,Männer,35 bis 39 Jahre,B9999,unbestimmt (nur Pst),1,35,39
1526797,2023-07-31,702,Innsbruck,Männer,45 bis 49 Jahre,B9999,unbestimmt (nur Pst),1,45,49
1526860,2023-07-31,704,Kitzbühel,Frauen,30 bis 34 Jahre,B9999,unbestimmt (nur Pst),1,30,34
1526903,2023-07-31,704,Kitzbühel,Männer,55 bis 59 Jahre,B9999,unbestimmt (nur Pst),1,55,59
1526915,2023-07-31,705,Kufstein,Frauen,bis 19 Jahre,B9999,unbestimmt (nur Pst),1,0,19
1526973,2023-07-31,705,Kufstein,Frauen,35 bis 39 Jahre,B9999,unbestimmt (nur Pst),1,35,39
1527026,2023-07-31,705,Kufstein,Männer,bis 19 Jahre,B9999,unbestimmt (nur Pst),4,0,19
1527048,2023-07-31,705,Kufstein,Männer,20 bis 24 Jahre,B9999,unbestimmt (nur Pst),1,20,24
1527130,2023-07-31,706,Landeck,Frauen,bis 19 Jahre,B9999,unbestimmt (nur Pst),1,0,19
1527294,2023-07-31,709,Schwaz,Frauen,bis 19 Jahre,B9999,unbestimmt (nur Pst),2,0,19
1527307,2023-07-31,709,Schwaz,Frauen,20 bis 24 Jahre,B9999,unbestimmt (nur Pst),1,20,24
1527378,2023-07-31,709,Schwaz,Männer,bis 19 Jahre,B9999,unbestimmt (nur Pst),1,0,19
1527447,2023-07-31,801,Bludenz,Frauen,bis 19 Jahre,B9999,unbestimmt (nur Pst),1,0,19
1527467,2023-07-31,801,Bludenz,Frauen,20 bis 24 Jahre,B9999,unbestimmt (nur Pst),2,20,24
1527479,2023-07-31,801,Bludenz,Frauen,25 bis 29 Jahre,B9999,unbestimmt (nur Pst),1,25,29
1527554,2023-07-31,801,Bludenz,Männer,bis 19 Jahre,B9999,unbestimmt (nur Pst),1,0,19
1527571,2023-07-31,801,Bludenz,Männer,20 bis 24 Jahre,B9999,unbestimmt (nur Pst),2,20,24
1527662,2023-07-31,802,Bregenz,Frauen,20 bis 24 Jahre,B9999,unbestimmt (nur Pst),1,20,24
1527684,2023-07-31,802,Bregenz,Frauen,25 bis 29 Jahre,B9999,unbestimmt (nur Pst),1,25,29
1527717,2023-07-31,802,Bregenz,Frauen,35 bis 39 Jahre,B9999,unbestimmt (nur Pst),1,35,39
1527733,2023-07-31,802,Bregenz,Frauen,40 bis 44 Jahre,B9999,unbestimmt (nur Pst),1,40,44
1527765,2023-07-31,802,Bregenz,Frauen,60 bis 64 Jahre,B9999,unbestimmt (nur Pst),1,60,64
1527822,2023-07-31,802,Bregenz,Männer,20 bis 24 Jahre,B9999,unbestimmt (nur Pst),1,20,24
1527884,2023-07-31,802,Bregenz,Männer,35 bis 39 Jahre,B9999,unbestimmt (nur Pst),1,35,39
1527948,2023-07-31,804,Dornbirn,Frauen,20 bis 24 Jahre,B9999,unbestimmt (nur Pst),3,20,24
1528062,2023-07-31,804,Dornbirn,Männer,bis 19 Jahre,B9999,unbestimmt (nur Pst),4,0,19
1528091,2023-07-31,804,Dornbirn,Männer,20 bis 24 Jahre,B9999,unbestimmt (nur Pst),1,20,24
1528130,2023-07-31,804,Dornbirn,Männer,30 bis 34 Jahre,B9999,unbestimmt (nur Pst),3,30,34
1528143,2023-07-31,804,Dornbirn,Männer,35 bis 39 Jahre,B9999,unbestimmt (nur Pst),1,35,39
1528202,2023-07-31,805,Feldkirch,Frauen,bis 19 Jahre,B9999,unbestimmt (nur Pst),3,0,19
1528240,2023-07-31,805,Feldkirch,Frauen,20 bis 24 Jahre,B9999,unbestimmt (nur Pst),9,20,24
1528262,2023-07-31,805,Feldkirch,Frauen,25 bis 29 Jahre,B9999,unbestimmt (nur Pst),4,25,29
1528278,2023-07-31,805,Feldkirch,Frauen,30 bis 34 Jahre,B9999,unbestimmt (nur Pst),2,30,34
1528295,2023-07-31,805,Feldkirch,Frauen,35 bis 39 Jahre,B9999,unbestimmt (nur Pst),1,35,39
1528326,2023-07-31,805,Feldkirch,Frauen,45 bis 49 Jahre,B9999,unbestimmt (nur Pst),1,45,49
1528380,2023-07-31,805,Feldkirch,Männer,bis 19 Jahre,B9999,unbestimmt (nur Pst),9,0,19
1528412,2023-07-31,805,Feldkirch,Männer,20 bis 24 Jahre,B9999,unbestimmt (nur Pst),4,20,24
1528439,2023-07-31,805,Feldkirch,Männer,25 bis 29 Jahre,B9999,unbestimmt (nur Pst),1,25,29
1528474,2023-07-31,805,Feldkirch,Männer,35 bis 39 Jahre,B9999,unbestimmt (nur Pst),1,35,39
1528761,2023-07-31,958,Wien Johnstraße,Männer,25 bis 29 Jahre,B9999,unbestimmt (nur Pst),1,25,29
1530525,2023-07-31,962,Wien Redergasse,Männer,45 bis 49 Jahre,B9999,unbestimmt (nur Pst),1,45,49
1530732,2023-07-31,963,Wien Währinger Gürtel,Frauen,40 bis 44 Jahre,B9999,unbestimmt (nur Pst),1,40,44
1530784,2023-07-31,963,Wien Währinger Gürtel,Frauen,50 bis 54 Jahre,B9999,unbestimmt (nur Pst),1,50,54
1530823,2023-07-31,963,Wien Währinger Gürtel,Männer,25 bis 29 Jahre,B9999,unbestimmt (nur Pst),1,25,29
1531051,2023-07-31,964,Wien Favoritenstraße,Frauen,25 bis 29 Jahre,B9999,unbestimmt (nur Pst),1,25,29
1533812,2023-07-31,968,Wien Schloßhofer Straße,Frauen,30 bis 34 Jahre,B9999,unbestimmt (nur Pst),1,30,34
1534990,2023-07-31,974,Wien Austria Campus,Frauen,25 bis 29 Jahre,B9999,unbestimmt (nur Pst),1,25,29
1535927,2023-07-31,976,Wien Jugendliche I,Frauen,bis 19 Jahre,B9999,unbestimmt (nur Pst),7,0,19
1536018,2023-07-31,976,Wien Jugendliche I,Frauen,20 bis 24 Jahre,B9999,unbestimmt (nur Pst),8,20,24
1536141,2023-07-31,976,Wien Jugendliche I,Männer,bis 19 Jahre,B9999,unbestimmt (nur Pst),10,0,19
1536301,2023-07-31,976,Wien Jugendliche I,Männer,20 bis 24 Jahre,B9999,unbestimmt (nur Pst),1,20,24
1536810,2023-08-31,101,Eisenstadt,Frauen,bis 19 Jahre,B9999,unbestimmt (nur Pst),1,0,19
1536901,2023-08-31,101,Eisenstadt,Männer,bis 19 Jahre,B9999,unbestimmt (nur Pst),1,0,19
1536967,2023-08-31,102,Mattersburg,Frauen,bis 19 Jahre,B9999,unbestimmt (nur Pst),5,0,19
1536976,2023-08-31,102,Mattersburg,Frauen,20 bis 24 Jahre,B9999,unbestimmt (nur Pst),1,20,24
1537004,2023-08-31,102,Mattersburg,Frauen,45 bis 49 Jahre,B9999,unbestimmt (nur Pst),1,45,49
1537020,2023-08-31,102,Mattersburg,Männer,bis 19 Jahre,B9999,unbestimmt (nur Pst),3,0,19
1537079,2023-08-31,103,Neusiedl am See,Frauen,20 bis 24 Jahre,B9999,unbestimmt (nur Pst),1,20,24
1537141,2023-08-31,103,Neusiedl am See,Männer,bis 19 Jahre,B9999,unbestimmt (nur Pst),1,0,19
1537457,2023-08-31,105,Oberwart,Männer,bis 19 Jahre,B9999,unbestimmt (nur Pst),1,0,19
1537562,2023-08-31,106,Stegersbach,Frauen,20 bis 24 Jahre,B9999,unbestimmt (nur Pst),1,20,24
1537595,2023-08-31,106,Stegersbach,Frauen,45 bis 49 Jahre,B9999,unbestimmt (nur Pst),1,45,49
1537844,2023-08-31,203,Klagenfurt,Frauen,bis 19 Jahre,B9999,unbestimmt (nur Pst),2,0,19
1537926,2023-08-31,203,Klagenfurt,Frauen,30 bis 34 Jahre,B9999,unbestimmt (nur Pst),1,30,34
1537950,2023-08-31,203,Klagenfurt,Frauen,35 bis 39 Jahre,B9999,unbestimmt (nur Pst),1,35,39
1538049,2023-08-31,203,Klagenfurt,Männer,bis 19 Jahre,B9999,unbestimmt (nur Pst),1,0,19
1538167,2023-08-31,203,Klagenfurt,Männer,45 bis 49 Jahre,B9999,unbestimmt (nur Pst),1,45,49
1538202,2023-08-31,204,Spittal/Drau,Frauen,bis 19 Jahre,B9999,unbestimmt (nur Pst),2,0,19
1538291,2023-08-31,204,Spittal/Drau,Männer,bis 19 Jahre,B9999,unbestimmt (nur Pst),2,0,19
1538588,2023-08-31,206,Villach,Frauen,40 bis 44 Jahre,B9999,unbestimmt (nur Pst),1,40,44
1538609,2023-08-31,206,Villach,Frauen,45 bis 49 Jahre,B9999,unbestimmt (nur Pst),1,45,49
1538741,2023-08-31,206,Villach,Männer,40 bis 44 Jahre,B9999,unbestimmt (nur Pst),1,40,44
1538781,2023-08-31,207,Völkermarkt,Frauen,bis 19 Jahre,B9999,unbestimmt (nur Pst),2,0,19
1538800,2023-08-31,207,Völkermarkt,Frauen,30 bis 34 Jahre,B9999,unbestimmt (nur Pst),1,30,34
1538823,2023-08-31,207,Völkermarkt,Frauen,45 bis 49 Jahre,B9999,unbestimmt (nur Pst),1,45,49
1538984,2023-08-31,208,Wolfsberg,Männer,bis 19 Jahre,B9999,unbestimmt (nur Pst),1,0,19
1539042,2023-08-31,301,Amstetten,Frauen,bis 19 Jahre,B9999,unbestimmt (nur Pst),8,0,19
1539062,2023-08-31,301,Amstetten,Frauen,20 bis 24 Jahre,B9999,unbestimmt (nur Pst),1,20,24
1539076,2023-08-31,301,Amstetten,Frauen,25 bis 29 Jahre,B9999,unbestimmt (nur Pst),1,25,29
1539156,2023-08-31,301,Amstetten,Männer,bis 19 Jahre,B9999,unbestimmt (nur Pst),6,0,19
1539177,2023-08-31,301,Amstetten,Männer,20 bis 24 Jahre,B9999,unbestimmt (nur Pst),4,20,24
1539286,2023-08-31,304,Baden neu,Frauen,bis 19 Jahre,B9999,unbestimmt (nur Pst),2,0,19
1539317,2023-08-31,304,Baden neu,Frauen,20 bis 24 Jahre,B9999,unbestimmt (nur Pst),1,20,24
1539483,2023-08-31,304,Baden neu,Männer,bis 19 Jahre,B9999,unbestimmt (nur Pst),1,0,19
1539629,2023-08-31,306,Bruck/Leitha,Frauen,bis 19 Jahre,B9999,unbestimmt (nur Pst),1,0,19
1539644,2023-08-31,306,Bruck/Leitha,Frauen,20 bis 24 Jahre,B9999,unbestimmt (nur Pst),1,20,24
1539722,2023-08-31,306,Bruck/Leitha,Männer,20 bis 24 Jahre,B9999,unbestimmt (nur Pst),1,20,24
1539778,2023-08-31,308,Gänserndorf,Frauen,bis 19 Jahre,B9999,unbestimmt (nur Pst),2,0,19
1539803,2023-08-31,308,Gänserndorf,Frauen,20 bis 24 Jahre,B9999,unbestimmt (nur Pst),3,20,24
1539817,2023-08-31,308,Gänserndorf,Frauen,25 bis 29 Jahre,B9999,unbestimmt (nur Pst),1,25,29
1539926,2023-08-31,308,Gänserndorf,Männer,bis 19 Jahre,B9999,unbestimmt (nur Pst),5,0,19
1539972,2023-08-31,308,Gänserndorf,Männer,20 bis 24 Jahre,B9999,unbestimmt (nur Pst),1,20,24
1540117,2023-08-31,311,Gmünd,Männer,bis 19 Jahre,B9999,unbestimmt (nur Pst),3,0,19
1540311,2023-08-31,313,Horn,Frauen,20 bis 24 Jahre,B9999,unbestimmt (nur Pst),2,20,24
1540386,2023-08-31,314,Korneuburg,Frauen,bis 19 Jahre,B9999,unbestimmt (nur Pst),1,0,19
1540407,2023-08-31,314,Korneuburg,Frauen,20 bis 24 Jahre,B9999,unbestimmt (nur Pst),1,20,24
1540417,2023-08-31,314,Korneuburg,Frauen,25 bis 29 Jahre,B9999,unbestimmt (nur Pst),2,25,29
1540636,2023-08-31,315,Krems,Frauen,bis 19 Jahre,B9999,unbestimmt (nur Pst),2,0,19
1540663,2023-08-31,315,Krems,Frauen,20 bis 24 Jahre,B9999,unbestimmt (nur Pst),2,20,24
1540698,2023-08-31,315,Krems,Frauen,30 bis 34 Jahre,B9999,unbestimmt (nur Pst),2,30,34
1540728,2023-08-31,315,Krems,Frauen,40 bis 44 Jahre,B9999,unbestimmt (nur Pst),1,40,44
1540753,2023-08-31,315,Krems,Frauen,50 bis 54 Jahre,B9999,unbestimmt (nur Pst),1,50,54
1540779,2023-08-31,315,Krems,Männer,bis 19 Jahre,B9999,unbestimmt (nur Pst),3,0,19
1540823,2023-08-31,315,Krems,Männer,25 bis 29 Jahre,B9999,unbestimmt (nur Pst),1,25,29
1540859,2023-08-31,315,Krems,Männer,45 bis 49 Jahre,B9999,unbestimmt (nur Pst),1,45,49
1540894,2023-08-31,316,Lilienfeld,Frauen,20 bis 24 Jahre,B9999,unbestimmt (nur Pst),1,20,24
1540930,2023-08-31,316,Lilienfeld,Frauen,50 bis 54 Jahre,B9999,unbestimmt (nur Pst),1,50,54
1540947,2023-08-31,316,Lilienfeld,Männer,bis 19 Jahre,B9999,unbestimmt (nur Pst),2,0,19
1540997,2023-08-31,317,Melk,Frauen,bis 19 Jahre,B9999,unbestimmt (nur Pst),3,0,19
1541096,2023-08-31,317,Melk,Männer,bis 19 Jahre,B9999,unbestimmt (nur Pst),2,0,19
1541168,2023-08-31,319,Mistelbach,Frauen,bis 19 Jahre,B9999,unbestimmt (nur Pst),2,0,19
1541226,2023-08-31,319,Mistelbach,Frauen,40 bis 44 Jahre,B9999,unbestimmt (nur Pst),1,40,44
1541265,2023-08-31,319,Mistelbach,Männer,bis 19 Jahre,B9999,unbestimmt (nur Pst),1,0,19
1541349,2023-08-31,321,Mödling,Frauen,bis 19 Jahre,B9999,unbestimmt (nur Pst),1,0,19
1541363,2023-08-31,321,Mödling,Frauen,20 bis 24 Jahre,B9999,unbestimmt (nur Pst),2,20,24
1541509,2023-08-31,321,Mödling,Männer,bis 19 Jahre,B9999,unbestimmt (nur Pst),14,0,19
1541713,2023-08-31,323,Neunkirchen,Frauen,35 bis 39 Jahre,B9999,unbestimmt (nur Pst),1,35,39
1541902,2023-08-31,326,St. Pölten,Frauen,bis 19 Jahre,B9999,unbestimmt (nur Pst),8,0,19
1541936,2023-08-31,326,St. Pölten,Frauen,20 bis 24 Jahre,B9999,unbestimmt (nur Pst),3,20,24
1542079,2023-08-31,326,St. Pölten,Frauen,45 bis 49 Jahre,B9999,unbestimmt (nur Pst),1,45,49
1542142,2023-08-31,326,St. Pölten,Männer,bis 19 Jahre,B9999,unbestimmt (nur Pst),15,0,19
1542180,2023-08-31,326,St. Pölten,Männer,20 bis 24 Jahre,B9999,unbestimmt (nur Pst),8,20,24
1542231,2023-08-31,326,St. Pölten,Männer,30 bis 34 Jahre,B9999,unbestimmt (nur Pst),1,30,34
1542341,2023-08-31,326,St. Pölten,Männer,50 bis 54 Jahre,B9999,unbestimmt (nur Pst),2,50,54
1542422,2023-08-31,328,Scheibbs,Männer,bis 19 Jahre,B9999,unbestimmt (nur Pst),1,0,19
1542487,2023-08-31,329,Schwechat,Frauen,20 bis 24 Jahre,B9999,unbestimmt (nur Pst),1,20,24
1542577,2023-08-31,329,Schwechat,Männer,bis 19 Jahre,B9999,unbestimmt (nur Pst),3,0,19
1542648,2023-08-31,331,Tulln,Frauen,bis 19 Jahre,B9999,unbestimmt (nur Pst),4,0,19
1542673,2023-08-31,331,Tulln,Frauen,20 bis 24 Jahre,B9999,unbestimmt (nur Pst),2,20,24
1542767,2023-08-31,331,Tulln,Frauen,50 bis 54 Jahre,B9999,unbestimmt (nur Pst),1,50,54
1542783,2023-08-31,331,Tulln,Männer,bis 19 Jahre,B9999,unbestimmt (nur Pst),3,0,19
1542806,2023-08-31,331,Tulln,Männer,20 bis 24 Jahre,B9999,unbestimmt (nur Pst),2,20,24
1542832,2023-08-31,331,Tulln,Männer,30 bis 34 Jahre,B9999,unbestimmt (nur Pst),1,30,34
1542900,2023-08-31,332,Waidhofen/Thaya,Frauen,20 bis 24 Jahre,B9999,unbestimmt (nur Pst),1,20,24
1542923,2023-08-31,332,Waidhofen/Thaya,Männer,bis 19 Jahre,B9999,unbestimmt (nur Pst),1,0,19
1542981,2023-08-31,333,Waidhofen/Ybbs,Frauen,35 bis 39 Jahre,B9999,unbestimmt (nur Pst),1,35,39
1543045,2023-08-31,334,Wr. Neustadt,Frauen,bis 19 Jahre,B9999,unbestimmt (nur Pst),1,0,19
1543068,2023-08-31,334,Wr. Neustadt,Frauen,20 bis 24 Jahre,B9999,unbestimmt (nur Pst),2,20,24
1543224,2023-08-31,334,Wr. Neustadt,Männer,bis 19 Jahre,B9999,unbestimmt (nur Pst),3,0,19
1543460,2023-08-31,335,Zwettl,Männer,bis 19 Jahre,B9999,unbestimmt (nur Pst),1,0,19
1543478,2023-08-31,335,Zwettl,Männer,30 bis 34 Jahre,B9999,unbestimmt (nur Pst),1,30,34
1543511,2023-08-31,401,Braunau,Frauen,bis 19 Jahre,B9999,unbestimmt (nur Pst),10,0,19
1543532,2023-08-31,401,Braunau,Frauen,20 bis 24 Jahre,B9999,unbestimmt (nur Pst),5,20,24
1543560,2023-08-31,401,Braunau,Frauen,25 bis 29 Jahre,B9999,unbestimmt (nur Pst),2,25,29
1543582,2023-08-31,401,Braunau,Frauen,30 bis 34 Jahre,B9999,unbestimmt (nur Pst),4,30,34
1543649,2023-08-31,401,Braunau,Frauen,45 bis 49 Jahre,B9999,unbestimmt (nur Pst),1,45,49
1543662,2023-08-31,401,Braunau,Frauen,50 bis 54 Jahre,B9999,unbestimmt (nur Pst),1,50,54
1543696,2023-08-31,401,Braunau,Männer,bis 19 Jahre,B9999,unbestimmt (nur Pst),19,0,19
1543726,2023-08-31,401,Braunau,Männer,20 bis 24 Jahre,B9999,unbestimmt (nur Pst),2,20,24
1543753,2023-08-31,401,Braunau,Männer,25 bis 29 Jahre,B9999,unbestimmt (nur Pst),1,25,29
1543777,2023-08-31,401,Braunau,Männer,30 bis 34 Jahre,B9999,unbestimmt (nur Pst),1,30,34
1543795,2023-08-31,401,Braunau,Männer,35 bis 39 Jahre,B9999,unbestimmt (nur Pst),2,35,39
1543805,2023-08-31,401,Braunau,Männer,40 bis 44 Jahre,B9999,unbestimmt (nur Pst),2,40,44
1543820,2023-08-31,401,Braunau,Männer,45 bis 49 Jahre,B9999,unbestimmt (nur Pst),1,45,49
1543858,2023-08-31,402,Eferding,Frauen,bis 19 Jahre,B9999,unbestimmt (nur Pst),1,0,19
1543873,2023-08-31,402,Eferding,Frauen,25 bis 29 Jahre,B9999,unbestimmt (nur Pst),1,25,29
1543884,2023-08-31,402,Eferding,Frauen,35 bis 39 Jahre,B9999,unbestimmt (nur Pst),1,35,39
1543989,2023-08-31,403,Freistadt,Frauen,20 bis 24 Jahre,B9999,unbestimmt (nur Pst),2,20,24
1544003,2023-08-31,403,Freistadt,Frauen,25 bis 29 Jahre,B9999,unbestimmt (nur Pst),1,25,29
1544158,2023-08-31,404,Gmunden,Frauen,bis 19 Jahre,B9999,unbestimmt (nur Pst),5,0,19
1544187,2023-08-31,404,Gmunden,Frauen,25 bis 29 Jahre,B9999,unbestimmt (nur Pst),1,25,29
1544264,2023-08-31,404,Gmunden,Frauen,50 bis 54 Jahre,B9999,unbestimmt (nur Pst),1,50,54
1544293,2023-08-31,404,Gmunden,Männer,bis 19 Jahre,B9999,unbestimmt (nur Pst),3,0,19
1544425,2023-08-31,406,Grieskirchen,Frauen,bis 19 Jahre,B9999,unbestimmt (nur Pst),2,0,19
1544439,2023-08-31,406,Grieskirchen,Frauen,20 bis 24 Jahre,B9999,unbestimmt (nur Pst),1,20,24
1544460,2023-08-31,406,Grieskirchen,Frauen,25 bis 29 Jahre,B9999,unbestimmt (nur Pst),1,25,29
1544471,2023-08-31,406,Grieskirchen,Frauen,30 bis 34 Jahre,B9999,unbestimmt (nur Pst),1,30,34
1544501,2023-08-31,406,Grieskirchen,Frauen,40 bis 44 Jahre,B9999,unbestimmt (nur Pst),1,40,44
1544537,2023-08-31,406,Grieskirchen,Männer,bis 19 Jahre,B9999,unbestimmt (nur Pst),2,0,19
1544609,2023-08-31,407,Kirchdorf/Krems,Frauen,bis 19 Jahre,B9999,unbestimmt (nur Pst),4,0,19
1544621,2023-08-31,407,Kirchdorf/Krems,Frauen,20 bis 24 Jahre,B9999,unbestimmt (nur Pst),1,20,24
1544686,2023-08-31,407,Kirchdorf/Krems,Frauen,50 bis 54 Jahre,B9999,unbestimmt (nur Pst),1,50,54
1544703,2023-08-31,407,Kirchdorf/Krems,Männer,bis 19 Jahre,B9999,unbestimmt (nur Pst),4,0,19
1544728,2023-08-31,407,Kirchdorf/Krems,Männer,25 bis 29 Jahre,B9999,unbestimmt (nur Pst),1,25,29
1544802,2023-08-31,409,Linz neu,Frauen,bis 19 Jahre,B9999,unbestimmt (nur Pst),19,0,19
1544843,2023-08-31,409,Linz neu,Frauen,20 bis 24 Jahre,B9999,unbestimmt (nur Pst),14,20,24
1544884,2023-08-31,409,Linz neu,Frauen,25 bis 29 Jahre,B9999,unbestimmt (nur Pst),5,25,29
1544923,2023-08-31,409,Linz neu,Frauen,30 bis 34 Jahre,B9999,unbestimmt (nur Pst),3,30,34
1544973,2023-08-31,409,Linz neu,Frauen,35 bis 39 Jahre,B9999,unbestimmt (nur Pst),2,35,39
1545061,2023-08-31,409,Linz neu,Frauen,45 bis 49 Jahre,B9999,unbestimmt (nur Pst),1,45,49
1545149,2023-08-31,409,Linz neu,Männer,bis 19 Jahre,B9999,unbestimmt (nur Pst),27,0,19
1545203,2023-08-31,409,Linz neu,Männer,20 bis 24 Jahre,B9999,unbestimmt (nur Pst),14,20,24
1545258,2023-08-31,409,Linz neu,Männer,25 bis 29 Jahre,B9999,unbestimmt (nur Pst),1,25,29
1545350,2023-08-31,409,Linz neu,Männer,35 bis 39 Jahre,B9999,unbestimmt (nur Pst),1,35,39
1545389,2023-08-31,409,Linz neu,Männer,40 bis 44 Jahre,B9999,unbestimmt (nur Pst),3,40,44
1545482,2023-08-31,409,Linz neu,Männer,60 bis 64 Jahre,B9999,unbestimmt (nur Pst),1,60,64
1545493,2023-08-31,411,Perg,Frauen,bis 19 Jahre,B9999,unbestimmt (nur Pst),1,0,19
1545608,2023-08-31,411,Perg,Männer,bis 19 Jahre,B9999,unbestimmt (nur Pst),2,0,19
1545626,2023-08-31,411,Perg,Männer,20 bis 24 Jahre,B9999,unbestimmt (nur Pst),1,20,24
1545709,2023-08-31,412,Ried im Innkreis,Frauen,bis 19 Jahre,B9999,unbestimmt (nur Pst),9,0,19
1545730,2023-08-31,412,Ried im Innkreis,Frauen,20 bis 24 Jahre,B9999,unbestimmt (nur Pst),1,20,24
1545748,2023-08-31,412,Ried im Innkreis,Frauen,25 bis 29 Jahre,B9999,unbestimmt (nur Pst),1,25,29
1545764,2023-08-31,412,Ried im Innkreis,Frauen,30 bis 34 Jahre,B9999,unbestimmt (nur Pst),1,30,34
1545792,2023-08-31,412,Ried im Innkreis,Frauen,40 bis 44 Jahre,B9999,unbestimmt (nur Pst),3,40,44
1545810,2023-08-31,412,Ried im Innkreis,Frauen,50 bis 54 Jahre,B9999,unbestimmt (nur Pst),1,50,54
1545834,2023-08-31,412,Ried im Innkreis,Männer,bis 19 Jahre,B9999,unbestimmt (nur Pst),9,0,19
1545888,2023-08-31,412,Ried im Innkreis,Männer,35 bis 39 Jahre,B9999,unbestimmt (nur Pst),1,35,39
1545930,2023-08-31,413,Rohrbach,Frauen,bis 19 Jahre,B9999,unbestimmt (nur Pst),2,0,19
1545943,2023-08-31,413,Rohrbach,Frauen,20 bis 24 Jahre,B9999,unbestimmt (nur Pst),1,20,24
1546016,2023-08-31,413,Rohrbach,Männer,bis 19 Jahre,B9999,unbestimmt (nur Pst),1,0,19
1546080,2023-08-31,414,Schärding,Frauen,bis 19 Jahre,B9999,unbestimmt (nur Pst),4,0,19
1546093,2023-08-31,414,Schärding,Frauen,20 bis 24 Jahre,B9999,unbestimmt (nur Pst),3,20,24
1546126,2023-08-31,414,Schärding,Frauen,35 bis 39 Jahre,B9999,unbestimmt (nur Pst),1,35,39
1546200,2023-08-31,414,Schärding,Männer,40 bis 44 Jahre,B9999,unbestimmt (nur Pst),1,40,44
1546232,2023-08-31,415,Steyr,Frauen,bis 19 Jahre,B9999,unbestimmt (nur Pst),8,0,19
1546256,2023-08-31,415,Steyr,Frauen,20 bis 24 Jahre,B9999,unbestimmt (nur Pst),4,20,24
1546323,2023-08-31,415,Steyr,Frauen,35 bis 39 Jahre,B9999,unbestimmt (nur Pst),1,35,39
1546410,2023-08-31,415,Steyr,Männer,bis 19 Jahre,B9999,unbestimmt (nur Pst),12,0,19
1546440,2023-08-31,415,Steyr,Männer,20 bis 24 Jahre,B9999,unbestimmt (nur Pst),5,20,24
1546471,2023-08-31,415,Steyr,Männer,25 bis 29 Jahre,B9999,unbestimmt (nur Pst),3,25,29
1546593,2023-08-31,418,Vöcklabruck,Frauen,bis 19 Jahre,B9999,unbestimmt (nur Pst),2,0,19
1546618,2023-08-31,418,Vöcklabruck,Frauen,20 bis 24 Jahre,B9999,unbestimmt (nur Pst),1,20,24
1546682,2023-08-31,418,Vöcklabruck,Frauen,35 bis 39 Jahre,B9999,unbestimmt (nur Pst),1,35,39
1546749,2023-08-31,418,Vöcklabruck,Frauen,55 bis 59 Jahre,B9999,unbestimmt (nur Pst),1,55,59
1546772,2023-08-31,418,Vöcklabruck,Männer,bis 19 Jahre,B9999,unbestimmt (nur Pst),4,0,19
1546805,2023-08-31,418,Vöcklabruck,Männer,20 bis 24 Jahre,B9999,unbestimmt (nur Pst),1,20,24
1546822,2023-08-31,418,Vöcklabruck,Männer,25 bis 29 Jahre,B9999,unbestimmt (nur Pst),1,25,29
1546989,2023-08-31,419,Wels,Frauen,25 bis 29 Jahre,B9999,unbestimmt (nur Pst),1,25,29
1547072,2023-08-31,419,Wels,Frauen,45 bis 49 Jahre,B9999,unbestimmt (nur Pst),1,45,49
1547132,2023-08-31,419,Wels,Männer,bis 19 Jahre,B9999,unbestimmt (nur Pst),1,0,19
1547204,2023-08-31,419,Wels,Männer,30 bis 34 Jahre,B9999,unbestimmt (nur Pst),1,30,34
1547398,2023-08-31,421,Traun,Frauen,35 bis 39 Jahre,B9999,unbestimmt (nur Pst),1,35,39
1547497,2023-08-31,421,Traun,Männer,bis 19 Jahre,B9999,unbestimmt (nur Pst),1,0,19
1547548,2023-08-31,421,Traun,Männer,25 bis 29 Jahre,B9999,unbestimmt (nur Pst),1,25,29
1548673,2023-08-31,601,Bruck/Mur,Frauen,bis 19 Jahre,B9999,unbestimmt (nur Pst),5,0,19
1548786,2023-08-31,601,Bruck/Mur,Männer,bis 19 Jahre,B9999,unbestimmt (nur Pst),4,0,19
1548910,2023-08-31,603,Deutschlandsberg,Frauen,bis 19 Jahre,B9999,unbestimmt (nur Pst),1,0,19
1548931,2023-08-31,603,Deutschlandsberg,Frauen,20 bis 24 Jahre,B9999,unbestimmt (nur Pst),1,20,24
1549140,2023-08-31,604,Feldbach,Frauen,20 bis 24 Jahre,B9999,unbestimmt (nur Pst),1,20,24
1549343,2023-08-31,606,Gleisdorf,Frauen,bis 19 Jahre,B9999,unbestimmt (nur Pst),1,0,19
1549353,2023-08-31,606,Gleisdorf,Frauen,20 bis 24 Jahre,B9999,unbestimmt (nur Pst),1,20,24
1549422,2023-08-31,606,Gleisdorf,Männer,bis 19 Jahre,B9999,unbestimmt (nur Pst),2,0,19
1549820,2023-08-31,610,Judenburg,Frauen,45 bis 49 Jahre,B9999,unbestimmt (nur Pst),1,45,49
1549832,2023-08-31,610,Judenburg,Frauen,55 bis 59 Jahre,B9999,unbestimmt (nur Pst),1,55,59
1549937,2023-08-31,611,Murau,Frauen,20 bis 24 Jahre,B9999,unbestimmt (nur Pst),1,20,24
1549967,2023-08-31,611,Murau,Männer,bis 19 Jahre,B9999,unbestimmt (nur Pst),1,0,19
1550007,2023-08-31,614,Leibnitz,Frauen,bis 19 Jahre,B9999,unbestimmt (nur Pst),2,0,19
1550039,2023-08-31,614,Leibnitz,Frauen,20 bis 24 Jahre,B9999,unbestimmt (nur Pst),1,20,24
1550060,2023-08-31,614,Leibnitz,Frauen,25 bis 29 Jahre,B9999,unbestimmt (nur Pst),1,25,29
1550096,2023-08-31,614,Leibnitz,Frauen,35 bis 39 Jahre,B9999,unbestimmt (nur Pst),1,35,39
1550293,2023-08-31,616,Leoben,Frauen,bis 19 Jahre,B9999,unbestimmt (nur Pst),1,0,19
1550311,2023-08-31,616,Leoben,Frauen,20 bis 24 Jahre,B9999,unbestimmt (nur Pst),1,20,24
1550603,2023-08-31,618,Liezen,Männer,bis 19 Jahre,B9999,unbestimmt (nur Pst),1,0,19
1550697,2023-08-31,621,Mürzzuschlag,Frauen,bis 19 Jahre,B9999,unbestimmt (nur Pst),3,0,19
1550709,2023-08-31,621,Mürzzuschlag,Frauen,20 bis 24 Jahre,B9999,unbestimmt (nur Pst),1,20,24
1550730,2023-08-31,621,Mürzzuschlag,Frauen,35 bis 39 Jahre,B9999,unbestimmt (nur Pst),1,35,39
1550740,2023-08-31,621,Mürzzuschlag,Frauen,40 bis 44 Jahre,B9999,unbestimmt (nur Pst),1,40,44
1550758,2023-08-31,621,Mürzzuschlag,Frauen,50 bis 54 Jahre,B9999,unbestimmt (nur Pst),1,50,54
1550772,2023-08-31,621,Mürzzuschlag,Männer,bis 19 Jahre,B9999,unbestimmt (nur Pst),2,0,19
1550839,2023-08-31,622,Voitsberg,Frauen,bis 19 Jahre,B9999,unbestimmt (nur Pst),2,0,19
1550857,2023-08-31,622,Voitsberg,Frauen,20 bis 24 Jahre,B9999,unbestimmt (nur Pst),1,20,24
1550944,2023-08-31,622,Voitsberg,Männer,bis 19 Jahre,B9999,unbestimmt (nur Pst),1,0,19
1551025,2023-08-31,623,Weiz,Frauen,20 bis 24 Jahre,B9999,unbestimmt (nur Pst),1,20,24
1551031,2023-08-31,623,Weiz,Frauen,25 bis 29 Jahre,B9999,unbestimmt (nur Pst),1,25,29
1551038,2023-08-31,623,Weiz,Frauen,30 bis 34 Jahre,B9999,unbestimmt (nur Pst),2,30,34
1551053,2023-08-31,623,Weiz,Frauen,40 bis 44 Jahre,B9999,unbestimmt (nur Pst),1,40,44
1551062,2023-08-31,623,Weiz,Frauen,45 bis 49 Jahre,B9999,unbestimmt (nur Pst),1,45,49
1551073,2023-08-31,623,Weiz,Frauen,55 bis 59 Jahre,B9999,unbestimmt (nur Pst),1,55,59
1551079,2023-08-31,623,Weiz,Männer,bis 19 Jahre,B9999,unbestimmt (nur Pst),3,0,19
1551108,2023-08-31,623,Weiz,Männer,35 bis 39 Jahre,B9999,unbestimmt (nur Pst),1,35,39
1551114,2023-08-31,623,Weiz,Männer,40 bis 44 Jahre,B9999,unbestimmt (nur Pst),1,40,44
1551165,2023-08-31,630,Graz-West und Umgebung,Frauen,bis 19 Jahre,B9999,unbestimmt (nur Pst),8,0,19
1551218,2023-08-31,630,Graz-West und Umgebung,Frauen,20 bis 24 Jahre,B9999,unbestimmt (nur Pst),2,20,24
1551448,2023-08-31,630,Graz-West und Umgebung,Frauen,45 bis 49 Jahre,B9999,unbestimmt (nur Pst),2,45,49
1551499,2023-08-31,630,Graz-West und Umgebung,Frauen,55 bis 59 Jahre,B9999,unbestimmt (nur Pst),1,55,59
1551548,2023-08-31,630,Graz-West und Umgebung,Männer,bis 19 Jahre,B9999,unbestimmt (nur Pst),6,0,19
1551668,2023-08-31,630,Graz-West und Umgebung,Männer,25 bis 29 Jahre,B9999,unbestimmt (nur Pst),1,25,29
1552150,2023-08-31,631,Graz-Ost,Männer,bis 19 Jahre,B9999,unbestimmt (nur Pst),1,0,19
1552496,2023-08-31,702,Innsbruck,Frauen,25 bis 29 Jahre,B9999,unbestimmt (nur Pst),1,25,29
1552527,2023-08-31,702,Innsbruck,Frauen,30 bis 34 Jahre,B9999,unbestimmt (nur Pst),1,30,34
1552561,2023-08-31,702,Innsbruck,Frauen,35 bis 39 Jahre,B9999,unbestimmt (nur Pst),1,35,39
1552733,2023-08-31,702,Innsbruck,Männer,25 bis 29 Jahre,B9999,unbestimmt (nur Pst),2,25,29
1552816,2023-08-31,702,Innsbruck,Männer,45 bis 49 Jahre,B9999,unbestimmt (nur Pst),1,45,49
1552884,2023-08-31,704,Kitzbühel,Frauen,30 bis 34 Jahre,B9999,unbestimmt (nur Pst),1,30,34
1552928,2023-08-31,704,Kitzbühel,Männer,55 bis 59 Jahre,B9999,unbestimmt (nur Pst),1,55,59
1552941,2023-08-31,705,Kufstein,Frauen,bis 19 Jahre,B9999,unbestimmt (nur Pst),3,0,19
1552996,2023-08-31,705,Kufstein,Frauen,35 bis 39 Jahre,B9999,unbestimmt (nur Pst),1,35,39
1553045,2023-08-31,705,Kufstein,Männer,bis 19 Jahre,B9999,unbestimmt (nur Pst),4,0,19
1553066,2023-08-31,705,Kufstein,Männer,20 bis 24 Jahre,B9999,unbestimmt (nur Pst),1,20,24
1553138,2023-08-31,706,Landeck,Frauen,bis 19 Jahre,B9999,unbestimmt (nur Pst),1,0,19
1553311,2023-08-31,709,Schwaz,Frauen,bis 19 Jahre,B9999,unbestimmt (nur Pst),2,0,19
1553327,2023-08-31,709,Schwaz,Frauen,20 bis 24 Jahre,B9999,unbestimmt (nur Pst),1,20,24
1553395,2023-08-31,709,Schwaz,Männer,bis 19 Jahre,B9999,unbestimmt (nur Pst),1,0,19
1553456,2023-08-31,801,Bludenz,Frauen,bis 19 Jahre,B9999,unbestimmt (nur Pst),1,0,19
1553476,2023-08-31,801,Bludenz,Frauen,20 bis 24 Jahre,B9999,unbestimmt (nur Pst),2,20,24
1553488,2023-08-31,801,Bludenz,Frauen,25 bis 29 Jahre,B9999,unbestimmt (nur Pst),1,25,29
1553557,2023-08-31,801,Bludenz,Männer,bis 19 Jahre,B9999,unbestimmt (nur Pst),1,0,19
1553574,2023-08-31,801,Bludenz,Männer,20 bis 24 Jahre,B9999,unbestimmt (nur Pst),1,20,24
1553586,2023-08-31,801,Bludenz,Männer,25 bis 29 Jahre,B9999,unbestimmt (nur Pst),1,25,29
1553663,2023-08-31,802,Bregenz,Frauen,20 bis 24 Jahre,B9999,unbestimmt (nur Pst),1,20,24
1553687,2023-08-31,802,Bregenz,Frauen,25 bis 29 Jahre,B9999,unbestimmt (nur Pst),1,25,29
1553743,2023-08-31,802,Bregenz,Frauen,40 bis 44 Jahre,B9999,unbestimmt (nur Pst),1,40,44
1553775,2023-08-31,802,Bregenz,Frauen,60 bis 64 Jahre,B9999,unbestimmt (nur Pst),1,60,64
1553827,2023-08-31,802,Bregenz,Männer,20 bis 24 Jahre,B9999,unbestimmt (nur Pst),1,20,24
1553854,2023-08-31,802,Bregenz,Männer,25 bis 29 Jahre,B9999,unbestimmt (nur Pst),1,25,29
1553893,2023-08-31,802,Bregenz,Männer,35 bis 39 Jahre,B9999,unbestimmt (nur Pst),1,35,39
1553960,2023-08-31,804,Dornbirn,Frauen,20 bis 24 Jahre,B9999,unbestimmt (nur Pst),4,20,24
1553984,2023-08-31,804,Dornbirn,Frauen,25 bis 29 Jahre,B9999,unbestimmt (nur Pst),1,25,29
1554049,2023-08-31,804,Dornbirn,Frauen,55 bis 59 Jahre,B9999,unbestimmt (nur Pst),1,55,59
1554068,2023-08-31,804,Dornbirn,Männer,bis 19 Jahre,B9999,unbestimmt (nur Pst),3,0,19
1554095,2023-08-31,804,Dornbirn,Männer,20 bis 24 Jahre,B9999,unbestimmt (nur Pst),1,20,24
1554184,2023-08-31,805,Feldkirch,Frauen,bis 19 Jahre,B9999,unbestimmt (nur Pst),4,0,19
1554221,2023-08-31,805,Feldkirch,Frauen,20 bis 24 Jahre,B9999,unbestimmt (nur Pst),8,20,24
1554242,2023-08-31,805,Feldkirch,Frauen,25 bis 29 Jahre,B9999,unbestimmt (nur Pst),3,25,29
1554258,2023-08-31,805,Feldkirch,Frauen,30 bis 34 Jahre,B9999,unbestimmt (nur Pst),2,30,34
1554274,2023-08-31,805,Feldkirch,Frauen,35 bis 39 Jahre,B9999,unbestimmt (nur Pst),1,35,39
1554351,2023-08-31,805,Feldkirch,Männer,bis 19 Jahre,B9999,unbestimmt (nur Pst),7,0,19
1554382,2023-08-31,805,Feldkirch,Männer,20 bis 24 Jahre,B9999,unbestimmt (nur Pst),5,20,24
1554409,2023-08-31,805,Feldkirch,Männer,25 bis 29 Jahre,B9999,unbestimmt (nur Pst),1,25,29
1554439,2023-08-31,805,Feldkirch,Männer,35 bis 39 Jahre,B9999,unbestimmt (nur Pst),1,35,39
1554723,2023-08-31,958,Wien Johnstraße,Männer,25 bis 29 Jahre,B9999,unbestimmt (nur Pst),1,25,29
1556430,2023-08-31,962,Wien Redergasse,Männer,45 bis 49 Jahre,B9999,unbestimmt (nur Pst),1,45,49
1556629,2023-08-31,963,Wien Währinger Gürtel,Frauen,40 bis 44 Jahre,B9999,unbestimmt (nur Pst),1,40,44
1556681,2023-08-31,963,Wien Währinger Gürtel,Frauen,50 bis 54 Jahre,B9999,unbestimmt (nur Pst),1,50,54
1556730,2023-08-31,963,Wien Währinger Gürtel,Männer,25 bis 29 Jahre,B9999,unbestimmt (nur Pst),1,25,29
1559351,2023-08-31,967,Wien Huttengasse,Männer,30 bis 34 Jahre,B9999,unbestimmt (nur Pst),1,30,34
1559717,2023-08-31,968,Wien Schloßhofer Straße,Frauen,30 bis 34 Jahre,B9999,unbestimmt (nur Pst),1,30,34
1560889,2023-08-31,974,Wien Austria Campus,Frauen,25 bis 29 Jahre,B9999,unbestimmt (nur Pst),1,25,29
1560923,2023-08-31,974,Wien Austria Campus,Frauen,30 bis 34 Jahre,B9999,unbestimmt (nur Pst),1,30,34
1561858,2023-08-31,976,Wien Jugendliche I,Frauen,bis 19 Jahre,B9999,unbestimmt (nur Pst),7,0,19
1561953,2023-08-31,976,Wien Jugendliche I,Frauen,20 bis 24 Jahre,B9999,unbestimmt (nur Pst),7,20,24
1562069,2023-08-31,976,Wien Jugendliche I,Männer,bis 19 Jahre,B9999,unbestimmt (nur Pst),15,0,19
1562233,2023-08-31,976,Wien Jugendliche I,Männer,20 bis 24 Jahre,B9999,unbestimmt (nur Pst),5,20,24
1562747,2023-09-30,101,Eisenstadt,Frauen,bis 19 Jahre,B9999,unbestimmt (nur Pst),2,0,19
1562847,2023-09-30,101,Eisenstadt,Männer,bis 19 Jahre,B9999,unbestimmt (nur Pst),1,0,19
1562926,2023-09-30,102,Mattersburg,Frauen,bis 19 Jahre,B9999,unbestimmt (nur Pst),7,0,19
1562935,2023-09-30,102,Mattersburg,Frauen,20 bis 24 Jahre,B9999,unbestimmt (nur Pst),1,20,24
1562977,2023-09-30,102,Mattersburg,Frauen,45 bis 49 Jahre,B9999,unbestimmt (nur Pst),1,45,49
1562995,2023-09-30,102,Mattersburg,Männer,bis 19 Jahre,B9999,unbestimmt (nur Pst),3,0,19
1563121,2023-09-30,103,Neusiedl am See,Männer,bis 19 Jahre,B9999,unbestimmt (nur Pst),1,0,19
1563478,2023-09-30,105,Oberwart,Männer,bis 19 Jahre,B9999,unbestimmt (nur Pst),1,0,19
1563589,2023-09-30,106,Stegersbach,Frauen,20 bis 24 Jahre,B9999,unbestimmt (nur Pst),1,20,24
1563689,2023-09-30,106,Stegersbach,Männer,35 bis 39 Jahre,B9999,unbestimmt (nur Pst),1,35,39
1563843,2023-09-30,201,Feldkirchen,Frauen,35 bis 39 Jahre,B9999,unbestimmt (nur Pst),1,35,39
1563943,2023-09-30,203,Klagenfurt,Frauen,bis 19 Jahre,B9999,unbestimmt (nur Pst),1,0,19
1564036,2023-09-30,203,Klagenfurt,Frauen,30 bis 34 Jahre,B9999,unbestimmt (nur Pst),1,30,34
1564068,2023-09-30,203,Klagenfurt,Frauen,35 bis 39 Jahre,B9999,unbestimmt (nur Pst),1,35,39
1564199,2023-09-30,203,Klagenfurt,Männer,bis 19 Jahre,B9999,unbestimmt (nur Pst),1,0,19
1564341,2023-09-30,203,Klagenfurt,Männer,45 bis 49 Jahre,B9999,unbestimmt (nur Pst),1,45,49
1564382,2023-09-30,204,Spittal/Drau,Frauen,bis 19 Jahre,B9999,unbestimmt (nur Pst),2,0,19
1564492,2023-09-30,204,Spittal/Drau,Männer,bis 19 Jahre,B9999,unbestimmt (nur Pst),4,0,19
1564846,2023-09-30,206,Villach,Frauen,40 bis 44 Jahre,B9999,unbestimmt (nur Pst),1,40,44
1564870,2023-09-30,206,Villach,Frauen,45 bis 49 Jahre,B9999,unbestimmt (nur Pst),1,45,49
1565013,2023-09-30,206,Villach,Männer,40 bis 44 Jahre,B9999,unbestimmt (nur Pst),1,40,44
1565057,2023-09-30,207,Völkermarkt,Frauen,bis 19 Jahre,B9999,unbestimmt (nur Pst),1,0,19
1565089,2023-09-30,207,Völkermarkt,Frauen,30 bis 34 Jahre,B9999,unbestimmt (nur Pst),1,30,34
1565112,2023-09-30,207,Völkermarkt,Frauen,40 bis 44 Jahre,B9999,unbestimmt (nur Pst),1,40,44
1565120,2023-09-30,207,Völkermarkt,Frauen,45 bis 49 Jahre,B9999,unbestimmt (nur Pst),1,45,49
1565402,2023-09-30,301,Amstetten,Frauen,bis 19 Jahre,B9999,unbestimmt (nur Pst),6,0,19
1565426,2023-09-30,301,Amstetten,Frauen,20 bis 24 Jahre,B9999,unbestimmt (nur Pst),1,20,24
1565446,2023-09-30,301,Amstetten,Frauen,25 bis 29 Jahre,B9999,unbestimmt (nur Pst),1,25,29
1565462,2023-09-30,301,Amstetten,Frauen,30 bis 34 Jahre,B9999,unbestimmt (nur Pst),1,30,34
1565515,2023-09-30,301,Amstetten,Frauen,45 bis 49 Jahre,B9999,unbestimmt (nur Pst),1,45,49
1565554,2023-09-30,301,Amstetten,Männer,bis 19 Jahre,B9999,unbestimmt (nur Pst),8,0,19
1565575,2023-09-30,301,Amstetten,Männer,20 bis 24 Jahre,B9999,unbestimmt (nur Pst),4,20,24
1565599,2023-09-30,301,Amstetten,Männer,25 bis 29 Jahre,B9999,unbestimmt (nur Pst),1,25,29
1565625,2023-09-30,301,Amstetten,Männer,35 bis 39 Jahre,B9999,unbestimmt (nur Pst),1,35,39
1565693,2023-09-30,304,Baden neu,Frauen,bis 19 Jahre,B9999,unbestimmt (nur Pst),2,0,19
1565722,2023-09-30,304,Baden neu,Frauen,20 bis 24 Jahre,B9999,unbestimmt (nur Pst),1,20,24
1565743,2023-09-30,304,Baden neu,Frauen,25 bis 29 Jahre,B9999,unbestimmt (nur Pst),1,25,29
1565786,2023-09-30,304,Baden neu,Frauen,35 bis 39 Jahre,B9999,unbestimmt (nur Pst),1,35,39
1566061,2023-09-30,306,Bruck/Leitha,Frauen,bis 19 Jahre,B9999,unbestimmt (nur Pst),2,0,19
1566217,2023-09-30,308,Gänserndorf,Frauen,bis 19 Jahre,B9999,unbestimmt (nur Pst),3,0,19
1566240,2023-09-30,308,Gänserndorf,Frauen,20 bis 24 Jahre,B9999,unbestimmt (nur Pst),2,20,24
1566263,2023-09-30,308,Gänserndorf,Frauen,25 bis 29 Jahre,B9999,unbestimmt (nur Pst),2,25,29
1566402,2023-09-30,308,Gänserndorf,Männer,bis 19 Jahre,B9999,unbestimmt (nur Pst),5,0,19
1566453,2023-09-30,308,Gänserndorf,Männer,20 bis 24 Jahre,B9999,unbestimmt (nur Pst),1,20,24
1566640,2023-09-30,311,Gmünd,Männer,bis 19 Jahre,B9999,unbestimmt (nur Pst),2,0,19
1566869,2023-09-30,313,Horn,Frauen,20 bis 24 Jahre,B9999,unbestimmt (nur Pst),2,20,24
1566959,2023-09-30,314,Korneuburg,Frauen,bis 19 Jahre,B9999,unbestimmt (nur Pst),1,0,19
1567118,2023-09-30,314,Korneuburg,Männer,bis 19 Jahre,B9999,unbestimmt (nur Pst),1,0,19
1567246,2023-09-30,315,Krems,Frauen,bis 19 Jahre,B9999,unbestimmt (nur Pst),2,0,19
1567272,2023-09-30,315,Krems,Frauen,20 bis 24 Jahre,B9999,unbestimmt (nur Pst),2,20,24
1567309,2023-09-30,315,Krems,Frauen,30 bis 34 Jahre,B9999,unbestimmt (nur Pst),1,30,34
1567341,2023-09-30,315,Krems,Frauen,40 bis 44 Jahre,B9999,unbestimmt (nur Pst),1,40,44
1567354,2023-09-30,315,Krems,Frauen,45 bis 49 Jahre,B9999,unbestimmt (nur Pst),1,45,49
1567366,2023-09-30,315,Krems,Frauen,50 bis 54 Jahre,B9999,unbestimmt (nur Pst),1,50,54
1567393,2023-09-30,315,Krems,Männer,bis 19 Jahre,B9999,unbestimmt (nur Pst),2,0,19
1567436,2023-09-30,315,Krems,Männer,25 bis 29 Jahre,B9999,unbestimmt (nur Pst),1,25,29
1567475,2023-09-30,315,Krems,Männer,45 bis 49 Jahre,B9999,unbestimmt (nur Pst),1,45,49
1567503,2023-09-30,316,Lilienfeld,Frauen,bis 19 Jahre,B9999,unbestimmt (nur Pst),1,0,19
1567570,2023-09-30,316,Lilienfeld,Männer,bis 19 Jahre,B9999,unbestimmt (nur Pst),2,0,19
1567619,2023-09-30,317,Melk,Frauen,bis 19 Jahre,B9999,unbestimmt (nur Pst),3,0,19
1567748,2023-09-30,317,Melk,Männer,bis 19 Jahre,B9999,unbestimmt (nur Pst),4,0,19
1567826,2023-09-30,319,Mistelbach,Frauen,bis 19 Jahre,B9999,unbestimmt (nur Pst),2,0,19
1567909,2023-09-30,319,Mistelbach,Frauen,40 bis 44 Jahre,B9999,unbestimmt (nur Pst),1,40,44
1567958,2023-09-30,319,Mistelbach,Männer,bis 19 Jahre,B9999,unbestimmt (nur Pst),1,0,19
1567977,2023-09-30,319,Mistelbach,Männer,20 bis 24 Jahre,B9999,unbestimmt (nur Pst),1,20,24
1568050,2023-09-30,321,Mödling,Frauen,bis 19 Jahre,B9999,unbestimmt (nur Pst),6,0,19
1568068,2023-09-30,321,Mödling,Frauen,20 bis 24 Jahre,B9999,unbestimmt (nur Pst),1,20,24
1568240,2023-09-30,321,Mödling,Männer,bis 19 Jahre,B9999,unbestimmt (nur Pst),14,0,19
1568453,2023-09-30,323,Neunkirchen,Frauen,35 bis 39 Jahre,B9999,unbestimmt (nur Pst),1,35,39
1568526,2023-09-30,323,Neunkirchen,Männer,bis 19 Jahre,B9999,unbestimmt (nur Pst),1,0,19
1568676,2023-09-30,326,St. Pölten,Frauen,bis 19 Jahre,B9999,unbestimmt (nur Pst),10,0,19
1568709,2023-09-30,326,St. Pölten,Frauen,20 bis 24 Jahre,B9999,unbestimmt (nur Pst),1,20,24
1568852,2023-09-30,326,St. Pölten,Frauen,40 bis 44 Jahre,B9999,unbestimmt (nur Pst),1,40,44
1568882,2023-09-30,326,St. Pölten,Frauen,45 bis 49 Jahre,B9999,unbestimmt (nur Pst),1,45,49
1568919,2023-09-30,326,St. Pölten,Frauen,55 bis 59 Jahre,B9999,unbestimmt (nur Pst),1,55,59
1568956,2023-09-30,326,St. Pölten,Männer,bis 19 Jahre,B9999,unbestimmt (nur Pst),12,0,19
1568997,2023-09-30,326,St. Pölten,Männer,20 bis 24 Jahre,B9999,unbestimmt (nur Pst),6,20,24
1569052,2023-09-30,326,St. Pölten,Männer,30 bis 34 Jahre,B9999,unbestimmt (nur Pst),1,30,34
1569122,2023-09-30,326,St. Pölten,Männer,40 bis 44 Jahre,B9999,unbestimmt (nur Pst),1,40,44
1569168,2023-09-30,326,St. Pölten,Männer,50 bis 54 Jahre,B9999,unbestimmt (nur Pst),1,50,54
1569221,2023-09-30,328,Scheibbs,Frauen,25 bis 29 Jahre,B9999,unbestimmt (nur Pst),1,25,29
1569274,2023-09-30,328,Scheibbs,Männer,bis 19 Jahre,B9999,unbestimmt (nur Pst),1,0,19
1569322,2023-09-30,328,Scheibbs,Männer,60 bis 64 Jahre,B9999,unbestimmt (nur Pst),1,60,64
1569351,2023-09-30,329,Schwechat,Frauen,20 bis 24 Jahre,B9999,unbestimmt (nur Pst),1,20,24
1569456,2023-09-30,329,Schwechat,Männer,bis 19 Jahre,B9999,unbestimmt (nur Pst),3,0,19
1569536,2023-09-30,331,Tulln,Frauen,bis 19 Jahre,B9999,unbestimmt (nur Pst),2,0,19
1569557,2023-09-30,331,Tulln,Frauen,20 bis 24 Jahre,B9999,unbestimmt (nur Pst),3,20,24
1569677,2023-09-30,331,Tulln,Männer,bis 19 Jahre,B9999,unbestimmt (nur Pst),5,0,19
1569702,2023-09-30,331,Tulln,Männer,20 bis 24 Jahre,B9999,unbestimmt (nur Pst),2,20,24
1569839,2023-09-30,332,Waidhofen/Thaya,Männer,bis 19 Jahre,B9999,unbestimmt (nur Pst),1,0,19
1569852,2023-09-30,332,Waidhofen/Thaya,Männer,20 bis 24 Jahre,B9999,unbestimmt (nur Pst),1,20,24
1569878,2023-09-30,333,Waidhofen/Ybbs,Frauen,bis 19 Jahre,B9999,unbestimmt (nur Pst),1,0,19
1569910,2023-09-30,333,Waidhofen/Ybbs,Frauen,35 bis 39 Jahre,B9999,unbestimmt (nur Pst),1,35,39
1569951,2023-09-30,333,Waidhofen/Ybbs,Männer,40 bis 44 Jahre,B9999,unbestimmt (nur Pst),1,40,44
1569989,2023-09-30,334,Wr. Neustadt,Frauen,bis 19 Jahre,B9999,unbestimmt (nur Pst),1,0,19
1570014,2023-09-30,334,Wr. Neustadt,Frauen,20 bis 24 Jahre,B9999,unbestimmt (nur Pst),2,20,24
1570187,2023-09-30,334,Wr. Neustadt,Männer,bis 19 Jahre,B9999,unbestimmt (nur Pst),3,0,19
1570417,2023-09-30,335,Zwettl,Männer,bis 19 Jahre,B9999,unbestimmt (nur Pst),1,0,19
1570465,2023-09-30,401,Braunau,Frauen,bis 19 Jahre,B9999,unbestimmt (nur Pst),8,0,19
1570488,2023-09-30,401,Braunau,Frauen,20 bis 24 Jahre,B9999,unbestimmt (nur Pst),8,20,24
1570514,2023-09-30,401,Braunau,Frauen,25 bis 29 Jahre,B9999,unbestimmt (nur Pst),3,25,29
1570535,2023-09-30,401,Braunau,Frauen,30 bis 34 Jahre,B9999,unbestimmt (nur Pst),6,30,34
1570636,2023-09-30,401,Braunau,Männer,bis 19 Jahre,B9999,unbestimmt (nur Pst),24,0,19
1570667,2023-09-30,401,Braunau,Männer,20 bis 24 Jahre,B9999,unbestimmt (nur Pst),2,20,24
1570696,2023-09-30,401,Braunau,Männer,25 bis 29 Jahre,B9999,unbestimmt (nur Pst),1,25,29
1570719,2023-09-30,401,Braunau,Männer,30 bis 34 Jahre,B9999,unbestimmt (nur Pst),2,30,34
1570734,2023-09-30,401,Braunau,Männer,35 bis 39 Jahre,B9999,unbestimmt (nur Pst),2,35,39
1570746,2023-09-30,401,Braunau,Männer,40 bis 44 Jahre,B9999,unbestimmt (nur Pst),2,40,44
1570764,2023-09-30,401,Braunau,Männer,45 bis 49 Jahre,B9999,unbestimmt (nur Pst),1,45,49
1570795,2023-09-30,402,Eferding,Frauen,bis 19 Jahre,B9999,unbestimmt (nur Pst),1,0,19
1570805,2023-09-30,402,Eferding,Frauen,20 bis 24 Jahre,B9999,unbestimmt (nur Pst),1,20,24
1570825,2023-09-30,402,Eferding,Frauen,35 bis 39 Jahre,B9999,unbestimmt (nur Pst),1,35,39
1570939,2023-09-30,403,Freistadt,Frauen,20 bis 24 Jahre,B9999,unbestimmt (nur Pst),2,20,24
1571129,2023-09-30,404,Gmunden,Frauen,bis 19 Jahre,B9999,unbestimmt (nur Pst),3,0,19
1571168,2023-09-30,404,Gmunden,Frauen,25 bis 29 Jahre,B9999,unbestimmt (nur Pst),1,25,29
1571292,2023-09-30,404,Gmunden,Männer,bis 19 Jahre,B9999,unbestimmt (nur Pst),3,0,19
1571443,2023-09-30,406,Grieskirchen,Frauen,bis 19 Jahre,B9999,unbestimmt (nur Pst),1,0,19
1571460,2023-09-30,406,Grieskirchen,Frauen,20 bis 24 Jahre,B9999,unbestimmt (nur Pst),1,20,24
1571479,2023-09-30,406,Grieskirchen,Frauen,25 bis 29 Jahre,B9999,unbestimmt (nur Pst),1,25,29
1571492,2023-09-30,406,Grieskirchen,Frauen,30 bis 34 Jahre,B9999,unbestimmt (nur Pst),1,30,34
1571526,2023-09-30,406,Grieskirchen,Frauen,40 bis 44 Jahre,B9999,unbestimmt (nur Pst),1,40,44
1571536,2023-09-30,406,Grieskirchen,Frauen,45 bis 49 Jahre,B9999,unbestimmt (nur Pst),1,45,49
1571564,2023-09-30,406,Grieskirchen,Männer,bis 19 Jahre,B9999,unbestimmt (nur Pst),1,0,19
1571638,2023-09-30,407,Kirchdorf/Krems,Frauen,bis 19 Jahre,B9999,unbestimmt (nur Pst),4,0,19
1571742,2023-09-30,407,Kirchdorf/Krems,Männer,bis 19 Jahre,B9999,unbestimmt (nur Pst),4,0,19
1571845,2023-09-30,409,Linz neu,Frauen,bis 19 Jahre,B9999,unbestimmt (nur Pst),21,0,19
1571886,2023-09-30,409,Linz neu,Frauen,20 bis 24 Jahre,B9999,unbestimmt (nur Pst),13,20,24
1571931,2023-09-30,409,Linz neu,Frauen,25 bis 29 Jahre,B9999,unbestimmt (nur Pst),5,25,29
1571979,2023-09-30,409,Linz neu,Frauen,30 bis 34 Jahre,B9999,unbestimmt (nur Pst),4,30,34
1572029,2023-09-30,409,Linz neu,Frauen,35 bis 39 Jahre,B9999,unbestimmt (nur Pst),2,35,39
1572128,2023-09-30,409,Linz neu,Frauen,45 bis 49 Jahre,B9999,unbestimmt (nur Pst),3,45,49
1572225,2023-09-30,409,Linz neu,Männer,bis 19 Jahre,B9999,unbestimmt (nur Pst),30,0,19
1572277,2023-09-30,409,Linz neu,Männer,20 bis 24 Jahre,B9999,unbestimmt (nur Pst),13,20,24
1572333,2023-09-30,409,Linz neu,Männer,25 bis 29 Jahre,B9999,unbestimmt (nur Pst),2,25,29
1572423,2023-09-30,409,Linz neu,Männer,35 bis 39 Jahre,B9999,unbestimmt (nur Pst),2,35,39
1572465,2023-09-30,409,Linz neu,Männer,40 bis 44 Jahre,B9999,unbestimmt (nur Pst),2,40,44
1572573,2023-09-30,411,Perg,Frauen,bis 19 Jahre,B9999,unbestimmt (nur Pst),1,0,19
1572701,2023-09-30,411,Perg,Männer,bis 19 Jahre,B9999,unbestimmt (nur Pst),2,0,19
1572725,2023-09-30,411,Perg,Männer,20 bis 24 Jahre,B9999,unbestimmt (nur Pst),1,20,24
1572810,2023-09-30,412,Ried im Innkreis,Frauen,bis 19 Jahre,B9999,unbestimmt (nur Pst),14,0,19
1572832,2023-09-30,412,Ried im Innkreis,Frauen,20 bis 24 Jahre,B9999,unbestimmt (nur Pst),1,20,24
1572850,2023-09-30,412,Ried im Innkreis,Frauen,25 bis 29 Jahre,B9999,unbestimmt (nur Pst),1,25,29
1572870,2023-09-30,412,Ried im Innkreis,Frauen,30 bis 34 Jahre,B9999,unbestimmt (nur Pst),2,30,34
1572901,2023-09-30,412,Ried im Innkreis,Frauen,40 bis 44 Jahre,B9999,unbestimmt (nur Pst),3,40,44
1572921,2023-09-30,412,Ried im Innkreis,Frauen,50 bis 54 Jahre,B9999,unbestimmt (nur Pst),1,50,54
1572945,2023-09-30,412,Ried im Innkreis,Männer,bis 19 Jahre,B9999,unbestimmt (nur Pst),7,0,19
1572997,2023-09-30,412,Ried im Innkreis,Männer,35 bis 39 Jahre,B9999,unbestimmt (nur Pst),2,35,39
1573042,2023-09-30,413,Rohrbach,Frauen,bis 19 Jahre,B9999,unbestimmt (nur Pst),2,0,19
1573128,2023-09-30,413,Rohrbach,Frauen,60 bis 64 Jahre,B9999,unbestimmt (nur Pst),1,60,64
1573136,2023-09-30,413,Rohrbach,Männer,bis 19 Jahre,B9999,unbestimmt (nur Pst),2,0,19
1573203,2023-09-30,414,Schärding,Frauen,bis 19 Jahre,B9999,unbestimmt (nur Pst),2,0,19
1573217,2023-09-30,414,Schärding,Frauen,20 bis 24 Jahre,B9999,unbestimmt (nur Pst),3,20,24
1573330,2023-09-30,414,Schärding,Männer,30 bis 34 Jahre,B9999,unbestimmt (nur Pst),1,30,34
1573339,2023-09-30,414,Schärding,Männer,40 bis 44 Jahre,B9999,unbestimmt (nur Pst),1,40,44
1573373,2023-09-30,415,Steyr,Frauen,bis 19 Jahre,B9999,unbestimmt (nur Pst),8,0,19
1573404,2023-09-30,415,Steyr,Frauen,20 bis 24 Jahre,B9999,unbestimmt (nur Pst),1,20,24
1573481,2023-09-30,415,Steyr,Frauen,35 bis 39 Jahre,B9999,unbestimmt (nur Pst),1,35,39
1573571,2023-09-30,415,Steyr,Männer,bis 19 Jahre,B9999,unbestimmt (nur Pst),13,0,19
1573598,2023-09-30,415,Steyr,Männer,20 bis 24 Jahre,B9999,unbestimmt (nur Pst),5,20,24
1573631,2023-09-30,415,Steyr,Männer,25 bis 29 Jahre,B9999,unbestimmt (nur Pst),4,25,29
1573772,2023-09-30,418,Vöcklabruck,Frauen,bis 19 Jahre,B9999,unbestimmt (nur Pst),4,0,19
1573802,2023-09-30,418,Vöcklabruck,Frauen,20 bis 24 Jahre,B9999,unbestimmt (nur Pst),1,20,24
1573872,2023-09-30,418,Vöcklabruck,Frauen,35 bis 39 Jahre,B9999,unbestimmt (nur Pst),1,35,39
1573940,2023-09-30,418,Vöcklabruck,Frauen,55 bis 59 Jahre,B9999,unbestimmt (nur Pst),1,55,59
1573966,2023-09-30,418,Vöcklabruck,Männer,bis 19 Jahre,B9999,unbestimmt (nur Pst),2,0,19
1573997,2023-09-30,418,Vöcklabruck,Männer,20 bis 24 Jahre,B9999,unbestimmt (nur Pst),2,20,24
1574019,2023-09-30,418,Vöcklabruck,Männer,25 bis 29 Jahre,B9999,unbestimmt (nur Pst),1,25,29
1574198,2023-09-30,419,Wels,Frauen,25 bis 29 Jahre,B9999,unbestimmt (nur Pst),1,25,29
1574292,2023-09-30,419,Wels,Frauen,45 bis 49 Jahre,B9999,unbestimmt (nur Pst),1,45,49
1574351,2023-09-30,419,Wels,Männer,bis 19 Jahre,B9999,unbestimmt (nur Pst),1,0,19
1574421,2023-09-30,419,Wels,Männer,30 bis 34 Jahre,B9999,unbestimmt (nur Pst),1,30,34
1574748,2023-09-30,421,Traun,Männer,bis 19 Jahre,B9999,unbestimmt (nur Pst),2,0,19
1574832,2023-09-30,421,Traun,Männer,30 bis 34 Jahre,B9999,unbestimmt (nur Pst),1,30,34
1576154,2023-09-30,601,Bruck/Mur,Frauen,bis 19 Jahre,B9999,unbestimmt (nur Pst),3,0,19
1576266,2023-09-30,601,Bruck/Mur,Männer,bis 19 Jahre,B9999,unbestimmt (nur Pst),3,0,19
1576385,2023-09-30,603,Deutschlandsberg,Frauen,bis 19 Jahre,B9999,unbestimmt (nur Pst),1,0,19
1576405,2023-09-30,603,Deutschlandsberg,Frauen,20 bis 24 Jahre,B9999,unbestimmt (nur Pst),1,20,24
1576504,2023-09-30,603,Deutschlandsberg,Männer,bis 19 Jahre,B9999,unbestimmt (nur Pst),1,0,19
1576630,2023-09-30,604,Feldbach,Frauen,20 bis 24 Jahre,B9999,unbestimmt (nur Pst),1,20,24
1576846,2023-09-30,606,Gleisdorf,Frauen,bis 19 Jahre,B9999,unbestimmt (nur Pst),1,0,19
1576858,2023-09-30,606,Gleisdorf,Frauen,20 bis 24 Jahre,B9999,unbestimmt (nur Pst),1,20,24
1576941,2023-09-30,606,Gleisdorf,Männer,bis 19 Jahre,B9999,unbestimmt (nur Pst),2,0,19
1577007,2023-09-30,609,Hartberg,Frauen,bis 19 Jahre,B9999,unbestimmt (nur Pst),1,0,19
1577515,2023-09-30,611,Murau,Frauen,20 bis 24 Jahre,B9999,unbestimmt (nur Pst),1,20,24
1577558,2023-09-30,611,Murau,Männer,bis 19 Jahre,B9999,unbestimmt (nur Pst),1,0,19
1577609,2023-09-30,614,Leibnitz,Frauen,bis 19 Jahre,B9999,unbestimmt (nur Pst),1,0,19
1577659,2023-09-30,614,Leibnitz,Frauen,25 bis 29 Jahre,B9999,unbestimmt (nur Pst),1,25,29
1577904,2023-09-30,616,Leoben,Frauen,bis 19 Jahre,B9999,unbestimmt (nur Pst),1,0,19
1577925,2023-09-30,616,Leoben,Frauen,20 bis 24 Jahre,B9999,unbestimmt (nur Pst),1,20,24
1578165,2023-09-30,618,Liezen,Frauen,20 bis 24 Jahre,B9999,unbestimmt (nur Pst),1,20,24
1578275,2023-09-30,618,Liezen,Männer,bis 19 Jahre,B9999,unbestimmt (nur Pst),1,0,19
1578381,2023-09-30,621,Mürzzuschlag,Frauen,bis 19 Jahre,B9999,unbestimmt (nur Pst),4,0,19
1578412,2023-09-30,621,Mürzzuschlag,Frauen,35 bis 39 Jahre,B9999,unbestimmt (nur Pst),1,35,39
1578454,2023-09-30,621,Mürzzuschlag,Männer,bis 19 Jahre,B9999,unbestimmt (nur Pst),3,0,19
1578523,2023-09-30,622,Voitsberg,Frauen,bis 19 Jahre,B9999,unbestimmt (nur Pst),1,0,19
1578541,2023-09-30,622,Voitsberg,Frauen,20 bis 24 Jahre,B9999,unbestimmt (nur Pst),1,20,24
1578635,2023-09-30,622,Voitsberg,Männer,bis 19 Jahre,B9999,unbestimmt (nur Pst),1,0,19
1578709,2023-09-30,623,Weiz,Frauen,bis 19 Jahre,B9999,unbestimmt (nur Pst),2,0,19
1578719,2023-09-30,623,Weiz,Frauen,20 bis 24 Jahre,B9999,unbestimmt (nur Pst),1,20,24
1578725,2023-09-30,623,Weiz,Frauen,25 bis 29 Jahre,B9999,unbestimmt (nur Pst),1,25,29
1578731,2023-09-30,623,Weiz,Frauen,30 bis 34 Jahre,B9999,unbestimmt (nur Pst),2,30,34
1578746,2023-09-30,623,Weiz,Frauen,40 bis 44 Jahre,B9999,unbestimmt (nur Pst),1,40,44
1578757,2023-09-30,623,Weiz,Frauen,45 bis 49 Jahre,B9999,unbestimmt (nur Pst),1,45,49
1578770,2023-09-30,623,Weiz,Frauen,55 bis 59 Jahre,B9999,unbestimmt (nur Pst),2,55,59
1578779,2023-09-30,623,Weiz,Männer,bis 19 Jahre,B9999,unbestimmt (nur Pst),2,0,19
1578814,2023-09-30,623,Weiz,Männer,40 bis 44 Jahre,B9999,unbestimmt (nur Pst),1,40,44
1578820,2023-09-30,623,Weiz,Männer,50 bis 54 Jahre,B9999,unbestimmt (nur Pst),1,50,54
1578865,2023-09-30,630,Graz-West und Umgebung,Frauen,bis 19 Jahre,B9999,unbestimmt (nur Pst),10,0,19
1578915,2023-09-30,630,Graz-West und Umgebung,Frauen,20 bis 24 Jahre,B9999,unbestimmt (nur Pst),2,20,24
1579080,2023-09-30,630,Graz-West und Umgebung,Frauen,35 bis 39 Jahre,B9999,unbestimmt (nur Pst),1,35,39
1579168,2023-09-30,630,Graz-West und Umgebung,Frauen,45 bis 49 Jahre,B9999,unbestimmt (nur Pst),1,45,49
1579267,2023-09-30,630,Graz-West und Umgebung,Männer,bis 19 Jahre,B9999,unbestimmt (nur Pst),10,0,19
1579383,2023-09-30,630,Graz-West und Umgebung,Männer,25 bis 29 Jahre,B9999,unbestimmt (nur Pst),1,25,29
1579428,2023-09-30,630,Graz-West und Umgebung,Männer,30 bis 34 Jahre,B9999,unbestimmt (nur Pst),1,30,34
1579508,2023-09-30,630,Graz-West und Umgebung,Männer,40 bis 44 Jahre,B9999,unbestimmt (nur Pst),1,40,44
1579907,2023-09-30,631,Graz-Ost,Männer,bis 19 Jahre,B9999,unbestimmt (nur Pst),2,0,19
1580136,2023-09-30,701,Imst,Frauen,bis 19 Jahre,B9999,unbestimmt (nur Pst),1,0,19
1580250,2023-09-30,702,Innsbruck,Frauen,bis 19 Jahre,B9999,unbestimmt (nur Pst),1,0,19
1580294,2023-09-30,702,Innsbruck,Frauen,25 bis 29 Jahre,B9999,unbestimmt (nur Pst),1,25,29
1580324,2023-09-30,702,Innsbruck,Frauen,30 bis 34 Jahre,B9999,unbestimmt (nur Pst),1,30,34
1580359,2023-09-30,702,Innsbruck,Frauen,35 bis 39 Jahre,B9999,unbestimmt (nur Pst),1,35,39
1580469,2023-09-30,702,Innsbruck,Männer,bis 19 Jahre,B9999,unbestimmt (nur Pst),2,0,19
1580540,2023-09-30,702,Innsbruck,Männer,25 bis 29 Jahre,B9999,unbestimmt (nur Pst),1,25,29
1580617,2023-09-30,702,Innsbruck,Männer,45 bis 49 Jahre,B9999,unbestimmt (nur Pst),1,45,49
1580682,2023-09-30,704,Kitzbühel,Frauen,30 bis 34 Jahre,B9999,unbestimmt (nur Pst),1,30,34
1580735,2023-09-30,705,Kufstein,Frauen,bis 19 Jahre,B9999,unbestimmt (nur Pst),3,0,19
1580747,2023-09-30,705,Kufstein,Frauen,20 bis 24 Jahre,B9999,unbestimmt (nur Pst),1,20,24
1580795,2023-09-30,705,Kufstein,Frauen,35 bis 39 Jahre,B9999,unbestimmt (nur Pst),2,35,39
1580848,2023-09-30,705,Kufstein,Männer,bis 19 Jahre,B9999,unbestimmt (nur Pst),4,0,19
1580871,2023-09-30,705,Kufstein,Männer,20 bis 24 Jahre,B9999,unbestimmt (nur Pst),1,20,24
1580924,2023-09-30,705,Kufstein,Männer,40 bis 44 Jahre,B9999,unbestimmt (nur Pst),1,40,44
1580968,2023-09-30,706,Landeck,Frauen,20 bis 24 Jahre,B9999,unbestimmt (nur Pst),1,20,24
1581153,2023-09-30,709,Schwaz,Frauen,bis 19 Jahre,B9999,unbestimmt (nur Pst),2,0,19
1581170,2023-09-30,709,Schwaz,Frauen,20 bis 24 Jahre,B9999,unbestimmt (nur Pst),1,20,24
1581243,2023-09-30,709,Schwaz,Männer,bis 19 Jahre,B9999,unbestimmt (nur Pst),3,0,19
1581306,2023-09-30,801,Bludenz,Frauen,bis 19 Jahre,B9999,unbestimmt (nur Pst),3,0,19
1581327,2023-09-30,801,Bludenz,Frauen,20 bis 24 Jahre,B9999,unbestimmt (nur Pst),2,20,24
1581341,2023-09-30,801,Bludenz,Frauen,25 bis 29 Jahre,B9999,unbestimmt (nur Pst),1,25,29
1581423,2023-09-30,801,Bludenz,Männer,bis 19 Jahre,B9999,unbestimmt (nur Pst),1,0,19
1581440,2023-09-30,801,Bludenz,Männer,20 bis 24 Jahre,B9999,unbestimmt (nur Pst),1,20,24
1581451,2023-09-30,801,Bludenz,Männer,25 bis 29 Jahre,B9999,unbestimmt (nur Pst),1,25,29
1581515,2023-09-30,802,Bregenz,Frauen,bis 19 Jahre,B9999,unbestimmt (nur Pst),2,0,19
1581541,2023-09-30,802,Bregenz,Frauen,20 bis 24 Jahre,B9999,unbestimmt (nur Pst),3,20,24
1581566,2023-09-30,802,Bregenz,Frauen,25 bis 29 Jahre,B9999,unbestimmt (nur Pst),1,25,29
1581629,2023-09-30,802,Bregenz,Frauen,40 bis 44 Jahre,B9999,unbestimmt (nur Pst),1,40,44
1581670,2023-09-30,802,Bregenz,Frauen,60 bis 64 Jahre,B9999,unbestimmt (nur Pst),1,60,64
1581700,2023-09-30,802,Bregenz,Männer,bis 19 Jahre,B9999,unbestimmt (nur Pst),2,0,19
1581738,2023-09-30,802,Bregenz,Männer,20 bis 24 Jahre,B9999,unbestimmt (nur Pst),1,20,24
1581764,2023-09-30,802,Bregenz,Männer,25 bis 29 Jahre,B9999,unbestimmt (nur Pst),1,25,29
1581809,2023-09-30,802,Bregenz,Männer,35 bis 39 Jahre,B9999,unbestimmt (nur Pst),1,35,39
1581874,2023-09-30,804,Dornbirn,Frauen,bis 19 Jahre,B9999,unbestimmt (nur Pst),2,0,19
1581902,2023-09-30,804,Dornbirn,Frauen,20 bis 24 Jahre,B9999,unbestimmt (nur Pst),4,20,24
1581929,2023-09-30,804,Dornbirn,Frauen,25 bis 29 Jahre,B9999,unbestimmt (nur Pst),1,25,29
1582032,2023-09-30,804,Dornbirn,Männer,bis 19 Jahre,B9999,unbestimmt (nur Pst),5,0,19
1582064,2023-09-30,804,Dornbirn,Männer,20 bis 24 Jahre,B9999,unbestimmt (nur Pst),1,20,24
1582172,2023-09-30,805,Feldkirch,Frauen,bis 19 Jahre,B9999,unbestimmt (nur Pst),4,0,19
1582211,2023-09-30,805,Feldkirch,Frauen,20 bis 24 Jahre,B9999,unbestimmt (nur Pst),9,20,24
1582238,2023-09-30,805,Feldkirch,Frauen,25 bis 29 Jahre,B9999,unbestimmt (nur Pst),2,25,29
1582257,2023-09-30,805,Feldkirch,Frauen,30 bis 34 Jahre,B9999,unbestimmt (nur Pst),2,30,34
1582278,2023-09-30,805,Feldkirch,Frauen,35 bis 39 Jahre,B9999,unbestimmt (nur Pst),2,35,39
1582362,2023-09-30,805,Feldkirch,Männer,bis 19 Jahre,B9999,unbestimmt (nur Pst),13,0,19
1582398,2023-09-30,805,Feldkirch,Männer,20 bis 24 Jahre,B9999,unbestimmt (nur Pst),5,20,24
1582428,2023-09-30,805,Feldkirch,Männer,25 bis 29 Jahre,B9999,unbestimmt (nur Pst),1,25,29
1582460,2023-09-30,805,Feldkirch,Männer,35 bis 39 Jahre,B9999,unbestimmt (nur Pst),1,35,39
1584827,2023-09-30,963,Wien Währinger Gürtel,Frauen,35 bis 39 Jahre,B9999,unbestimmt (nur Pst),1,35,39
1584988,2023-09-30,963,Wien Währinger Gürtel,Männer,25 bis 29 Jahre,B9999,unbestimmt (nur Pst),1,25,29
1585206,2023-09-30,963,Wien Währinger Gürtel,Männer,60 bis 64 Jahre,B9999,unbestimmt (nur Pst),1,60,64
1586951,2023-09-30,966,Wien Hietzinger Kai,Frauen,35 bis 39 Jahre,B9999,unbestimmt (nur Pst),1,35,39
1587503,2023-09-30,967,Wien Huttengasse,Frauen,30 bis 34 Jahre,B9999,unbestimmt (nur Pst),1,30,34
1587908,2023-09-30,967,Wien Huttengasse,Männer,30 bis 34 Jahre,B9999,unbestimmt (nur Pst),1,30,34
1588314,2023-09-30,968,Wien Schloßhofer Straße,Frauen,30 bis 34 Jahre,B9999,unbestimmt (nur Pst),1,30,34
1588415,2023-09-30,968,Wien Schloßhofer Straße,Frauen,40 bis 44 Jahre,B9999,unbestimmt (nur Pst),1,40,44
1588490,2023-09-30,968,Wien Schloßhofer Straße,Frauen,50 bis 54 Jahre,B9999,unbestimmt (nur Pst),1,50,54
1588636,2023-09-30,968,Wien Schloßhofer Straße,Männer,30 bis 34 Jahre,B9999,unbestimmt (nur Pst),1,30,34
1589606,2023-09-30,974,Wien Austria Campus,Frauen,30 bis 34 Jahre,B9999,unbestimmt (nur Pst),2,30,34
1590629,2023-09-30,976,Wien Jugendliche I,Frauen,bis 19 Jahre,B9999,unbestimmt (nur Pst),10,0,19
1590731,2023-09-30,976,Wien Jugendliche I,Frauen,20 bis 24 Jahre,B9999,unbestimmt (nur Pst),10,20,24
1590857,2023-09-30,976,Wien Jugendliche I,Männer,bis 19 Jahre,B9999,unbestimmt (nur Pst),21,0,19
1591014,2023-09-30,976,Wien Jugendliche I,Männer,20 bis 24 Jahre,B9999,unbestimmt (nur Pst),6,20,24
1591535,2023-10-31,101,Eisenstadt,Frauen,bis 19 Jahre,B9999,unbestimmt (nur Pst),1,0,19
1591720,2023-10-31,102,Mattersburg,Frauen,bis 19 Jahre,B9999,unbestimmt (nur Pst),8,0,19
1591732,2023-10-31,102,Mattersburg,Frauen,20 bis 24 Jahre,B9999,unbestimmt (nur Pst),1,20,24
1591777,2023-10-31,102,Mattersburg,Frauen,45 bis 49 Jahre,B9999,unbestimmt (nur Pst),1,45,49
1591799,2023-10-31,102,Mattersburg,Männer,bis 19 Jahre,B9999,unbestimmt (nur Pst),3,0,19
1591937,2023-10-31,103,Neusiedl am See,Männer,bis 19 Jahre,B9999,unbestimmt (nur Pst),1,0,19
1592207,2023-10-31,105,Oberwart,Frauen,25 bis 29 Jahre,B9999,unbestimmt (nur Pst),1,25,29
1592243,2023-10-31,105,Oberwart,Frauen,35 bis 39 Jahre,B9999,unbestimmt (nur Pst),1,35,39
1592263,2023-10-31,105,Oberwart,Frauen,40 bis 44 Jahre,B9999,unbestimmt (nur Pst),1,40,44
1592329,2023-10-31,105,Oberwart,Männer,bis 19 Jahre,B9999,unbestimmt (nur Pst),1,0,19
1592356,2023-10-31,105,Oberwart,Männer,20 bis 24 Jahre,B9999,unbestimmt (nur Pst),1,20,24
1592445,2023-10-31,106,Stegersbach,Frauen,20 bis 24 Jahre,B9999,unbestimmt (nur Pst),1,20,24
1592520,2023-10-31,106,Stegersbach,Männer,20 bis 24 Jahre,B9999,unbestimmt (nur Pst),1,20,24
1592546,2023-10-31,106,Stegersbach,Männer,35 bis 39 Jahre,B9999,unbestimmt (nur Pst),1,35,39
1592558,2023-10-31,106,Stegersbach,Männer,45 bis 49 Jahre,B9999,unbestimmt (nur Pst),1,45,49
1592701,2023-10-31,201,Feldkirchen,Frauen,35 bis 39 Jahre,B9999,unbestimmt (nur Pst),1,35,39
1592797,2023-10-31,203,Klagenfurt,Frauen,bis 19 Jahre,B9999,unbestimmt (nur Pst),1,0,19
1592897,2023-10-31,203,Klagenfurt,Frauen,30 bis 34 Jahre,B9999,unbestimmt (nur Pst),1,30,34
1592933,2023-10-31,203,Klagenfurt,Frauen,35 bis 39 Jahre,B9999,unbestimmt (nur Pst),1,35,39
1593066,2023-10-31,203,Klagenfurt,Männer,bis 19 Jahre,B9999,unbestimmt (nur Pst),2,0,19
1593210,2023-10-31,203,Klagenfurt,Männer,45 bis 49 Jahre,B9999,unbestimmt (nur Pst),1,45,49
1593242,2023-10-31,203,Klagenfurt,Männer,60 bis 64 Jahre,B9999,unbestimmt (nur Pst),1,60,64
1593257,2023-10-31,204,Spittal/Drau,Frauen,bis 19 Jahre,B9999,unbestimmt (nur Pst),2,0,19
1593301,2023-10-31,204,Spittal/Drau,Frauen,30 bis 34 Jahre,B9999,unbestimmt (nur Pst),1,30,34
1593375,2023-10-31,204,Spittal/Drau,Männer,bis 19 Jahre,B9999,unbestimmt (nur Pst),2,0,19
1593739,2023-10-31,206,Villach,Frauen,40 bis 44 Jahre,B9999,unbestimmt (nur Pst),1,40,44
1593901,2023-10-31,206,Villach,Männer,40 bis 44 Jahre,B9999,unbestimmt (nur Pst),1,40,44
1593952,2023-10-31,207,Völkermarkt,Frauen,bis 19 Jahre,B9999,unbestimmt (nur Pst),2,0,19
1594021,2023-10-31,207,Völkermarkt,Frauen,45 bis 49 Jahre,B9999,unbestimmt (nur Pst),1,45,49
1594313,2023-10-31,301,Amstetten,Frauen,bis 19 Jahre,B9999,unbestimmt (nur Pst),6,0,19
1594339,2023-10-31,301,Amstetten,Frauen,20 bis 24 Jahre,B9999,unbestimmt (nur Pst),3,20,24
1594357,2023-10-31,301,Amstetten,Frauen,25 bis 29 Jahre,B9999,unbestimmt (nur Pst),1,25,29
1594376,2023-10-31,301,Amstetten,Frauen,30 bis 34 Jahre,B9999,unbestimmt (nur Pst),1,30,34
1594436,2023-10-31,301,Amstetten,Frauen,45 bis 49 Jahre,B9999,unbestimmt (nur Pst),1,45,49
1594480,2023-10-31,301,Amstetten,Männer,bis 19 Jahre,B9999,unbestimmt (nur Pst),9,0,19
1594497,2023-10-31,301,Amstetten,Männer,20 bis 24 Jahre,B9999,unbestimmt (nur Pst),4,20,24
1594520,2023-10-31,301,Amstetten,Männer,25 bis 29 Jahre,B9999,unbestimmt (nur Pst),1,25,29
1594547,2023-10-31,301,Amstetten,Männer,35 bis 39 Jahre,B9999,unbestimmt (nur Pst),1,35,39
1594616,2023-10-31,304,Baden neu,Frauen,bis 19 Jahre,B9999,unbestimmt (nur Pst),2,0,19
1594641,2023-10-31,304,Baden neu,Frauen,20 bis 24 Jahre,B9999,unbestimmt (nur Pst),2,20,24
1594661,2023-10-31,304,Baden neu,Frauen,25 bis 29 Jahre,B9999,unbestimmt (nur Pst),2,25,29
1594708,2023-10-31,304,Baden neu,Frauen,35 bis 39 Jahre,B9999,unbestimmt (nur Pst),1,35,39
1594813,2023-10-31,304,Baden neu,Männer,bis 19 Jahre,B9999,unbestimmt (nur Pst),1,0,19
1594981,2023-10-31,306,Bruck/Leitha,Frauen,bis 19 Jahre,B9999,unbestimmt (nur Pst),2,0,19
1595008,2023-10-31,306,Bruck/Leitha,Frauen,30 bis 34 Jahre,B9999,unbestimmt (nur Pst),1,30,34
1595063,2023-10-31,306,Bruck/Leitha,Männer,bis 19 Jahre,B9999,unbestimmt (nur Pst),1,0,19
1595135,2023-10-31,308,Gänserndorf,Frauen,bis 19 Jahre,B9999,unbestimmt (nur Pst),2,0,19
1595157,2023-10-31,308,Gänserndorf,Frauen,20 bis 24 Jahre,B9999,unbestimmt (nur Pst),2,20,24
1595177,2023-10-31,308,Gänserndorf,Frauen,25 bis 29 Jahre,B9999,unbestimmt (nur Pst),2,25,29
1595267,2023-10-31,308,Gänserndorf,Frauen,45 bis 49 Jahre,B9999,unbestimmt (nur Pst),1,45,49
1595322,2023-10-31,308,Gänserndorf,Männer,bis 19 Jahre,B9999,unbestimmt (nur Pst),5,0,19
1595368,2023-10-31,308,Gänserndorf,Männer,20 bis 24 Jahre,B9999,unbestimmt (nur Pst),1,20,24
1595483,2023-10-31,311,Gmünd,Frauen,bis 19 Jahre,B9999,unbestimmt (nur Pst),1,0,19
1595569,2023-10-31,311,Gmünd,Männer,bis 19 Jahre,B9999,unbestimmt (nur Pst),1,0,19
1595801,2023-10-31,313,Horn,Frauen,20 bis 24 Jahre,B9999,unbestimmt (nur Pst),2,20,24
1595883,2023-10-31,314,Korneuburg,Frauen,bis 19 Jahre,B9999,unbestimmt (nur Pst),1,0,19
1596041,2023-10-31,314,Korneuburg,Männer,bis 19 Jahre,B9999,unbestimmt (nur Pst),1,0,19
1596163,2023-10-31,315,Krems,Frauen,bis 19 Jahre,B9999,unbestimmt (nur Pst),2,0,19
1596193,2023-10-31,315,Krems,Frauen,20 bis 24 Jahre,B9999,unbestimmt (nur Pst),1,20,24
1596268,2023-10-31,315,Krems,Frauen,40 bis 44 Jahre,B9999,unbestimmt (nur Pst),1,40,44
1596283,2023-10-31,315,Krems,Frauen,45 bis 49 Jahre,B9999,unbestimmt (nur Pst),1,45,49
1596297,2023-10-31,315,Krems,Frauen,50 bis 54 Jahre,B9999,unbestimmt (nur Pst),1,50,54
1596326,2023-10-31,315,Krems,Männer,bis 19 Jahre,B9999,unbestimmt (nur Pst),2,0,19
1596410,2023-10-31,315,Krems,Männer,45 bis 49 Jahre,B9999,unbestimmt (nur Pst),1,45,49
1596435,2023-10-31,316,Lilienfeld,Frauen,bis 19 Jahre,B9999,unbestimmt (nur Pst),2,0,19
1596488,2023-10-31,316,Lilienfeld,Frauen,45 bis 49 Jahre,B9999,unbestimmt (nur Pst),1,45,49
1596509,2023-10-31,316,Lilienfeld,Männer,bis 19 Jahre,B9999,unbestimmt (nur Pst),1,0,19
1596519,2023-10-31,316,Lilienfeld,Männer,20 bis 24 Jahre,B9999,unbestimmt (nur Pst),1,20,24
1596569,2023-10-31,317,Melk,Frauen,bis 19 Jahre,B9999,unbestimmt (nur Pst),2,0,19
1596697,2023-10-31,317,Melk,Männer,bis 19 Jahre,B9999,unbestimmt (nur Pst),4,0,19
1596780,2023-10-31,319,Mistelbach,Frauen,bis 19 Jahre,B9999,unbestimmt (nur Pst),2,0,19
1596862,2023-10-31,319,Mistelbach,Frauen,40 bis 44 Jahre,B9999,unbestimmt (nur Pst),1,40,44
1596931,2023-10-31,319,Mistelbach,Männer,20 bis 24 Jahre,B9999,unbestimmt (nur Pst),1,20,24
1596992,2023-10-31,321,Mödling,Frauen,bis 19 Jahre,B9999,unbestimmt (nur Pst),7,0,19
1597006,2023-10-31,321,Mödling,Frauen,20 bis 24 Jahre,B9999,unbestimmt (nur Pst),1,20,24
1597169,2023-10-31,321,Mödling,Männer,bis 19 Jahre,B9999,unbestimmt (nur Pst),16,0,19
1597378,2023-10-31,323,Neunkirchen,Frauen,35 bis 39 Jahre,B9999,unbestimmt (nur Pst),1,35,39
1597455,2023-10-31,323,Neunkirchen,Männer,bis 19 Jahre,B9999,unbestimmt (nur Pst),1,0,19
1597598,2023-10-31,326,St. Pölten,Frauen,bis 19 Jahre,B9999,unbestimmt (nur Pst),8,0,19
1597636,2023-10-31,326,St. Pölten,Frauen,20 bis 24 Jahre,B9999,unbestimmt (nur Pst),3,20,24
1597660,2023-10-31,326,St. Pölten,Frauen,25 bis 29 Jahre,B9999,unbestimmt (nur Pst),1,25,29
1597776,2023-10-31,326,St. Pölten,Frauen,40 bis 44 Jahre,B9999,unbestimmt (nur Pst),2,40,44
1597811,2023-10-31,326,St. Pölten,Frauen,45 bis 49 Jahre,B9999,unbestimmt (nur Pst),2,45,49
1597852,2023-10-31,326,St. Pölten,Frauen,55 bis 59 Jahre,B9999,unbestimmt (nur Pst),1,55,59
1597889,2023-10-31,326,St. Pölten,Männer,bis 19 Jahre,B9999,unbestimmt (nur Pst),12,0,19
1597930,2023-10-31,326,St. Pölten,Männer,20 bis 24 Jahre,B9999,unbestimmt (nur Pst),5,20,24
1598153,2023-10-31,328,Scheibbs,Frauen,25 bis 29 Jahre,B9999,unbestimmt (nur Pst),1,25,29
1598207,2023-10-31,328,Scheibbs,Männer,bis 19 Jahre,B9999,unbestimmt (nur Pst),2,0,19
1598230,2023-10-31,328,Scheibbs,Männer,30 bis 34 Jahre,B9999,unbestimmt (nur Pst),1,30,34
1598262,2023-10-31,328,Scheibbs,Männer,60 bis 64 Jahre,B9999,unbestimmt (nur Pst),1,60,64
1598290,2023-10-31,329,Schwechat,Frauen,20 bis 24 Jahre,B9999,unbestimmt (nur Pst),1,20,24
1598394,2023-10-31,329,Schwechat,Männer,bis 19 Jahre,B9999,unbestimmt (nur Pst),3,0,19
1598483,2023-10-31,331,Tulln,Frauen,bis 19 Jahre,B9999,unbestimmt (nur Pst),2,0,19
1598504,2023-10-31,331,Tulln,Frauen,20 bis 24 Jahre,B9999,unbestimmt (nur Pst),3,20,24
1598602,2023-10-31,331,Tulln,Frauen,45 bis 49 Jahre,B9999,unbestimmt (nur Pst),1,45,49
1598617,2023-10-31,331,Tulln,Frauen,50 bis 54 Jahre,B9999,unbestimmt (nur Pst),1,50,54
1598636,2023-10-31,331,Tulln,Männer,bis 19 Jahre,B9999,unbestimmt (nur Pst),7,0,19
1598655,2023-10-31,331,Tulln,Männer,20 bis 24 Jahre,B9999,unbestimmt (nur Pst),2,20,24
1598688,2023-10-31,331,Tulln,Männer,30 bis 34 Jahre,B9999,unbestimmt (nur Pst),1,30,34
1598817,2023-10-31,332,Waidhofen/Thaya,Männer,bis 19 Jahre,B9999,unbestimmt (nur Pst),1,0,19
1598829,2023-10-31,332,Waidhofen/Thaya,Männer,20 bis 24 Jahre,B9999,unbestimmt (nur Pst),1,20,24
1598856,2023-10-31,333,Waidhofen/Ybbs,Frauen,bis 19 Jahre,B9999,unbestimmt (nur Pst),1,0,19
1598889,2023-10-31,333,Waidhofen/Ybbs,Frauen,35 bis 39 Jahre,B9999,unbestimmt (nur Pst),1,35,39
1598930,2023-10-31,333,Waidhofen/Ybbs,Männer,40 bis 44 Jahre,B9999,unbestimmt (nur Pst),1,40,44
1598965,2023-10-31,334,Wr. Neustadt,Frauen,bis 19 Jahre,B9999,unbestimmt (nur Pst),1,0,19
1598990,2023-10-31,334,Wr. Neustadt,Frauen,20 bis 24 Jahre,B9999,unbestimmt (nur Pst),2,20,24
1599046,2023-10-31,334,Wr. Neustadt,Frauen,30 bis 34 Jahre,B9999,unbestimmt (nur Pst),1,30,34
1599179,2023-10-31,334,Wr. Neustadt,Männer,bis 19 Jahre,B9999,unbestimmt (nur Pst),3,0,19
1599447,2023-10-31,335,Zwettl,Männer,bis 19 Jahre,B9999,unbestimmt (nur Pst),1,0,19
1599504,2023-10-31,401,Braunau,Frauen,bis 19 Jahre,B9999,unbestimmt (nur Pst),6,0,19
1599527,2023-10-31,401,Braunau,Frauen,20 bis 24 Jahre,B9999,unbestimmt (nur Pst),9,20,24
1599553,2023-10-31,401,Braunau,Frauen,25 bis 29 Jahre,B9999,unbestimmt (nur Pst),3,25,29
1599579,2023-10-31,401,Braunau,Frauen,30 bis 34 Jahre,B9999,unbestimmt (nur Pst),6,30,34
1599640,2023-10-31,401,Braunau,Frauen,45 bis 49 Jahre,B9999,unbestimmt (nur Pst),1,45,49
1599659,2023-10-31,401,Braunau,Frauen,50 bis 54 Jahre,B9999,unbestimmt (nur Pst),1,50,54
1599693,2023-10-31,401,Braunau,Männer,bis 19 Jahre,B9999,unbestimmt (nur Pst),25,0,19
1599723,2023-10-31,401,Braunau,Männer,20 bis 24 Jahre,B9999,unbestimmt (nur Pst),2,20,24
1599751,2023-10-31,401,Braunau,Männer,25 bis 29 Jahre,B9999,unbestimmt (nur Pst),1,25,29
1599773,2023-10-31,401,Braunau,Männer,30 bis 34 Jahre,B9999,unbestimmt (nur Pst),2,30,34
1599789,2023-10-31,401,Braunau,Männer,35 bis 39 Jahre,B9999,unbestimmt (nur Pst),1,35,39
1599802,2023-10-31,401,Braunau,Männer,40 bis 44 Jahre,B9999,unbestimmt (nur Pst),1,40,44
1599859,2023-10-31,402,Eferding,Frauen,bis 19 Jahre,B9999,unbestimmt (nur Pst),1,0,19
1599873,2023-10-31,402,Eferding,Frauen,20 bis 24 Jahre,B9999,unbestimmt (nur Pst),1,20,24
1599900,2023-10-31,402,Eferding,Frauen,35 bis 39 Jahre,B9999,unbestimmt (nur Pst),1,35,39
1600020,2023-10-31,403,Freistadt,Frauen,20 bis 24 Jahre,B9999,unbestimmt (nur Pst),2,20,24
1600225,2023-10-31,404,Gmunden,Frauen,bis 19 Jahre,B9999,unbestimmt (nur Pst),3,0,19
1600274,2023-10-31,404,Gmunden,Frauen,25 bis 29 Jahre,B9999,unbestimmt (nur Pst),1,25,29
1600405,2023-10-31,404,Gmunden,Männer,bis 19 Jahre,B9999,unbestimmt (nur Pst),3,0,19
1600563,2023-10-31,406,Grieskirchen,Frauen,bis 19 Jahre,B9999,unbestimmt (nur Pst),1,0,19
1600599,2023-10-31,406,Grieskirchen,Frauen,25 bis 29 Jahre,B9999,unbestimmt (nur Pst),1,25,29
1600612,2023-10-31,406,Grieskirchen,Frauen,30 bis 34 Jahre,B9999,unbestimmt (nur Pst),1,30,34
1600660,2023-10-31,406,Grieskirchen,Frauen,45 bis 49 Jahre,B9999,unbestimmt (nur Pst),1,45,49
1600689,2023-10-31,406,Grieskirchen,Männer,bis 19 Jahre,B9999,unbestimmt (nur Pst),1,0,19
1600771,2023-10-31,407,Kirchdorf/Krems,Frauen,bis 19 Jahre,B9999,unbestimmt (nur Pst),5,0,19
1600805,2023-10-31,407,Kirchdorf/Krems,Frauen,25 bis 29 Jahre,B9999,unbestimmt (nur Pst),1,25,29
1600820,2023-10-31,407,Kirchdorf/Krems,Frauen,30 bis 34 Jahre,B9999,unbestimmt (nur Pst),1,30,34
1600884,2023-10-31,407,Kirchdorf/Krems,Männer,bis 19 Jahre,B9999,unbestimmt (nur Pst),5,0,19
1601008,2023-10-31,409,Linz neu,Frauen,bis 19 Jahre,B9999,unbestimmt (nur Pst),26,0,19
1601051,2023-10-31,409,Linz neu,Frauen,20 bis 24 Jahre,B9999,unbestimmt (nur Pst),14,20,24
1601104,2023-10-31,409,Linz neu,Frauen,25 bis 29 Jahre,B9999,unbestimmt (nur Pst),7,25,29
1601155,2023-10-31,409,Linz neu,Frauen,30 bis 34 Jahre,B9999,unbestimmt (nur Pst),4,30,34
1601208,2023-10-31,409,Linz neu,Frauen,35 bis 39 Jahre,B9999,unbestimmt (nur Pst),2,35,39
1601264,2023-10-31,409,Linz neu,Frauen,40 bis 44 Jahre,B9999,unbestimmt (nur Pst),2,40,44
1601308,2023-10-31,409,Linz neu,Frauen,45 bis 49 Jahre,B9999,unbestimmt (nur Pst),3,45,49
1601408,2023-10-31,409,Linz neu,Männer,bis 19 Jahre,B9999,unbestimmt (nur Pst),35,0,19
1601461,2023-10-31,409,Linz neu,Männer,20 bis 24 Jahre,B9999,unbestimmt (nur Pst),13,20,24
1601512,2023-10-31,409,Linz neu,Männer,25 bis 29 Jahre,B9999,unbestimmt (nur Pst),4,25,29
1601559,2023-10-31,409,Linz neu,Männer,30 bis 34 Jahre,B9999,unbestimmt (nur Pst),2,30,34
1601608,2023-10-31,409,Linz neu,Männer,35 bis 39 Jahre,B9999,unbestimmt (nur Pst),3,35,39
1601652,2023-10-31,409,Linz neu,Männer,40 bis 44 Jahre,B9999,unbestimmt (nur Pst),2,40,44
1601755,2023-10-31,411,Perg,Frauen,bis 19 Jahre,B9999,unbestimmt (nur Pst),2,0,19
1601897,2023-10-31,411,Perg,Männer,bis 19 Jahre,B9999,unbestimmt (nur Pst),2,0,19
1601922,2023-10-31,411,Perg,Männer,20 bis 24 Jahre,B9999,unbestimmt (nur Pst),1,20,24
1602012,2023-10-31,412,Ried im Innkreis,Frauen,bis 19 Jahre,B9999,unbestimmt (nur Pst),18,0,19
1602031,2023-10-31,412,Ried im Innkreis,Frauen,20 bis 24 Jahre,B9999,unbestimmt (nur Pst),1,20,24
1602047,2023-10-31,412,Ried im Innkreis,Frauen,25 bis 29 Jahre,B9999,unbestimmt (nur Pst),1,25,29
1602069,2023-10-31,412,Ried im Innkreis,Frauen,30 bis 34 Jahre,B9999,unbestimmt (nur Pst),2,30,34
1602101,2023-10-31,412,Ried im Innkreis,Frauen,40 bis 44 Jahre,B9999,unbestimmt (nur Pst),2,40,44
1602112,2023-10-31,412,Ried im Innkreis,Frauen,45 bis 49 Jahre,B9999,unbestimmt (nur Pst),1,45,49
1602125,2023-10-31,412,Ried im Innkreis,Frauen,50 bis 54 Jahre,B9999,unbestimmt (nur Pst),1,50,54
1602152,2023-10-31,412,Ried im Innkreis,Männer,bis 19 Jahre,B9999,unbestimmt (nur Pst),10,0,19
1602208,2023-10-31,412,Ried im Innkreis,Männer,35 bis 39 Jahre,B9999,unbestimmt (nur Pst),1,35,39
1602249,2023-10-31,413,Rohrbach,Frauen,bis 19 Jahre,B9999,unbestimmt (nur Pst),2,0,19
1602294,2023-10-31,413,Rohrbach,Frauen,30 bis 34 Jahre,B9999,unbestimmt (nur Pst),1,30,34
1602355,2023-10-31,413,Rohrbach,Frauen,60 bis 64 Jahre,B9999,unbestimmt (nur Pst),1,60,64
1602364,2023-10-31,413,Rohrbach,Männer,bis 19 Jahre,B9999,unbestimmt (nur Pst),2,0,19
1602394,2023-10-31,413,Rohrbach,Männer,35 bis 39 Jahre,B9999,unbestimmt (nur Pst),1,35,39
1602437,2023-10-31,414,Schärding,Frauen,bis 19 Jahre,B9999,unbestimmt (nur Pst),1,0,19
1602451,2023-10-31,414,Schärding,Frauen,20 bis 24 Jahre,B9999,unbestimmt (nur Pst),3,20,24
1602571,2023-10-31,414,Schärding,Männer,30 bis 34 Jahre,B9999,unbestimmt (nur Pst),1,30,34
1602580,2023-10-31,414,Schärding,Männer,40 bis 44 Jahre,B9999,unbestimmt (nur Pst),1,40,44
1602619,2023-10-31,415,Steyr,Frauen,bis 19 Jahre,B9999,unbestimmt (nur Pst),7,0,19
1602650,2023-10-31,415,Steyr,Frauen,20 bis 24 Jahre,B9999,unbestimmt (nur Pst),1,20,24
1602831,2023-10-31,415,Steyr,Männer,bis 19 Jahre,B9999,unbestimmt (nur Pst),14,0,19
1602863,2023-10-31,415,Steyr,Männer,20 bis 24 Jahre,B9999,unbestimmt (nur Pst),4,20,24
1602894,2023-10-31,415,Steyr,Männer,25 bis 29 Jahre,B9999,unbestimmt (nur Pst),3,25,29
1603030,2023-10-31,418,Vöcklabruck,Frauen,bis 19 Jahre,B9999,unbestimmt (nur Pst),3,0,19
1603057,2023-10-31,418,Vöcklabruck,Frauen,20 bis 24 Jahre,B9999,unbestimmt (nur Pst),1,20,24
1603129,2023-10-31,418,Vöcklabruck,Frauen,35 bis 39 Jahre,B9999,unbestimmt (nur Pst),1,35,39
1603158,2023-10-31,418,Vöcklabruck,Frauen,40 bis 44 Jahre,B9999,unbestimmt (nur Pst),1,40,44
1603216,2023-10-31,418,Vöcklabruck,Frauen,55 bis 59 Jahre,B9999,unbestimmt (nur Pst),1,55,59
1603242,2023-10-31,418,Vöcklabruck,Männer,bis 19 Jahre,B9999,unbestimmt (nur Pst),3,0,19
1603276,2023-10-31,418,Vöcklabruck,Männer,20 bis 24 Jahre,B9999,unbestimmt (nur Pst),1,20,24
1603495,2023-10-31,419,Wels,Frauen,25 bis 29 Jahre,B9999,unbestimmt (nur Pst),2,25,29
1603597,2023-10-31,419,Wels,Frauen,45 bis 49 Jahre,B9999,unbestimmt (nur Pst),1,45,49
1603734,2023-10-31,419,Wels,Männer,30 bis 34 Jahre,B9999,unbestimmt (nur Pst),1,30,34
1603975,2023-10-31,421,Traun,Frauen,35 bis 39 Jahre,B9999,unbestimmt (nur Pst),1,35,39
1604092,2023-10-31,421,Traun,Männer,bis 19 Jahre,B9999,unbestimmt (nur Pst),1,0,19
1604178,2023-10-31,421,Traun,Männer,30 bis 34 Jahre,B9999,unbestimmt (nur Pst),1,30,34
1605642,2023-10-31,601,Bruck/Mur,Frauen,bis 19 Jahre,B9999,unbestimmt (nur Pst),3,0,19
1605759,2023-10-31,601,Bruck/Mur,Männer,bis 19 Jahre,B9999,unbestimmt (nur Pst),3,0,19
1605888,2023-10-31,603,Deutschlandsberg,Frauen,bis 19 Jahre,B9999,unbestimmt (nur Pst),1,0,19
1605911,2023-10-31,603,Deutschlandsberg,Frauen,20 bis 24 Jahre,B9999,unbestimmt (nur Pst),1,20,24
1606019,2023-10-31,603,Deutschlandsberg,Männer,bis 19 Jahre,B9999,unbestimmt (nur Pst),1,0,19
1606149,2023-10-31,604,Feldbach,Frauen,20 bis 24 Jahre,B9999,unbestimmt (nur Pst),1,20,24
1606374,2023-10-31,606,Gleisdorf,Frauen,bis 19 Jahre,B9999,unbestimmt (nur Pst),1,0,19
1606389,2023-10-31,606,Gleisdorf,Frauen,20 bis 24 Jahre,B9999,unbestimmt (nur Pst),1,20,24
1606469,2023-10-31,606,Gleisdorf,Frauen,45 bis 49 Jahre,B9999,unbestimmt (nur Pst),1,45,49
1606490,2023-10-31,606,Gleisdorf,Männer,bis 19 Jahre,B9999,unbestimmt (nur Pst),1,0,19
1606561,2023-10-31,609,Hartberg,Frauen,bis 19 Jahre,B9999,unbestimmt (nur Pst),1,0,19
1606869,2023-10-31,610,Judenburg,Frauen,bis 19 Jahre,B9999,unbestimmt (nur Pst),1,0,19
1606982,2023-10-31,610,Judenburg,Frauen,45 bis 49 Jahre,B9999,unbestimmt (nur Pst),1,45,49
1606997,2023-10-31,610,Judenburg,Frauen,55 bis 59 Jahre,B9999,unbestimmt (nur Pst),1,55,59
1607124,2023-10-31,611,Murau,Frauen,bis 19 Jahre,B9999,unbestimmt (nur Pst),1,0,19
1607176,2023-10-31,611,Murau,Männer,bis 19 Jahre,B9999,unbestimmt (nur Pst),1,0,19
1607225,2023-10-31,614,Leibnitz,Frauen,bis 19 Jahre,B9999,unbestimmt (nur Pst),1,0,19
1607273,2023-10-31,614,Leibnitz,Frauen,25 bis 29 Jahre,B9999,unbestimmt (nur Pst),1,25,29
1607535,2023-10-31,616,Leoben,Frauen,bis 19 Jahre,B9999,unbestimmt (nur Pst),1,0,19
1607555,2023-10-31,616,Leoben,Frauen,20 bis 24 Jahre,B9999,unbestimmt (nur Pst),1,20,24
1607676,2023-10-31,616,Leoben,Männer,bis 19 Jahre,B9999,unbestimmt (nur Pst),1,0,19
1607793,2023-10-31,618,Liezen,Frauen,bis 19 Jahre,B9999,unbestimmt (nur Pst),2,0,19
1607808,2023-10-31,618,Liezen,Frauen,20 bis 24 Jahre,B9999,unbestimmt (nur Pst),1,20,24
1607915,2023-10-31,618,Liezen,Männer,bis 19 Jahre,B9999,unbestimmt (nur Pst),1,0,19
1608022,2023-10-31,621,Mürzzuschlag,Frauen,bis 19 Jahre,B9999,unbestimmt (nur Pst),4,0,19
1608091,2023-10-31,621,Mürzzuschlag,Frauen,50 bis 54 Jahre,B9999,unbestimmt (nur Pst),1,50,54
1608096,2023-10-31,621,Mürzzuschlag,Frauen,55 bis 59 Jahre,B9999,unbestimmt (nur Pst),2,55,59
1608107,2023-10-31,621,Mürzzuschlag,Männer,bis 19 Jahre,B9999,unbestimmt (nur Pst),3,0,19
1608187,2023-10-31,622,Voitsberg,Frauen,bis 19 Jahre,B9999,unbestimmt (nur Pst),1,0,19
1608205,2023-10-31,622,Voitsberg,Frauen,20 bis 24 Jahre,B9999,unbestimmt (nur Pst),1,20,24
1608299,2023-10-31,622,Voitsberg,Männer,bis 19 Jahre,B9999,unbestimmt (nur Pst),1,0,19
1608382,2023-10-31,623,Weiz,Frauen,bis 19 Jahre,B9999,unbestimmt (nur Pst),2,0,19
1608394,2023-10-31,623,Weiz,Frauen,20 bis 24 Jahre,B9999,unbestimmt (nur Pst),1,20,24
1608401,2023-10-31,623,Weiz,Frauen,25 bis 29 Jahre,B9999,unbestimmt (nur Pst),1,25,29
1608410,2023-10-31,623,Weiz,Frauen,30 bis 34 Jahre,B9999,unbestimmt (nur Pst),2,30,34
1608431,2023-10-31,623,Weiz,Frauen,40 bis 44 Jahre,B9999,unbestimmt (nur Pst),1,40,44
1608442,2023-10-31,623,Weiz,Frauen,45 bis 49 Jahre,B9999,unbestimmt (nur Pst),1,45,49
1608456,2023-10-31,623,Weiz,Frauen,55 bis 59 Jahre,B9999,unbestimmt (nur Pst),1,55,59
1608464,2023-10-31,623,Weiz,Männer,bis 19 Jahre,B9999,unbestimmt (nur Pst),1,0,19
1608507,2023-10-31,623,Weiz,Männer,40 bis 44 Jahre,B9999,unbestimmt (nur Pst),1,40,44
1608512,2023-10-31,623,Weiz,Männer,50 bis 54 Jahre,B9999,unbestimmt (nur Pst),2,50,54
1608556,2023-10-31,630,Graz-West und Umgebung,Frauen,bis 19 Jahre,B9999,unbestimmt (nur Pst),9,0,19
1608605,2023-10-31,630,Graz-West und Umgebung,Frauen,20 bis 24 Jahre,B9999,unbestimmt (nur Pst),2,20,24
1608664,2023-10-31,630,Graz-West und Umgebung,Frauen,25 bis 29 Jahre,B9999,unbestimmt (nur Pst),1,25,29
1608720,2023-10-31,630,Graz-West und Umgebung,Frauen,30 bis 34 Jahre,B9999,unbestimmt (nur Pst),1,30,34
1608783,2023-10-31,630,Graz-West und Umgebung,Frauen,35 bis 39 Jahre,B9999,unbestimmt (nur Pst),1,35,39
1608872,2023-10-31,630,Graz-West und Umgebung,Frauen,45 bis 49 Jahre,B9999,unbestimmt (nur Pst),1,45,49
1608979,2023-10-31,630,Graz-West und Umgebung,Männer,bis 19 Jahre,B9999,unbestimmt (nur Pst),19,0,19
1609136,2023-10-31,630,Graz-West und Umgebung,Männer,30 bis 34 Jahre,B9999,unbestimmt (nur Pst),1,30,34
1609219,2023-10-31,630,Graz-West und Umgebung,Männer,40 bis 44 Jahre,B9999,unbestimmt (nur Pst),1,40,44
1609375,2023-10-31,631,Graz-Ost,Frauen,20 bis 24 Jahre,B9999,unbestimmt (nur Pst),1,20,24
1609641,2023-10-31,631,Graz-Ost,Männer,bis 19 Jahre,B9999,unbestimmt (nur Pst),2,0,19
1609885,2023-10-31,701,Imst,Frauen,bis 19 Jahre,B9999,unbestimmt (nur Pst),1,0,19
1610009,2023-10-31,702,Innsbruck,Frauen,bis 19 Jahre,B9999,unbestimmt (nur Pst),1,0,19
1610066,2023-10-31,702,Innsbruck,Frauen,25 bis 29 Jahre,B9999,unbestimmt (nur Pst),1,25,29
1610100,2023-10-31,702,Innsbruck,Frauen,30 bis 34 Jahre,B9999,unbestimmt (nur Pst),1,30,34
1610136,2023-10-31,702,Innsbruck,Frauen,35 bis 39 Jahre,B9999,unbestimmt (nur Pst),1,35,39
1610257,2023-10-31,702,Innsbruck,Männer,bis 19 Jahre,B9999,unbestimmt (nur Pst),2,0,19
1610291,2023-10-31,702,Innsbruck,Männer,20 bis 24 Jahre,B9999,unbestimmt (nur Pst),1,20,24
1610329,2023-10-31,702,Innsbruck,Männer,25 bis 29 Jahre,B9999,unbestimmt (nur Pst),1,25,29
1610410,2023-10-31,702,Innsbruck,Männer,45 bis 49 Jahre,B9999,unbestimmt (nur Pst),1,45,49
1610478,2023-10-31,704,Kitzbühel,Frauen,30 bis 34 Jahre,B9999,unbestimmt (nur Pst),1,30,34
1610556,2023-10-31,705,Kufstein,Frauen,bis 19 Jahre,B9999,unbestimmt (nur Pst),2,0,19
1610576,2023-10-31,705,Kufstein,Frauen,20 bis 24 Jahre,B9999,unbestimmt (nur Pst),1,20,24
1610627,2023-10-31,705,Kufstein,Frauen,35 bis 39 Jahre,B9999,unbestimmt (nur Pst),1,35,39
1610661,2023-10-31,705,Kufstein,Frauen,50 bis 54 Jahre,B9999,unbestimmt (nur Pst),1,50,54
1610687,2023-10-31,705,Kufstein,Männer,bis 19 Jahre,B9999,unbestimmt (nur Pst),4,0,19
1610715,2023-10-31,705,Kufstein,Männer,20 bis 24 Jahre,B9999,unbestimmt (nur Pst),1,20,24
1610763,2023-10-31,705,Kufstein,Männer,40 bis 44 Jahre,B9999,unbestimmt (nur Pst),1,40,44
1610802,2023-10-31,706,Landeck,Frauen,20 bis 24 Jahre,B9999,unbestimmt (nur Pst),1,20,24
1611038,2023-10-31,709,Schwaz,Frauen,bis 19 Jahre,B9999,unbestimmt (nur Pst),1,0,19
1611057,2023-10-31,709,Schwaz,Frauen,20 bis 24 Jahre,B9999,unbestimmt (nur Pst),1,20,24
1611148,2023-10-31,709,Schwaz,Männer,bis 19 Jahre,B9999,unbestimmt (nur Pst),2,0,19
1611225,2023-10-31,801,Bludenz,Frauen,bis 19 Jahre,B9999,unbestimmt (nur Pst),4,0,19
1611246,2023-10-31,801,Bludenz,Frauen,20 bis 24 Jahre,B9999,unbestimmt (nur Pst),2,20,24
1611305,2023-10-31,801,Bludenz,Frauen,40 bis 44 Jahre,B9999,unbestimmt (nur Pst),1,40,44
1611364,2023-10-31,801,Bludenz,Männer,20 bis 24 Jahre,B9999,unbestimmt (nur Pst),2,20,24
1611377,2023-10-31,801,Bludenz,Männer,25 bis 29 Jahre,B9999,unbestimmt (nur Pst),1,25,29
1611444,2023-10-31,802,Bregenz,Frauen,bis 19 Jahre,B9999,unbestimmt (nur Pst),3,0,19
1611470,2023-10-31,802,Bregenz,Frauen,20 bis 24 Jahre,B9999,unbestimmt (nur Pst),3,20,24
1611498,2023-10-31,802,Bregenz,Frauen,25 bis 29 Jahre,B9999,unbestimmt (nur Pst),1,25,29
1611572,2023-10-31,802,Bregenz,Frauen,40 bis 44 Jahre,B9999,unbestimmt (nur Pst),1,40,44
1611642,2023-10-31,802,Bregenz,Männer,bis 19 Jahre,B9999,unbestimmt (nur Pst),2,0,19
1611678,2023-10-31,802,Bregenz,Männer,20 bis 24 Jahre,B9999,unbestimmt (nur Pst),1,20,24
1611701,2023-10-31,802,Bregenz,Männer,25 bis 29 Jahre,B9999,unbestimmt (nur Pst),1,25,29
1611746,2023-10-31,802,Bregenz,Männer,35 bis 39 Jahre,B9999,unbestimmt (nur Pst),1,35,39
1611803,2023-10-31,804,Dornbirn,Frauen,bis 19 Jahre,B9999,unbestimmt (nur Pst),1,0,19
1611832,2023-10-31,804,Dornbirn,Frauen,20 bis 24 Jahre,B9999,unbestimmt (nur Pst),6,20,24
1611857,2023-10-31,804,Dornbirn,Frauen,25 bis 29 Jahre,B9999,unbestimmt (nur Pst),1,25,29
1611971,2023-10-31,804,Dornbirn,Männer,bis 19 Jahre,B9999,unbestimmt (nur Pst),6,0,19
1612107,2023-10-31,805,Feldkirch,Frauen,bis 19 Jahre,B9999,unbestimmt (nur Pst),5,0,19
1612152,2023-10-31,805,Feldkirch,Frauen,20 bis 24 Jahre,B9999,unbestimmt (nur Pst),7,20,24
1612177,2023-10-31,805,Feldkirch,Frauen,25 bis 29 Jahre,B9999,unbestimmt (nur Pst),2,25,29
1612199,2023-10-31,805,Feldkirch,Frauen,30 bis 34 Jahre,B9999,unbestimmt (nur Pst),1,30,34
1612218,2023-10-31,805,Feldkirch,Frauen,35 bis 39 Jahre,B9999,unbestimmt (nur Pst),1,35,39
1612306,2023-10-31,805,Feldkirch,Männer,bis 19 Jahre,B9999,unbestimmt (nur Pst),12,0,19
1612346,2023-10-31,805,Feldkirch,Männer,20 bis 24 Jahre,B9999,unbestimmt (nur Pst),4,20,24
1612373,2023-10-31,805,Feldkirch,Männer,25 bis 29 Jahre,B9999,unbestimmt (nur Pst),1,25,29
1612394,2023-10-31,805,Feldkirch,Männer,30 bis 34 Jahre,B9999,unbestimmt (nur Pst),1,30,34
1612409,2023-10-31,805,Feldkirch,Männer,35 bis 39 Jahre,B9999,unbestimmt (nur Pst),1,35,39
1614163,2023-10-31,962,Wien Redergasse,Frauen,25 bis 29 Jahre,B9999,unbestimmt (nur Pst),1,25,29
1614881,2023-10-31,963,Wien Währinger Gürtel,Frauen,35 bis 39 Jahre,B9999,unbestimmt (nur Pst),1,35,39
1615041,2023-10-31,963,Wien Währinger Gürtel,Männer,25 bis 29 Jahre,B9999,unbestimmt (nur Pst),1,25,29
1615262,2023-10-31,963,Wien Währinger Gürtel,Männer,60 bis 64 Jahre,B9999,unbestimmt (nur Pst),1,60,64
1615376,2023-10-31,964,Wien Favoritenstraße,Frauen,30 bis 34 Jahre,B9999,unbestimmt (nur Pst),1,30,34
1617073,2023-10-31,966,Wien Hietzinger Kai,Frauen,35 bis 39 Jahre,B9999,unbestimmt (nur Pst),1,35,39
1617117,2023-10-31,966,Wien Hietzinger Kai,Frauen,40 bis 44 Jahre,B9999,unbestimmt (nur Pst),1,40,44
1617661,2023-10-31,967,Wien Huttengasse,Frauen,30 bis 34 Jahre,B9999,unbestimmt (nur Pst),1,30,34
1618081,2023-10-31,967,Wien Huttengasse,Männer,30 bis 34 Jahre,B9999,unbestimmt (nur Pst),1,30,34
1618611,2023-10-31,968,Wien Schloßhofer Straße,Frauen,40 bis 44 Jahre,B9999,unbestimmt (nur Pst),1,40,44
1618648,2023-10-31,968,Wien Schloßhofer Straße,Frauen,45 bis 49 Jahre,B9999,unbestimmt (nur Pst),1,45,49
1618684,2023-10-31,968,Wien Schloßhofer Straße,Frauen,50 bis 54 Jahre,B9999,unbestimmt (nur Pst),1,50,54
1618843,2023-10-31,968,Wien Schloßhofer Straße,Männer,30 bis 34 Jahre,B9999,unbestimmt (nur Pst),1,30,34
1619888,2023-10-31,974,Wien Austria Campus,Frauen,30 bis 34 Jahre,B9999,unbestimmt (nur Pst),3,30,34
1620965,2023-10-31,976,Wien Jugendliche I,Frauen,bis 19 Jahre,B9999,unbestimmt (nur Pst),9,0,19
1621060,2023-10-31,976,Wien Jugendliche I,Frauen,20 bis 24 Jahre,B9999,unbestimmt (nur Pst),9,20,24
1621185,2023-10-31,976,Wien Jugendliche I,Männer,bis 19 Jahre,B9999,unbestimmt (nur Pst),21,0,19
1621341,2023-10-31,976,Wien Jugendliche I,Männer,20 bis 24 Jahre,B9999,unbestimmt (nur Pst),6,20,24
1621878,2023-11-30,101,Eisenstadt,Frauen,bis 19 Jahre,B9999,unbestimmt (nur Pst),1,0,19
1621976,2023-11-30,101,Eisenstadt,Männer,bis 19 Jahre,B9999,unbestimmt (nur Pst),1,0,19
1622053,2023-11-30,102,Mattersburg,Frauen,bis 19 Jahre,B9999,unbestimmt (nur Pst),8,0,19
1622064,2023-11-30,102,Mattersburg,Frauen,20 bis 24 Jahre,B9999,unbestimmt (nur Pst),1,20,24
1622109,2023-11-30,102,Mattersburg,Frauen,45 bis 49 Jahre,B9999,unbestimmt (nur Pst),1,45,49
1622131,2023-11-30,102,Mattersburg,Männer,bis 19 Jahre,B9999,unbestimmt (nur Pst),3,0,19
1622277,2023-11-30,103,Neusiedl am See,Männer,bis 19 Jahre,B9999,unbestimmt (nur Pst),1,0,19
1622421,2023-11-30,104,Oberpullendorf,Männer,bis 19 Jahre,B9999,unbestimmt (nur Pst),1,0,19
1622545,2023-11-30,105,Oberwart,Frauen,25 bis 29 Jahre,B9999,unbestimmt (nur Pst),1,25,29
1622581,2023-11-30,105,Oberwart,Frauen,35 bis 39 Jahre,B9999,unbestimmt (nur Pst),1,35,39
1622600,2023-11-30,105,Oberwart,Frauen,40 bis 44 Jahre,B9999,unbestimmt (nur Pst),1,40,44
1622668,2023-11-30,105,Oberwart,Männer,bis 19 Jahre,B9999,unbestimmt (nur Pst),1,0,19
1622696,2023-11-30,105,Oberwart,Männer,20 bis 24 Jahre,B9999,unbestimmt (nur Pst),1,20,24
1622787,2023-11-30,106,Stegersbach,Frauen,20 bis 24 Jahre,B9999,unbestimmt (nur Pst),1,20,24
1622857,2023-11-30,106,Stegersbach,Männer,20 bis 24 Jahre,B9999,unbestimmt (nur Pst),1,20,24
1622871,2023-11-30,106,Stegersbach,Männer,30 bis 34 Jahre,B9999,unbestimmt (nur Pst),1,30,34
1622880,2023-11-30,106,Stegersbach,Männer,35 bis 39 Jahre,B9999,unbestimmt (nur Pst),1,35,39
1622891,2023-11-30,106,Stegersbach,Männer,45 bis 49 Jahre,B9999,unbestimmt (nur Pst),1,45,49
1622936,2023-11-30,107,Jennersdorf,Frauen,35 bis 39 Jahre,B9999,unbestimmt (nur Pst),1,35,39
1622983,2023-11-30,107,Jennersdorf,Männer,35 bis 39 Jahre,B9999,unbestimmt (nur Pst),1,35,39
1623256,2023-11-30,203,Klagenfurt,Frauen,35 bis 39 Jahre,B9999,unbestimmt (nur Pst),1,35,39
1623383,2023-11-30,203,Klagenfurt,Männer,bis 19 Jahre,B9999,unbestimmt (nur Pst),1,0,19
1623529,2023-11-30,203,Klagenfurt,Männer,45 bis 49 Jahre,B9999,unbestimmt (nur Pst),1,45,49
1623563,2023-11-30,203,Klagenfurt,Männer,60 bis 64 Jahre,B9999,unbestimmt (nur Pst),1,60,64
1623577,2023-11-30,204,Spittal/Drau,Frauen,bis 19 Jahre,B9999,unbestimmt (nur Pst),4,0,19
1623623,2023-11-30,204,Spittal/Drau,Frauen,30 bis 34 Jahre,B9999,unbestimmt (nur Pst),1,30,34
1623703,2023-11-30,204,Spittal/Drau,Männer,bis 19 Jahre,B9999,unbestimmt (nur Pst),2,0,19
1623762,2023-11-30,205,St. Veit/Glan,Frauen,bis 19 Jahre,B9999,unbestimmt (nur Pst),1,0,19
1624033,2023-11-30,206,Villach,Frauen,35 bis 39 Jahre,B9999,unbestimmt (nur Pst),1,35,39
1624063,2023-11-30,206,Villach,Frauen,40 bis 44 Jahre,B9999,unbestimmt (nur Pst),1,40,44
1624228,2023-11-30,206,Villach,Männer,40 bis 44 Jahre,B9999,unbestimmt (nur Pst),1,40,44
1624273,2023-11-30,207,Völkermarkt,Frauen,bis 19 Jahre,B9999,unbestimmt (nur Pst),4,0,19
1624335,2023-11-30,207,Völkermarkt,Frauen,45 bis 49 Jahre,B9999,unbestimmt (nur Pst),2,45,49
1624629,2023-11-30,301,Amstetten,Frauen,bis 19 Jahre,B9999,unbestimmt (nur Pst),6,0,19
1624654,2023-11-30,301,Amstetten,Frauen,20 bis 24 Jahre,B9999,unbestimmt (nur Pst),3,20,24
1624674,2023-11-30,301,Amstetten,Frauen,25 bis 29 Jahre,B9999,unbestimmt (nur Pst),1,25,29
1624692,2023-11-30,301,Amstetten,Frauen,30 bis 34 Jahre,B9999,unbestimmt (nur Pst),1,30,34
1624756,2023-11-30,301,Amstetten,Frauen,45 bis 49 Jahre,B9999,unbestimmt (nur Pst),1,45,49
1624804,2023-11-30,301,Amstetten,Männer,bis 19 Jahre,B9999,unbestimmt (nur Pst),9,0,19
1624821,2023-11-30,301,Amstetten,Männer,20 bis 24 Jahre,B9999,unbestimmt (nur Pst),4,20,24
1624842,2023-11-30,301,Amstetten,Männer,25 bis 29 Jahre,B9999,unbestimmt (nur Pst),1,25,29
1624869,2023-11-30,301,Amstetten,Männer,35 bis 39 Jahre,B9999,unbestimmt (nur Pst),1,35,39
1624939,2023-11-30,304,Baden neu,Frauen,bis 19 Jahre,B9999,unbestimmt (nur Pst),2,0,19
1624964,2023-11-30,304,Baden neu,Frauen,20 bis 24 Jahre,B9999,unbestimmt (nur Pst),2,20,24
1624984,2023-11-30,304,Baden neu,Frauen,25 bis 29 Jahre,B9999,unbestimmt (nur Pst),1,25,29
1625026,2023-11-30,304,Baden neu,Frauen,35 bis 39 Jahre,B9999,unbestimmt (nur Pst),1,35,39
1625130,2023-11-30,304,Baden neu,Männer,bis 19 Jahre,B9999,unbestimmt (nur Pst),2,0,19
1625296,2023-11-30,306,Bruck/Leitha,Frauen,bis 19 Jahre,B9999,unbestimmt (nur Pst),2,0,19
1625324,2023-11-30,306,Bruck/Leitha,Frauen,30 bis 34 Jahre,B9999,unbestimmt (nur Pst),1,30,34
1625383,2023-11-30,306,Bruck/Leitha,Männer,bis 19 Jahre,B9999,unbestimmt (nur Pst),1,0,19
1625407,2023-11-30,306,Bruck/Leitha,Männer,20 bis 24 Jahre,B9999,unbestimmt (nur Pst),1,20,24
1625469,2023-11-30,308,Gänserndorf,Frauen,bis 19 Jahre,B9999,unbestimmt (nur Pst),1,0,19
1625497,2023-11-30,308,Gänserndorf,Frauen,20 bis 24 Jahre,B9999,unbestimmt (nur Pst),2,20,24
1625517,2023-11-30,308,Gänserndorf,Frauen,25 bis 29 Jahre,B9999,unbestimmt (nur Pst),2,25,29
1625608,2023-11-30,308,Gänserndorf,Frauen,45 bis 49 Jahre,B9999,unbestimmt (nur Pst),1,45,49
1625670,2023-11-30,308,Gänserndorf,Männer,bis 19 Jahre,B9999,unbestimmt (nur Pst),5,0,19
1625716,2023-11-30,308,Gänserndorf,Männer,20 bis 24 Jahre,B9999,unbestimmt (nur Pst),2,20,24
1625835,2023-11-30,311,Gmünd,Frauen,bis 19 Jahre,B9999,unbestimmt (nur Pst),1,0,19
1625921,2023-11-30,311,Gmünd,Männer,bis 19 Jahre,B9999,unbestimmt (nur Pst),1,0,19
1626159,2023-11-30,313,Horn,Frauen,20 bis 24 Jahre,B9999,unbestimmt (nur Pst),2,20,24
1626415,2023-11-30,314,Korneuburg,Männer,bis 19 Jahre,B9999,unbestimmt (nur Pst),1,0,19
1626536,2023-11-30,315,Krems,Frauen,bis 19 Jahre,B9999,unbestimmt (nur Pst),1,0,19
1626570,2023-11-30,315,Krems,Frauen,20 bis 24 Jahre,B9999,unbestimmt (nur Pst),1,20,24
1626642,2023-11-30,315,Krems,Frauen,40 bis 44 Jahre,B9999,unbestimmt (nur Pst),1,40,44
1626668,2023-11-30,315,Krems,Frauen,50 bis 54 Jahre,B9999,unbestimmt (nur Pst),1,50,54
1626696,2023-11-30,315,Krems,Männer,bis 19 Jahre,B9999,unbestimmt (nur Pst),3,0,19
1626780,2023-11-30,315,Krems,Männer,45 bis 49 Jahre,B9999,unbestimmt (nur Pst),1,45,49
1626804,2023-11-30,316,Lilienfeld,Frauen,bis 19 Jahre,B9999,unbestimmt (nur Pst),1,0,19
1626887,2023-11-30,316,Lilienfeld,Männer,bis 19 Jahre,B9999,unbestimmt (nur Pst),1,0,19
1626955,2023-11-30,317,Melk,Frauen,bis 19 Jahre,B9999,unbestimmt (nur Pst),2,0,19
1627089,2023-11-30,317,Melk,Männer,bis 19 Jahre,B9999,unbestimmt (nur Pst),4,0,19
1627185,2023-11-30,319,Mistelbach,Frauen,bis 19 Jahre,B9999,unbestimmt (nur Pst),2,0,19
1627271,2023-11-30,319,Mistelbach,Frauen,40 bis 44 Jahre,B9999,unbestimmt (nur Pst),1,40,44
1627342,2023-11-30,319,Mistelbach,Männer,20 bis 24 Jahre,B9999,unbestimmt (nur Pst),1,20,24
1627406,2023-11-30,321,Mödling,Frauen,bis 19 Jahre,B9999,unbestimmt (nur Pst),6,0,19
1627424,2023-11-30,321,Mödling,Frauen,20 bis 24 Jahre,B9999,unbestimmt (nur Pst),1,20,24
1627594,2023-11-30,321,Mödling,Männer,bis 19 Jahre,B9999,unbestimmt (nur Pst),18,0,19
1627805,2023-11-30,323,Neunkirchen,Frauen,35 bis 39 Jahre,B9999,unbestimmt (nur Pst),1,35,39
1627882,2023-11-30,323,Neunkirchen,Männer,bis 19 Jahre,B9999,unbestimmt (nur Pst),1,0,19
1628027,2023-11-30,326,St. Pölten,Frauen,bis 19 Jahre,B9999,unbestimmt (nur Pst),6,0,19
1628065,2023-11-30,326,St. Pölten,Frauen,20 bis 24 Jahre,B9999,unbestimmt (nur Pst),4,20,24
1628090,2023-11-30,326,St. Pölten,Frauen,25 bis 29 Jahre,B9999,unbestimmt (nur Pst),1,25,29
1628206,2023-11-30,326,St. Pölten,Frauen,40 bis 44 Jahre,B9999,unbestimmt (nur Pst),2,40,44
1628245,2023-11-30,326,St. Pölten,Frauen,45 bis 49 Jahre,B9999,unbestimmt (nur Pst),1,45,49
1628286,2023-11-30,326,St. Pölten,Frauen,55 bis 59 Jahre,B9999,unbestimmt (nur Pst),1,55,59
1628326,2023-11-30,326,St. Pölten,Männer,bis 19 Jahre,B9999,unbestimmt (nur Pst),11,0,19
1628368,2023-11-30,326,St. Pölten,Männer,20 bis 24 Jahre,B9999,unbestimmt (nur Pst),3,20,24
1628581,2023-11-30,328,Scheibbs,Frauen,25 bis 29 Jahre,B9999,unbestimmt (nur Pst),1,25,29
1628636,2023-11-30,328,Scheibbs,Männer,bis 19 Jahre,B9999,unbestimmt (nur Pst),2,0,19
1628661,2023-11-30,328,Scheibbs,Männer,30 bis 34 Jahre,B9999,unbestimmt (nur Pst),1,30,34
1628698,2023-11-30,328,Scheibbs,Männer,60 bis 64 Jahre,B9999,unbestimmt (nur Pst),1,60,64
1628730,2023-11-30,329,Schwechat,Frauen,20 bis 24 Jahre,B9999,unbestimmt (nur Pst),1,20,24
1628844,2023-11-30,329,Schwechat,Männer,bis 19 Jahre,B9999,unbestimmt (nur Pst),3,0,19
1628932,2023-11-30,331,Tulln,Frauen,bis 19 Jahre,B9999,unbestimmt (nur Pst),4,0,19
1628955,2023-11-30,331,Tulln,Frauen,20 bis 24 Jahre,B9999,unbestimmt (nur Pst),3,20,24
1629056,2023-11-30,331,Tulln,Frauen,45 bis 49 Jahre,B9999,unbestimmt (nur Pst),1,45,49
1629071,2023-11-30,331,Tulln,Frauen,50 bis 54 Jahre,B9999,unbestimmt (nur Pst),1,50,54
1629093,2023-11-30,331,Tulln,Männer,bis 19 Jahre,B9999,unbestimmt (nur Pst),9,0,19
1629115,2023-11-30,331,Tulln,Männer,20 bis 24 Jahre,B9999,unbestimmt (nur Pst),1,20,24
1629141,2023-11-30,331,Tulln,Männer,30 bis 34 Jahre,B9999,unbestimmt (nur Pst),1,30,34
1629277,2023-11-30,332,Waidhofen/Thaya,Männer,bis 19 Jahre,B9999,unbestimmt (nur Pst),2,0,19
1629291,2023-11-30,332,Waidhofen/Thaya,Männer,20 bis 24 Jahre,B9999,unbestimmt (nur Pst),1,20,24
1629320,2023-11-30,333,Waidhofen/Ybbs,Frauen,bis 19 Jahre,B9999,unbestimmt (nur Pst),1,0,19
1629355,2023-11-30,333,Waidhofen/Ybbs,Frauen,35 bis 39 Jahre,B9999,unbestimmt (nur Pst),1,35,39
1629400,2023-11-30,333,Waidhofen/Ybbs,Männer,40 bis 44 Jahre,B9999,unbestimmt (nur Pst),1,40,44
1629432,2023-11-30,334,Wr. Neustadt,Frauen,bis 19 Jahre,B9999,unbestimmt (nur Pst),1,0,19
1629458,2023-11-30,334,Wr. Neustadt,Frauen,20 bis 24 Jahre,B9999,unbestimmt (nur Pst),2,20,24
1629509,2023-11-30,334,Wr. Neustadt,Frauen,30 bis 34 Jahre,B9999,unbestimmt (nur Pst),1,30,34
1629646,2023-11-30,334,Wr. Neustadt,Männer,bis 19 Jahre,B9999,unbestimmt (nur Pst),2,0,19
1629910,2023-11-30,335,Zwettl,Männer,bis 19 Jahre,B9999,unbestimmt (nur Pst),1,0,19
1629972,2023-11-30,401,Braunau,Frauen,bis 19 Jahre,B9999,unbestimmt (nur Pst),6,0,19
1629998,2023-11-30,401,Braunau,Frauen,20 bis 24 Jahre,B9999,unbestimmt (nur Pst),8,20,24
1630020,2023-11-30,401,Braunau,Frauen,25 bis 29 Jahre,B9999,unbestimmt (nur Pst),1,25,29
1630045,2023-11-30,401,Braunau,Frauen,30 bis 34 Jahre,B9999,unbestimmt (nur Pst),7,30,34
1630101,2023-11-30,401,Braunau,Frauen,45 bis 49 Jahre,B9999,unbestimmt (nur Pst),1,45,49
1630119,2023-11-30,401,Braunau,Frauen,50 bis 54 Jahre,B9999,unbestimmt (nur Pst),1,50,54
1630154,2023-11-30,401,Braunau,Männer,bis 19 Jahre,B9999,unbestimmt (nur Pst),25,0,19
1630183,2023-11-30,401,Braunau,Männer,20 bis 24 Jahre,B9999,unbestimmt (nur Pst),2,20,24
1630210,2023-11-30,401,Braunau,Männer,25 bis 29 Jahre,B9999,unbestimmt (nur Pst),1,25,29
1630230,2023-11-30,401,Braunau,Männer,30 bis 34 Jahre,B9999,unbestimmt (nur Pst),2,30,34
1630245,2023-11-30,401,Braunau,Männer,35 bis 39 Jahre,B9999,unbestimmt (nur Pst),1,35,39
1630257,2023-11-30,401,Braunau,Männer,40 bis 44 Jahre,B9999,unbestimmt (nur Pst),1,40,44
1630312,2023-11-30,402,Eferding,Frauen,bis 19 Jahre,B9999,unbestimmt (nur Pst),1,0,19
1630324,2023-11-30,402,Eferding,Frauen,20 bis 24 Jahre,B9999,unbestimmt (nur Pst),1,20,24
1630352,2023-11-30,402,Eferding,Frauen,35 bis 39 Jahre,B9999,unbestimmt (nur Pst),1,35,39
1630395,2023-11-30,402,Eferding,Männer,bis 19 Jahre,B9999,unbestimmt (nur Pst),1,0,19
1630474,2023-11-30,403,Freistadt,Frauen,20 bis 24 Jahre,B9999,unbestimmt (nur Pst),2,20,24
1630585,2023-11-30,403,Freistadt,Männer,bis 19 Jahre,B9999,unbestimmt (nur Pst),1,0,19
1630685,2023-11-30,404,Gmunden,Frauen,bis 19 Jahre,B9999,unbestimmt (nur Pst),3,0,19
1630731,2023-11-30,404,Gmunden,Frauen,25 bis 29 Jahre,B9999,unbestimmt (nur Pst),1,25,29
1630866,2023-11-30,404,Gmunden,Männer,bis 19 Jahre,B9999,unbestimmt (nur Pst),3,0,19
1631026,2023-11-30,406,Grieskirchen,Frauen,bis 19 Jahre,B9999,unbestimmt (nur Pst),1,0,19
1631064,2023-11-30,406,Grieskirchen,Frauen,25 bis 29 Jahre,B9999,unbestimmt (nur Pst),1,25,29
1631074,2023-11-30,406,Grieskirchen,Frauen,30 bis 34 Jahre,B9999,unbestimmt (nur Pst),1,30,34
1631108,2023-11-30,406,Grieskirchen,Frauen,40 bis 44 Jahre,B9999,unbestimmt (nur Pst),1,40,44
1631152,2023-11-30,406,Grieskirchen,Männer,bis 19 Jahre,B9999,unbestimmt (nur Pst),1,0,19
1631237,2023-11-30,407,Kirchdorf/Krems,Frauen,bis 19 Jahre,B9999,unbestimmt (nur Pst),3,0,19
1631265,2023-11-30,407,Kirchdorf/Krems,Frauen,25 bis 29 Jahre,B9999,unbestimmt (nur Pst),1,25,29
1631283,2023-11-30,407,Kirchdorf/Krems,Frauen,30 bis 34 Jahre,B9999,unbestimmt (nur Pst),1,30,34
1631351,2023-11-30,407,Kirchdorf/Krems,Männer,bis 19 Jahre,B9999,unbestimmt (nur Pst),4,0,19
1631468,2023-11-30,409,Linz neu,Frauen,bis 19 Jahre,B9999,unbestimmt (nur Pst),23,0,19
1631511,2023-11-30,409,Linz neu,Frauen,20 bis 24 Jahre,B9999,unbestimmt (nur Pst),15,20,24
1631566,2023-11-30,409,Linz neu,Frauen,25 bis 29 Jahre,B9999,unbestimmt (nur Pst),7,25,29
1631617,2023-11-30,409,Linz neu,Frauen,30 bis 34 Jahre,B9999,unbestimmt (nur Pst),4,30,34
1631668,2023-11-30,409,Linz neu,Frauen,35 bis 39 Jahre,B9999,unbestimmt (nur Pst),2,35,39
1631719,2023-11-30,409,Linz neu,Frauen,40 bis 44 Jahre,B9999,unbestimmt (nur Pst),3,40,44
1631765,2023-11-30,409,Linz neu,Frauen,45 bis 49 Jahre,B9999,unbestimmt (nur Pst),2,45,49
1631864,2023-11-30,409,Linz neu,Männer,bis 19 Jahre,B9999,unbestimmt (nur Pst),30,0,19
1631923,2023-11-30,409,Linz neu,Männer,20 bis 24 Jahre,B9999,unbestimmt (nur Pst),13,20,24
1631977,2023-11-30,409,Linz neu,Männer,25 bis 29 Jahre,B9999,unbestimmt (nur Pst),3,25,29
1632026,2023-11-30,409,Linz neu,Männer,30 bis 34 Jahre,B9999,unbestimmt (nur Pst),2,30,34
1632076,2023-11-30,409,Linz neu,Männer,35 bis 39 Jahre,B9999,unbestimmt (nur Pst),2,35,39
1632125,2023-11-30,409,Linz neu,Männer,40 bis 44 Jahre,B9999,unbestimmt (nur Pst),3,40,44
1632218,2023-11-30,409,Linz neu,Männer,60 bis 64 Jahre,B9999,unbestimmt (nur Pst),1,60,64
1632231,2023-11-30,411,Perg,Frauen,bis 19 Jahre,B9999,unbestimmt (nur Pst),2,0,19
1632368,2023-11-30,411,Perg,Männer,bis 19 Jahre,B9999,unbestimmt (nur Pst),2,0,19
1632395,2023-11-30,411,Perg,Männer,20 bis 24 Jahre,B9999,unbestimmt (nur Pst),1,20,24
1632480,2023-11-30,412,Ried im Innkreis,Frauen,bis 19 Jahre,B9999,unbestimmt (nur Pst),16,0,19
1632504,2023-11-30,412,Ried im Innkreis,Frauen,20 bis 24 Jahre,B9999,unbestimmt (nur Pst),1,20,24
1632518,2023-11-30,412,Ried im Innkreis,Frauen,25 bis 29 Jahre,B9999,unbestimmt (nur Pst),1,25,29
1632536,2023-11-30,412,Ried im Innkreis,Frauen,30 bis 34 Jahre,B9999,unbestimmt (nur Pst),2,30,34
1632575,2023-11-30,412,Ried im Innkreis,Frauen,40 bis 44 Jahre,B9999,unbestimmt (nur Pst),3,40,44
1632584,2023-11-30,412,Ried im Innkreis,Frauen,45 bis 49 Jahre,B9999,unbestimmt (nur Pst),1,45,49
1632596,2023-11-30,412,Ried im Innkreis,Frauen,50 bis 54 Jahre,B9999,unbestimmt (nur Pst),1,50,54
1632623,2023-11-30,412,Ried im Innkreis,Männer,bis 19 Jahre,B9999,unbestimmt (nur Pst),10,0,19
1632717,2023-11-30,413,Rohrbach,Frauen,bis 19 Jahre,B9999,unbestimmt (nur Pst),1,0,19
1632730,2023-11-30,413,Rohrbach,Frauen,20 bis 24 Jahre,B9999,unbestimmt (nur Pst),1,20,24
1632764,2023-11-30,413,Rohrbach,Frauen,30 bis 34 Jahre,B9999,unbestimmt (nur Pst),1,30,34
1632821,2023-11-30,413,Rohrbach,Frauen,60 bis 64 Jahre,B9999,unbestimmt (nur Pst),1,60,64
1632834,2023-11-30,413,Rohrbach,Männer,bis 19 Jahre,B9999,unbestimmt (nur Pst),1,0,19
1632862,2023-11-30,413,Rohrbach,Männer,35 bis 39 Jahre,B9999,unbestimmt (nur Pst),1,35,39
1632907,2023-11-30,414,Schärding,Frauen,bis 19 Jahre,B9999,unbestimmt (nur Pst),2,0,19
1632923,2023-11-30,414,Schärding,Frauen,20 bis 24 Jahre,B9999,unbestimmt (nur Pst),2,20,24
1633042,2023-11-30,414,Schärding,Männer,30 bis 34 Jahre,B9999,unbestimmt (nur Pst),1,30,34
1633051,2023-11-30,414,Schärding,Männer,40 bis 44 Jahre,B9999,unbestimmt (nur Pst),1,40,44
1633088,2023-11-30,415,Steyr,Frauen,bis 19 Jahre,B9999,unbestimmt (nur Pst),7,0,19
1633122,2023-11-30,415,Steyr,Frauen,20 bis 24 Jahre,B9999,unbestimmt (nur Pst),1,20,24
1633195,2023-11-30,415,Steyr,Frauen,35 bis 39 Jahre,B9999,unbestimmt (nur Pst),1,35,39
1633304,2023-11-30,415,Steyr,Männer,bis 19 Jahre,B9999,unbestimmt (nur Pst),13,0,19
1633337,2023-11-30,415,Steyr,Männer,20 bis 24 Jahre,B9999,unbestimmt (nur Pst),6,20,24
1633370,2023-11-30,415,Steyr,Männer,25 bis 29 Jahre,B9999,unbestimmt (nur Pst),4,25,29
1633499,2023-11-30,418,Vöcklabruck,Frauen,bis 19 Jahre,B9999,unbestimmt (nur Pst),4,0,19
1633526,2023-11-30,418,Vöcklabruck,Frauen,20 bis 24 Jahre,B9999,unbestimmt (nur Pst),1,20,24
1633545,2023-11-30,418,Vöcklabruck,Frauen,25 bis 29 Jahre,B9999,unbestimmt (nur Pst),1,25,29
1633595,2023-11-30,418,Vöcklabruck,Frauen,35 bis 39 Jahre,B9999,unbestimmt (nur Pst),1,35,39
1633620,2023-11-30,418,Vöcklabruck,Frauen,40 bis 44 Jahre,B9999,unbestimmt (nur Pst),1,40,44
1633679,2023-11-30,418,Vöcklabruck,Frauen,55 bis 59 Jahre,B9999,unbestimmt (nur Pst),1,55,59
1633707,2023-11-30,418,Vöcklabruck,Männer,bis 19 Jahre,B9999,unbestimmt (nur Pst),3,0,19
1633742,2023-11-30,418,Vöcklabruck,Männer,20 bis 24 Jahre,B9999,unbestimmt (nur Pst),1,20,24
1633964,2023-11-30,419,Wels,Frauen,25 bis 29 Jahre,B9999,unbestimmt (nur Pst),1,25,29
1634071,2023-11-30,419,Wels,Frauen,45 bis 49 Jahre,B9999,unbestimmt (nur Pst),2,45,49
1634127,2023-11-30,419,Wels,Männer,bis 19 Jahre,B9999,unbestimmt (nur Pst),1,0,19
1634211,2023-11-30,419,Wels,Männer,30 bis 34 Jahre,B9999,unbestimmt (nur Pst),1,30,34
1634370,2023-11-30,421,Traun,Frauen,20 bis 24 Jahre,B9999,unbestimmt (nur Pst),1,20,24
1634681,2023-11-30,421,Traun,Männer,30 bis 34 Jahre,B9999,unbestimmt (nur Pst),1,30,34
1635681,2023-11-30,510,Salzburg-Stadt,Männer,25 bis 29 Jahre,B9999,unbestimmt (nur Pst),1,25,29
1635714,2023-11-30,510,Salzburg-Stadt,Männer,30 bis 34 Jahre,B9999,unbestimmt (nur Pst),1,30,34
1636136,2023-11-30,601,Bruck/Mur,Frauen,bis 19 Jahre,B9999,unbestimmt (nur Pst),3,0,19
1636260,2023-11-30,601,Bruck/Mur,Männer,bis 19 Jahre,B9999,unbestimmt (nur Pst),3,0,19
1636413,2023-11-30,603,Deutschlandsberg,Frauen,20 bis 24 Jahre,B9999,unbestimmt (nur Pst),1,20,24
1636519,2023-11-30,603,Deutschlandsberg,Männer,bis 19 Jahre,B9999,unbestimmt (nur Pst),1,0,19
1636640,2023-11-30,604,Feldbach,Frauen,20 bis 24 Jahre,B9999,unbestimmt (nur Pst),1,20,24
1636875,2023-11-30,606,Gleisdorf,Frauen,bis 19 Jahre,B9999,unbestimmt (nur Pst),1,0,19
1636891,2023-11-30,606,Gleisdorf,Frauen,20 bis 24 Jahre,B9999,unbestimmt (nur Pst),1,20,24
1636971,2023-11-30,606,Gleisdorf,Frauen,45 bis 49 Jahre,B9999,unbestimmt (nur Pst),1,45,49
1636990,2023-11-30,606,Gleisdorf,Männer,bis 19 Jahre,B9999,unbestimmt (nur Pst),2,0,19
1637050,2023-11-30,609,Hartberg,Frauen,bis 19 Jahre,B9999,unbestimmt (nur Pst),1,0,19
1637234,2023-11-30,609,Hartberg,Männer,bis 19 Jahre,B9999,unbestimmt (nur Pst),1,0,19
1637378,2023-11-30,610,Judenburg,Frauen,bis 19 Jahre,B9999,unbestimmt (nur Pst),1,0,19
1637489,2023-11-30,610,Judenburg,Frauen,45 bis 49 Jahre,B9999,unbestimmt (nur Pst),1,45,49
1637507,2023-11-30,610,Judenburg,Frauen,55 bis 59 Jahre,B9999,unbestimmt (nur Pst),1,55,59
1637549,2023-11-30,610,Judenburg,Männer,20 bis 24 Jahre,B9999,unbestimmt (nur Pst),1,20,24
1637618,2023-11-30,611,Murau,Frauen,bis 19 Jahre,B9999,unbestimmt (nur Pst),1,0,19
1637625,2023-11-30,611,Murau,Frauen,20 bis 24 Jahre,B9999,unbestimmt (nur Pst),2,20,24
1637667,2023-11-30,611,Murau,Männer,bis 19 Jahre,B9999,unbestimmt (nur Pst),1,0,19
1637718,2023-11-30,614,Leibnitz,Frauen,bis 19 Jahre,B9999,unbestimmt (nur Pst),1,0,19
1637743,2023-11-30,614,Leibnitz,Frauen,20 bis 24 Jahre,B9999,unbestimmt (nur Pst),1,20,24
1637761,2023-11-30,614,Leibnitz,Frauen,25 bis 29 Jahre,B9999,unbestimmt (nur Pst),1,25,29
1638033,2023-11-30,616,Leoben,Frauen,bis 19 Jahre,B9999,unbestimmt (nur Pst),1,0,19
1638164,2023-11-30,616,Leoben,Männer,bis 19 Jahre,B9999,unbestimmt (nur Pst),1,0,19
1638276,2023-11-30,618,Liezen,Frauen,bis 19 Jahre,B9999,unbestimmt (nur Pst),2,0,19
1638290,2023-11-30,618,Liezen,Frauen,20 bis 24 Jahre,B9999,unbestimmt (nur Pst),1,20,24
1638400,2023-11-30,618,Liezen,Männer,bis 19 Jahre,B9999,unbestimmt (nur Pst),1,0,19
1638506,2023-11-30,621,Mürzzuschlag,Frauen,bis 19 Jahre,B9999,unbestimmt (nur Pst),5,0,19
1638516,2023-11-30,621,Mürzzuschlag,Frauen,20 bis 24 Jahre,B9999,unbestimmt (nur Pst),1,20,24
1638572,2023-11-30,621,Mürzzuschlag,Frauen,50 bis 54 Jahre,B9999,unbestimmt (nur Pst),1,50,54
1638580,2023-11-30,621,Mürzzuschlag,Frauen,55 bis 59 Jahre,B9999,unbestimmt (nur Pst),2,55,59
1638593,2023-11-30,621,Mürzzuschlag,Männer,bis 19 Jahre,B9999,unbestimmt (nur Pst),3,0,19
1638652,2023-11-30,621,Mürzzuschlag,Männer,55 bis 59 Jahre,B9999,unbestimmt (nur Pst),1,55,59
1638669,2023-11-30,622,Voitsberg,Frauen,bis 19 Jahre,B9999,unbestimmt (nur Pst),1,0,19
1638687,2023-11-30,622,Voitsberg,Frauen,20 bis 24 Jahre,B9999,unbestimmt (nur Pst),1,20,24
1638780,2023-11-30,622,Voitsberg,Männer,bis 19 Jahre,B9999,unbestimmt (nur Pst),1,0,19
1638844,2023-11-30,623,Weiz,Frauen,bis 19 Jahre,B9999,unbestimmt (nur Pst),2,0,19
1638858,2023-11-30,623,Weiz,Frauen,20 bis 24 Jahre,B9999,unbestimmt (nur Pst),1,20,24
1638865,2023-11-30,623,Weiz,Frauen,25 bis 29 Jahre,B9999,unbestimmt (nur Pst),1,25,29
1638874,2023-11-30,623,Weiz,Frauen,30 bis 34 Jahre,B9999,unbestimmt (nur Pst),2,30,34
1638895,2023-11-30,623,Weiz,Frauen,40 bis 44 Jahre,B9999,unbestimmt (nur Pst),1,40,44
1638907,2023-11-30,623,Weiz,Frauen,45 bis 49 Jahre,B9999,unbestimmt (nur Pst),1,45,49
1638920,2023-11-30,623,Weiz,Frauen,55 bis 59 Jahre,B9999,unbestimmt (nur Pst),1,55,59
1638930,2023-11-30,623,Weiz,Männer,bis 19 Jahre,B9999,unbestimmt (nur Pst),2,0,19
1638971,2023-11-30,623,Weiz,Männer,40 bis 44 Jahre,B9999,unbestimmt (nur Pst),1,40,44
1638977,2023-11-30,623,Weiz,Männer,50 bis 54 Jahre,B9999,unbestimmt (nur Pst),2,50,54
1639022,2023-11-30,630,Graz-West und Umgebung,Frauen,bis 19 Jahre,B9999,unbestimmt (nur Pst),7,0,19
1639072,2023-11-30,630,Graz-West und Umgebung,Frauen,20 bis 24 Jahre,B9999,unbestimmt (nur Pst),2,20,24
1639132,2023-11-30,630,Graz-West und Umgebung,Frauen,25 bis 29 Jahre,B9999,unbestimmt (nur Pst),1,25,29
1639188,2023-11-30,630,Graz-West und Umgebung,Frauen,30 bis 34 Jahre,B9999,unbestimmt (nur Pst),1,30,34
1639251,2023-11-30,630,Graz-West und Umgebung,Frauen,35 bis 39 Jahre,B9999,unbestimmt (nur Pst),1,35,39
1639344,2023-11-30,630,Graz-West und Umgebung,Frauen,45 bis 49 Jahre,B9999,unbestimmt (nur Pst),2,45,49
1639461,2023-11-30,630,Graz-West und Umgebung,Männer,bis 19 Jahre,B9999,unbestimmt (nur Pst),19,0,19
1639634,2023-11-30,630,Graz-West und Umgebung,Männer,30 bis 34 Jahre,B9999,unbestimmt (nur Pst),1,30,34
1639724,2023-11-30,630,Graz-West und Umgebung,Männer,40 bis 44 Jahre,B9999,unbestimmt (nur Pst),1,40,44
1639884,2023-11-30,631,Graz-Ost,Frauen,20 bis 24 Jahre,B9999,unbestimmt (nur Pst),1,20,24
1640146,2023-11-30,631,Graz-Ost,Männer,bis 19 Jahre,B9999,unbestimmt (nur Pst),2,0,19
1640398,2023-11-30,701,Imst,Frauen,bis 19 Jahre,B9999,unbestimmt (nur Pst),1,0,19
1640523,2023-11-30,702,Innsbruck,Frauen,bis 19 Jahre,B9999,unbestimmt (nur Pst),1,0,19
1640580,2023-11-30,702,Innsbruck,Frauen,25 bis 29 Jahre,B9999,unbestimmt (nur Pst),2,25,29
1640651,2023-11-30,702,Innsbruck,Frauen,35 bis 39 Jahre,B9999,unbestimmt (nur Pst),1,35,39
1640763,2023-11-30,702,Innsbruck,Männer,bis 19 Jahre,B9999,unbestimmt (nur Pst),2,0,19
1640799,2023-11-30,702,Innsbruck,Männer,20 bis 24 Jahre,B9999,unbestimmt (nur Pst),1,20,24
1640838,2023-11-30,702,Innsbruck,Männer,25 bis 29 Jahre,B9999,unbestimmt (nur Pst),1,25,29
1640921,2023-11-30,702,Innsbruck,Männer,45 bis 49 Jahre,B9999,unbestimmt (nur Pst),1,45,49
1640990,2023-11-30,704,Kitzbühel,Frauen,30 bis 34 Jahre,B9999,unbestimmt (nur Pst),1,30,34
1641074,2023-11-30,705,Kufstein,Frauen,bis 19 Jahre,B9999,unbestimmt (nur Pst),2,0,19
1641098,2023-11-30,705,Kufstein,Frauen,20 bis 24 Jahre,B9999,unbestimmt (nur Pst),1,20,24
1641146,2023-11-30,705,Kufstein,Frauen,35 bis 39 Jahre,B9999,unbestimmt (nur Pst),1,35,39
1641185,2023-11-30,705,Kufstein,Frauen,50 bis 54 Jahre,B9999,unbestimmt (nur Pst),1,50,54
1641212,2023-11-30,705,Kufstein,Männer,bis 19 Jahre,B9999,unbestimmt (nur Pst),2,0,19
1641240,2023-11-30,705,Kufstein,Männer,20 bis 24 Jahre,B9999,unbestimmt (nur Pst),2,20,24
1641293,2023-11-30,705,Kufstein,Männer,40 bis 44 Jahre,B9999,unbestimmt (nur Pst),1,40,44
1641325,2023-11-30,706,Landeck,Frauen,bis 19 Jahre,B9999,unbestimmt (nur Pst),1,0,19
1641338,2023-11-30,706,Landeck,Frauen,20 bis 24 Jahre,B9999,unbestimmt (nur Pst),1,20,24
1641574,2023-11-30,709,Schwaz,Frauen,bis 19 Jahre,B9999,unbestimmt (nur Pst),2,0,19
1641592,2023-11-30,709,Schwaz,Frauen,20 bis 24 Jahre,B9999,unbestimmt (nur Pst),1,20,24
1641685,2023-11-30,709,Schwaz,Männer,bis 19 Jahre,B9999,unbestimmt (nur Pst),3,0,19
1641757,2023-11-30,801,Bludenz,Frauen,bis 19 Jahre,B9999,unbestimmt (nur Pst),5,0,19
1641777,2023-11-30,801,Bludenz,Frauen,20 bis 24 Jahre,B9999,unbestimmt (nur Pst),2,20,24
1641834,2023-11-30,801,Bludenz,Frauen,40 bis 44 Jahre,B9999,unbestimmt (nur Pst),2,40,44
1641897,2023-11-30,801,Bludenz,Männer,20 bis 24 Jahre,B9999,unbestimmt (nur Pst),2,20,24
1641910,2023-11-30,801,Bludenz,Männer,25 bis 29 Jahre,B9999,unbestimmt (nur Pst),1,25,29
1641979,2023-11-30,802,Bregenz,Frauen,bis 19 Jahre,B9999,unbestimmt (nur Pst),3,0,19
1642009,2023-11-30,802,Bregenz,Frauen,20 bis 24 Jahre,B9999,unbestimmt (nur Pst),3,20,24
1642035,2023-11-30,802,Bregenz,Frauen,25 bis 29 Jahre,B9999,unbestimmt (nur Pst),1,25,29
1642177,2023-11-30,802,Bregenz,Männer,bis 19 Jahre,B9999,unbestimmt (nur Pst),2,0,19
1642218,2023-11-30,802,Bregenz,Männer,20 bis 24 Jahre,B9999,unbestimmt (nur Pst),1,20,24
1642241,2023-11-30,802,Bregenz,Männer,25 bis 29 Jahre,B9999,unbestimmt (nur Pst),1,25,29
1642284,2023-11-30,802,Bregenz,Männer,35 bis 39 Jahre,B9999,unbestimmt (nur Pst),1,35,39
1642356,2023-11-30,804,Dornbirn,Frauen,bis 19 Jahre,B9999,unbestimmt (nur Pst),2,0,19
1642383,2023-11-30,804,Dornbirn,Frauen,20 bis 24 Jahre,B9999,unbestimmt (nur Pst),6,20,24
1642493,2023-11-30,804,Dornbirn,Frauen,55 bis 59 Jahre,B9999,unbestimmt (nur Pst),1,55,59
1642518,2023-11-30,804,Dornbirn,Männer,bis 19 Jahre,B9999,unbestimmt (nur Pst),6,0,19
1642588,2023-11-30,804,Dornbirn,Männer,30 bis 34 Jahre,B9999,unbestimmt (nur Pst),1,30,34
1642604,2023-11-30,804,Dornbirn,Männer,35 bis 39 Jahre,B9999,unbestimmt (nur Pst),1,35,39
1642659,2023-11-30,805,Feldkirch,Frauen,bis 19 Jahre,B9999,unbestimmt (nur Pst),7,0,19
1642701,2023-11-30,805,Feldkirch,Frauen,20 bis 24 Jahre,B9999,unbestimmt (nur Pst),6,20,24
1642727,2023-11-30,805,Feldkirch,Frauen,25 bis 29 Jahre,B9999,unbestimmt (nur Pst),3,25,29
1642749,2023-11-30,805,Feldkirch,Frauen,30 bis 34 Jahre,B9999,unbestimmt (nur Pst),1,30,34
1642769,2023-11-30,805,Feldkirch,Frauen,35 bis 39 Jahre,B9999,unbestimmt (nur Pst),1,35,39
1642853,2023-11-30,805,Feldkirch,Männer,bis 19 Jahre,B9999,unbestimmt (nur Pst),13,0,19
1642894,2023-11-30,805,Feldkirch,Männer,20 bis 24 Jahre,B9999,unbestimmt (nur Pst),4,20,24
1642922,2023-11-30,805,Feldkirch,Männer,25 bis 29 Jahre,B9999,unbestimmt (nur Pst),1,25,29
1642940,2023-11-30,805,Feldkirch,Männer,30 bis 34 Jahre,B9999,unbestimmt (nur Pst),1,30,34
1642958,2023-11-30,805,Feldkirch,Männer,35 bis 39 Jahre,B9999,unbestimmt (nur Pst),1,35,39
1643319,2023-11-30,958,Wien Johnstraße,Männer,25 bis 29 Jahre,B9999,unbestimmt (nur Pst),1,25,29
1644728,2023-11-30,962,Wien Redergasse,Frauen,25 bis 29 Jahre,B9999,unbestimmt (nur Pst),1,25,29
1645108,2023-11-30,962,Wien Redergasse,Männer,30 bis 34 Jahre,B9999,unbestimmt (nur Pst),1,30,34
1645459,2023-11-30,963,Wien Währinger Gürtel,Frauen,35 bis 39 Jahre,B9999,unbestimmt (nur Pst),1,35,39
1645630,2023-11-30,963,Wien Währinger Gürtel,Männer,25 bis 29 Jahre,B9999,unbestimmt (nur Pst),1,25,29
1645775,2023-11-30,963,Wien Währinger Gürtel,Männer,45 bis 49 Jahre,B9999,unbestimmt (nur Pst),1,45,49
1645838,2023-11-30,963,Wien Währinger Gürtel,Männer,60 bis 64 Jahre,B9999,unbestimmt (nur Pst),1,60,64
1646561,2023-11-30,964,Wien Favoritenstraße,Männer,40 bis 44 Jahre,B9999,unbestimmt (nur Pst),1,40,44
1647720,2023-11-30,966,Wien Hietzinger Kai,Frauen,35 bis 39 Jahre,B9999,unbestimmt (nur Pst),1,35,39
1647770,2023-11-30,966,Wien Hietzinger Kai,Frauen,40 bis 44 Jahre,B9999,unbestimmt (nur Pst),1,40,44
1647874,2023-11-30,966,Wien Hietzinger Kai,Frauen,55 bis 59 Jahre,B9999,unbestimmt (nur Pst),1,55,59
1648339,2023-11-30,967,Wien Huttengasse,Frauen,30 bis 34 Jahre,B9999,unbestimmt (nur Pst),1,30,34
1649360,2023-11-30,968,Wien Schloßhofer Straße,Frauen,45 bis 49 Jahre,B9999,unbestimmt (nur Pst),1,45,49
1649400,2023-11-30,968,Wien Schloßhofer Straße,Frauen,50 bis 54 Jahre,B9999,unbestimmt (nur Pst),1,50,54
1649498,2023-11-30,968,Wien Schloßhofer Straße,Männer,25 bis 29 Jahre,B9999,unbestimmt (nur Pst),1,25,29
1649565,2023-11-30,968,Wien Schloßhofer Straße,Männer,30 bis 34 Jahre,B9999,unbestimmt (nur Pst),1,30,34
1650631,2023-11-30,974,Wien Austria Campus,Frauen,30 bis 34 Jahre,B9999,unbestimmt (nur Pst),4,30,34
1651732,2023-11-30,976,Wien Jugendliche I,Frauen,bis 19 Jahre,B9999,unbestimmt (nur Pst),8,0,19
1651828,2023-11-30,976,Wien Jugendliche I,Frauen,20 bis 24 Jahre,B9999,unbestimmt (nur Pst),13,20,24
1651947,2023-11-30,976,Wien Jugendliche I,Männer,bis 19 Jahre,B9999,unbestimmt (nur Pst),18,0,19
1652112,2023-11-30,976,Wien Jugendliche I,Männer,20 bis 24 Jahre,B9999,unbestimmt (nur Pst),5,20,24
1652644,2023-12-31,101,Eisenstadt,Frauen,bis 19 Jahre,B9999,unbestimmt (nur Pst),1,0,19
1652795,2023-12-31,102,Mattersburg,Frauen,bis 19 Jahre,B9999,unbestimmt (nur Pst),8,0,19
1652805,2023-12-31,102,Mattersburg,Frauen,20 bis 24 Jahre,B9999,unbestimmt (nur Pst),1,20,24
1652837,2023-12-31,102,Mattersburg,Frauen,45 bis 49 Jahre,B9999,unbestimmt (nur Pst),1,45,49
1652858,2023-12-31,102,Mattersburg,Männer,bis 19 Jahre,B9999,unbestimmt (nur Pst),3,0,19
1652982,2023-12-31,103,Neusiedl am See,Männer,bis 19 Jahre,B9999,unbestimmt (nur Pst),1,0,19
1653108,2023-12-31,104,Oberpullendorf,Männer,bis 19 Jahre,B9999,unbestimmt (nur Pst),1,0,19
1653182,2023-12-31,105,Oberwart,Frauen,bis 19 Jahre,B9999,unbestimmt (nur Pst),1,0,19
1653249,2023-12-31,105,Oberwart,Frauen,35 bis 39 Jahre,B9999,unbestimmt (nur Pst),1,35,39
1653263,2023-12-31,105,Oberwart,Frauen,40 bis 44 Jahre,B9999,unbestimmt (nur Pst),1,40,44
1653346,2023-12-31,105,Oberwart,Männer,20 bis 24 Jahre,B9999,unbestimmt (nur Pst),1,20,24
1653355,2023-12-31,105,Oberwart,Männer,25 bis 29 Jahre,B9999,unbestimmt (nur Pst),2,25,29
1653484,2023-12-31,106,Stegersbach,Männer,20 bis 24 Jahre,B9999,unbestimmt (nur Pst),1,20,24
1653496,2023-12-31,106,Stegersbach,Männer,30 bis 34 Jahre,B9999,unbestimmt (nur Pst),1,30,34
1653544,2023-12-31,107,Jennersdorf,Frauen,35 bis 39 Jahre,B9999,unbestimmt (nur Pst),1,35,39
1653584,2023-12-31,107,Jennersdorf,Männer,35 bis 39 Jahre,B9999,unbestimmt (nur Pst),1,35,39
1653827,2023-12-31,203,Klagenfurt,Frauen,35 bis 39 Jahre,B9999,unbestimmt (nur Pst),1,35,39
1653935,2023-12-31,203,Klagenfurt,Männer,bis 19 Jahre,B9999,unbestimmt (nur Pst),1,0,19
1654095,2023-12-31,203,Klagenfurt,Männer,60 bis 64 Jahre,B9999,unbestimmt (nur Pst),1,60,64
1654108,2023-12-31,204,Spittal/Drau,Frauen,bis 19 Jahre,B9999,unbestimmt (nur Pst),3,0,19
1654147,2023-12-31,204,Spittal/Drau,Frauen,30 bis 34 Jahre,B9999,unbestimmt (nur Pst),1,30,34
1654214,2023-12-31,204,Spittal/Drau,Männer,bis 19 Jahre,B9999,unbestimmt (nur Pst),2,0,19
1654272,2023-12-31,205,St. Veit/Glan,Frauen,bis 19 Jahre,B9999,unbestimmt (nur Pst),1,0,19
1654504,2023-12-31,206,Villach,Frauen,35 bis 39 Jahre,B9999,unbestimmt (nur Pst),1,35,39
1654725,2023-12-31,207,Völkermarkt,Frauen,bis 19 Jahre,B9999,unbestimmt (nur Pst),4,0,19
1654778,2023-12-31,207,Völkermarkt,Frauen,45 bis 49 Jahre,B9999,unbestimmt (nur Pst),2,45,49
1655019,2023-12-31,301,Amstetten,Frauen,bis 19 Jahre,B9999,unbestimmt (nur Pst),6,0,19
1655046,2023-12-31,301,Amstetten,Frauen,20 bis 24 Jahre,B9999,unbestimmt (nur Pst),3,20,24
1655083,2023-12-31,301,Amstetten,Frauen,30 bis 34 Jahre,B9999,unbestimmt (nur Pst),2,30,34
1655137,2023-12-31,301,Amstetten,Frauen,45 bis 49 Jahre,B9999,unbestimmt (nur Pst),1,45,49
1655179,2023-12-31,301,Amstetten,Männer,bis 19 Jahre,B9999,unbestimmt (nur Pst),9,0,19
1655200,2023-12-31,301,Amstetten,Männer,20 bis 24 Jahre,B9999,unbestimmt (nur Pst),6,20,24
1655306,2023-12-31,304,Baden neu,Frauen,bis 19 Jahre,B9999,unbestimmt (nur Pst),2,0,19
1655332,2023-12-31,304,Baden neu,Frauen,20 bis 24 Jahre,B9999,unbestimmt (nur Pst),2,20,24
1655350,2023-12-31,304,Baden neu,Frauen,25 bis 29 Jahre,B9999,unbestimmt (nur Pst),1,25,29
1655391,2023-12-31,304,Baden neu,Frauen,35 bis 39 Jahre,B9999,unbestimmt (nur Pst),1,35,39
1655485,2023-12-31,304,Baden neu,Männer,bis 19 Jahre,B9999,unbestimmt (nur Pst),2,0,19
1655629,2023-12-31,306,Bruck/Leitha,Frauen,bis 19 Jahre,B9999,unbestimmt (nur Pst),3,0,19
1655657,2023-12-31,306,Bruck/Leitha,Frauen,30 bis 34 Jahre,B9999,unbestimmt (nur Pst),1,30,34
1655717,2023-12-31,306,Bruck/Leitha,Männer,bis 19 Jahre,B9999,unbestimmt (nur Pst),1,0,19
1655741,2023-12-31,306,Bruck/Leitha,Männer,20 bis 24 Jahre,B9999,unbestimmt (nur Pst),1,20,24
1655804,2023-12-31,308,Gänserndorf,Frauen,bis 19 Jahre,B9999,unbestimmt (nur Pst),1,0,19
1655830,2023-12-31,308,Gänserndorf,Frauen,20 bis 24 Jahre,B9999,unbestimmt (nur Pst),1,20,24
1655845,2023-12-31,308,Gänserndorf,Frauen,25 bis 29 Jahre,B9999,unbestimmt (nur Pst),2,25,29
1655968,2023-12-31,308,Gänserndorf,Männer,bis 19 Jahre,B9999,unbestimmt (nur Pst),5,0,19
1656011,2023-12-31,308,Gänserndorf,Männer,20 bis 24 Jahre,B9999,unbestimmt (nur Pst),2,20,24
1656119,2023-12-31,311,Gmünd,Frauen,bis 19 Jahre,B9999,unbestimmt (nur Pst),1,0,19
1656205,2023-12-31,311,Gmünd,Männer,bis 19 Jahre,B9999,unbestimmt (nur Pst),1,0,19
1656528,2023-12-31,314,Korneuburg,Frauen,20 bis 24 Jahre,B9999,unbestimmt (nur Pst),1,20,24
1656667,2023-12-31,314,Korneuburg,Männer,bis 19 Jahre,B9999,unbestimmt (nur Pst),2,0,19
1656784,2023-12-31,315,Krems,Frauen,bis 19 Jahre,B9999,unbestimmt (nur Pst),1,0,19
1656831,2023-12-31,315,Krems,Frauen,25 bis 29 Jahre,B9999,unbestimmt (nur Pst),1,25,29
1656849,2023-12-31,315,Krems,Frauen,30 bis 34 Jahre,B9999,unbestimmt (nur Pst),1,30,34
1656897,2023-12-31,315,Krems,Frauen,50 bis 54 Jahre,B9999,unbestimmt (nur Pst),1,50,54
1656925,2023-12-31,315,Krems,Männer,bis 19 Jahre,B9999,unbestimmt (nur Pst),2,0,19
1657016,2023-12-31,316,Lilienfeld,Frauen,bis 19 Jahre,B9999,unbestimmt (nur Pst),1,0,19
1657082,2023-12-31,316,Lilienfeld,Männer,bis 19 Jahre,B9999,unbestimmt (nur Pst),1,0,19
1657143,2023-12-31,317,Melk,Frauen,bis 19 Jahre,B9999,unbestimmt (nur Pst),3,0,19
1657270,2023-12-31,317,Melk,Männer,bis 19 Jahre,B9999,unbestimmt (nur Pst),4,0,19
1657352,2023-12-31,319,Mistelbach,Frauen,bis 19 Jahre,B9999,unbestimmt (nur Pst),2,0,19
1657431,2023-12-31,319,Mistelbach,Frauen,40 bis 44 Jahre,B9999,unbestimmt (nur Pst),1,40,44
1657500,2023-12-31,319,Mistelbach,Männer,20 bis 24 Jahre,B9999,unbestimmt (nur Pst),1,20,24
1657555,2023-12-31,321,Mödling,Frauen,bis 19 Jahre,B9999,unbestimmt (nur Pst),6,0,19
1657573,2023-12-31,321,Mödling,Frauen,20 bis 24 Jahre,B9999,unbestimmt (nur Pst),1,20,24
1657723,2023-12-31,321,Mödling,Männer,bis 19 Jahre,B9999,unbestimmt (nur Pst),18,0,19
1657993,2023-12-31,323,Neunkirchen,Männer,bis 19 Jahre,B9999,unbestimmt (nur Pst),1,0,19
1658126,2023-12-31,326,St. Pölten,Frauen,bis 19 Jahre,B9999,unbestimmt (nur Pst),6,0,19
1658164,2023-12-31,326,St. Pölten,Frauen,20 bis 24 Jahre,B9999,unbestimmt (nur Pst),2,20,24
1658188,2023-12-31,326,St. Pölten,Frauen,25 bis 29 Jahre,B9999,unbestimmt (nur Pst),1,25,29
1658295,2023-12-31,326,St. Pölten,Frauen,40 bis 44 Jahre,B9999,unbestimmt (nur Pst),2,40,44
1658328,2023-12-31,326,St. Pölten,Frauen,45 bis 49 Jahre,B9999,unbestimmt (nur Pst),1,45,49
1658358,2023-12-31,326,St. Pölten,Frauen,55 bis 59 Jahre,B9999,unbestimmt (nur Pst),1,55,59
1658399,2023-12-31,326,St. Pölten,Männer,bis 19 Jahre,B9999,unbestimmt (nur Pst),9,0,19
1658443,2023-12-31,326,St. Pölten,Männer,20 bis 24 Jahre,B9999,unbestimmt (nur Pst),3,20,24
1658558,2023-12-31,326,St. Pölten,Männer,40 bis 44 Jahre,B9999,unbestimmt (nur Pst),1,40,44
1658591,2023-12-31,326,St. Pölten,Männer,50 bis 54 Jahre,B9999,unbestimmt (nur Pst),1,50,54
1658625,2023-12-31,328,Scheibbs,Frauen,bis 19 Jahre,B9999,unbestimmt (nur Pst),1,0,19
1658645,2023-12-31,328,Scheibbs,Frauen,25 bis 29 Jahre,B9999,unbestimmt (nur Pst),1,25,29
1658696,2023-12-31,328,Scheibbs,Männer,bis 19 Jahre,B9999,unbestimmt (nur Pst),2,0,19
1658718,2023-12-31,328,Scheibbs,Männer,30 bis 34 Jahre,B9999,unbestimmt (nur Pst),1,30,34
1658749,2023-12-31,328,Scheibbs,Männer,60 bis 64 Jahre,B9999,unbestimmt (nur Pst),1,60,64
1658777,2023-12-31,329,Schwechat,Frauen,20 bis 24 Jahre,B9999,unbestimmt (nur Pst),1,20,24
1658878,2023-12-31,329,Schwechat,Männer,bis 19 Jahre,B9999,unbestimmt (nur Pst),2,0,19
1658965,2023-12-31,331,Tulln,Frauen,bis 19 Jahre,B9999,unbestimmt (nur Pst),4,0,19
1658988,2023-12-31,331,Tulln,Frauen,20 bis 24 Jahre,B9999,unbestimmt (nur Pst),3,20,24
1659010,2023-12-31,331,Tulln,Frauen,25 bis 29 Jahre,B9999,unbestimmt (nur Pst),1,25,29
1659080,2023-12-31,331,Tulln,Frauen,45 bis 49 Jahre,B9999,unbestimmt (nur Pst),1,45,49
1659095,2023-12-31,331,Tulln,Frauen,50 bis 54 Jahre,B9999,unbestimmt (nur Pst),1,50,54
1659113,2023-12-31,331,Tulln,Männer,bis 19 Jahre,B9999,unbestimmt (nur Pst),9,0,19
1659135,2023-12-31,331,Tulln,Männer,20 bis 24 Jahre,B9999,unbestimmt (nur Pst),1,20,24
1659159,2023-12-31,331,Tulln,Männer,30 bis 34 Jahre,B9999,unbestimmt (nur Pst),1,30,34
1659276,2023-12-31,332,Waidhofen/Thaya,Männer,bis 19 Jahre,B9999,unbestimmt (nur Pst),2,0,19
1659291,2023-12-31,332,Waidhofen/Thaya,Männer,20 bis 24 Jahre,B9999,unbestimmt (nur Pst),1,20,24
1659318,2023-12-31,333,Waidhofen/Ybbs,Frauen,bis 19 Jahre,B9999,unbestimmt (nur Pst),1,0,19
1659365,2023-12-31,333,Waidhofen/Ybbs,Männer,bis 19 Jahre,B9999,unbestimmt (nur Pst),1,0,19
1659374,2023-12-31,333,Waidhofen/Ybbs,Männer,20 bis 24 Jahre,B9999,unbestimmt (nur Pst),1,20,24
1659389,2023-12-31,333,Waidhofen/Ybbs,Männer,40 bis 44 Jahre,B9999,unbestimmt (nur Pst),1,40,44
1659421,2023-12-31,334,Wr. Neustadt,Frauen,bis 19 Jahre,B9999,unbestimmt (nur Pst),3,0,19
1659448,2023-12-31,334,Wr. Neustadt,Frauen,20 bis 24 Jahre,B9999,unbestimmt (nur Pst),1,20,24
1659499,2023-12-31,334,Wr. Neustadt,Frauen,30 bis 34 Jahre,B9999,unbestimmt (nur Pst),1,30,34
1659622,2023-12-31,334,Wr. Neustadt,Männer,bis 19 Jahre,B9999,unbestimmt (nur Pst),2,0,19
1659864,2023-12-31,335,Zwettl,Männer,bis 19 Jahre,B9999,unbestimmt (nur Pst),1,0,19
1659920,2023-12-31,401,Braunau,Frauen,bis 19 Jahre,B9999,unbestimmt (nur Pst),5,0,19
1659946,2023-12-31,401,Braunau,Frauen,20 bis 24 Jahre,B9999,unbestimmt (nur Pst),8,20,24
1659963,2023-12-31,401,Braunau,Frauen,25 bis 29 Jahre,B9999,unbestimmt (nur Pst),1,25,29
1659991,2023-12-31,401,Braunau,Frauen,30 bis 34 Jahre,B9999,unbestimmt (nur Pst),5,30,34
1660030,2023-12-31,401,Braunau,Frauen,40 bis 44 Jahre,B9999,unbestimmt (nur Pst),1,40,44
1660062,2023-12-31,401,Braunau,Frauen,50 bis 54 Jahre,B9999,unbestimmt (nur Pst),1,50,54
1660094,2023-12-31,401,Braunau,Männer,bis 19 Jahre,B9999,unbestimmt (nur Pst),24,0,19
1660121,2023-12-31,401,Braunau,Männer,20 bis 24 Jahre,B9999,unbestimmt (nur Pst),3,20,24
1660146,2023-12-31,401,Braunau,Männer,25 bis 29 Jahre,B9999,unbestimmt (nur Pst),1,25,29
1660168,2023-12-31,401,Braunau,Männer,30 bis 34 Jahre,B9999,unbestimmt (nur Pst),2,30,34
1660183,2023-12-31,401,Braunau,Männer,35 bis 39 Jahre,B9999,unbestimmt (nur Pst),1,35,39
1660195,2023-12-31,401,Braunau,Männer,40 bis 44 Jahre,B9999,unbestimmt (nur Pst),1,40,44
1660253,2023-12-31,402,Eferding,Frauen,20 bis 24 Jahre,B9999,unbestimmt (nur Pst),2,20,24
1660274,2023-12-31,402,Eferding,Frauen,35 bis 39 Jahre,B9999,unbestimmt (nur Pst),1,35,39
1660312,2023-12-31,402,Eferding,Männer,bis 19 Jahre,B9999,unbestimmt (nur Pst),1,0,19
1660382,2023-12-31,403,Freistadt,Frauen,20 bis 24 Jahre,B9999,unbestimmt (nur Pst),2,20,24
1660483,2023-12-31,403,Freistadt,Männer,bis 19 Jahre,B9999,unbestimmt (nur Pst),1,0,19
1660574,2023-12-31,404,Gmunden,Frauen,bis 19 Jahre,B9999,unbestimmt (nur Pst),7,0,19
1660612,2023-12-31,404,Gmunden,Frauen,25 bis 29 Jahre,B9999,unbestimmt (nur Pst),1,25,29
1660730,2023-12-31,404,Gmunden,Männer,bis 19 Jahre,B9999,unbestimmt (nur Pst),3,0,19
1660905,2023-12-31,406,Grieskirchen,Frauen,25 bis 29 Jahre,B9999,unbestimmt (nur Pst),1,25,29
1660914,2023-12-31,406,Grieskirchen,Frauen,30 bis 34 Jahre,B9999,unbestimmt (nur Pst),1,30,34
1660945,2023-12-31,406,Grieskirchen,Frauen,40 bis 44 Jahre,B9999,unbestimmt (nur Pst),1,40,44
1661060,2023-12-31,407,Kirchdorf/Krems,Frauen,bis 19 Jahre,B9999,unbestimmt (nur Pst),3,0,19
1661084,2023-12-31,407,Kirchdorf/Krems,Frauen,25 bis 29 Jahre,B9999,unbestimmt (nur Pst),1,25,29
1661101,2023-12-31,407,Kirchdorf/Krems,Frauen,30 bis 34 Jahre,B9999,unbestimmt (nur Pst),1,30,34
1661162,2023-12-31,407,Kirchdorf/Krems,Männer,bis 19 Jahre,B9999,unbestimmt (nur Pst),3,0,19
1661269,2023-12-31,409,Linz neu,Frauen,bis 19 Jahre,B9999,unbestimmt (nur Pst),25,0,19
1661312,2023-12-31,409,Linz neu,Frauen,20 bis 24 Jahre,B9999,unbestimmt (nur Pst),17,20,24
1661361,2023-12-31,409,Linz neu,Frauen,25 bis 29 Jahre,B9999,unbestimmt (nur Pst),6,25,29
1661409,2023-12-31,409,Linz neu,Frauen,30 bis 34 Jahre,B9999,unbestimmt (nur Pst),1,30,34
1661455,2023-12-31,409,Linz neu,Frauen,35 bis 39 Jahre,B9999,unbestimmt (nur Pst),3,35,39
1661503,2023-12-31,409,Linz neu,Frauen,40 bis 44 Jahre,B9999,unbestimmt (nur Pst),1,40,44
1661547,2023-12-31,409,Linz neu,Frauen,45 bis 49 Jahre,B9999,unbestimmt (nur Pst),1,45,49
1661643,2023-12-31,409,Linz neu,Männer,bis 19 Jahre,B9999,unbestimmt (nur Pst),27,0,19
1661697,2023-12-31,409,Linz neu,Männer,20 bis 24 Jahre,B9999,unbestimmt (nur Pst),8,20,24
1661754,2023-12-31,409,Linz neu,Männer,25 bis 29 Jahre,B9999,unbestimmt (nur Pst),3,25,29
1661800,2023-12-31,409,Linz neu,Männer,30 bis 34 Jahre,B9999,unbestimmt (nur Pst),2,30,34
1661844,2023-12-31,409,Linz neu,Männer,35 bis 39 Jahre,B9999,unbestimmt (nur Pst),1,35,39
1661889,2023-12-31,409,Linz neu,Männer,40 bis 44 Jahre,B9999,unbestimmt (nur Pst),3,40,44
1661974,2023-12-31,409,Linz neu,Männer,60 bis 64 Jahre,B9999,unbestimmt (nur Pst),1,60,64
1661986,2023-12-31,411,Perg,Frauen,bis 19 Jahre,B9999,unbestimmt (nur Pst),1,0,19
1662122,2023-12-31,411,Perg,Männer,bis 19 Jahre,B9999,unbestimmt (nur Pst),2,0,19
1662148,2023-12-31,411,Perg,Männer,20 bis 24 Jahre,B9999,unbestimmt (nur Pst),1,20,24
1662228,2023-12-31,412,Ried im Innkreis,Frauen,bis 19 Jahre,B9999,unbestimmt (nur Pst),12,0,19
1662252,2023-12-31,412,Ried im Innkreis,Frauen,20 bis 24 Jahre,B9999,unbestimmt (nur Pst),1,20,24
1662266,2023-12-31,412,Ried im Innkreis,Frauen,25 bis 29 Jahre,B9999,unbestimmt (nur Pst),1,25,29
1662314,2023-12-31,412,Ried im Innkreis,Frauen,40 bis 44 Jahre,B9999,unbestimmt (nur Pst),2,40,44
1662323,2023-12-31,412,Ried im Innkreis,Frauen,45 bis 49 Jahre,B9999,unbestimmt (nur Pst),1,45,49
1662336,2023-12-31,412,Ried im Innkreis,Frauen,50 bis 54 Jahre,B9999,unbestimmt (nur Pst),1,50,54
1662365,2023-12-31,412,Ried im Innkreis,Männer,bis 19 Jahre,B9999,unbestimmt (nur Pst),9,0,19
1662547,2023-12-31,413,Rohrbach,Frauen,45 bis 49 Jahre,B9999,unbestimmt (nur Pst),1,45,49
1662577,2023-12-31,413,Rohrbach,Männer,bis 19 Jahre,B9999,unbestimmt (nur Pst),1,0,19
1662605,2023-12-31,413,Rohrbach,Männer,35 bis 39 Jahre,B9999,unbestimmt (nur Pst),1,35,39
1662623,2023-12-31,413,Rohrbach,Männer,45 bis 49 Jahre,B9999,unbestimmt (nur Pst),1,45,49
1662647,2023-12-31,414,Schärding,Frauen,bis 19 Jahre,B9999,unbestimmt (nur Pst),2,0,19
1662661,2023-12-31,414,Schärding,Frauen,20 bis 24 Jahre,B9999,unbestimmt (nur Pst),1,20,24
1662775,2023-12-31,414,Schärding,Männer,30 bis 34 Jahre,B9999,unbestimmt (nur Pst),1,30,34
1662785,2023-12-31,414,Schärding,Männer,40 bis 44 Jahre,B9999,unbestimmt (nur Pst),1,40,44
1662816,2023-12-31,415,Steyr,Frauen,bis 19 Jahre,B9999,unbestimmt (nur Pst),5,0,19
1662850,2023-12-31,415,Steyr,Frauen,20 bis 24 Jahre,B9999,unbestimmt (nur Pst),1,20,24
1662926,2023-12-31,415,Steyr,Frauen,35 bis 39 Jahre,B9999,unbestimmt (nur Pst),1,35,39
1663031,2023-12-31,415,Steyr,Männer,bis 19 Jahre,B9999,unbestimmt (nur Pst),12,0,19
1663065,2023-12-31,415,Steyr,Männer,20 bis 24 Jahre,B9999,unbestimmt (nur Pst),6,20,24
1663093,2023-12-31,415,Steyr,Männer,25 bis 29 Jahre,B9999,unbestimmt (nur Pst),4,25,29
1663217,2023-12-31,418,Vöcklabruck,Frauen,bis 19 Jahre,B9999,unbestimmt (nur Pst),4,0,19
1663246,2023-12-31,418,Vöcklabruck,Frauen,20 bis 24 Jahre,B9999,unbestimmt (nur Pst),1,20,24
1663265,2023-12-31,418,Vöcklabruck,Frauen,25 bis 29 Jahre,B9999,unbestimmt (nur Pst),1,25,29
1663310,2023-12-31,418,Vöcklabruck,Frauen,35 bis 39 Jahre,B9999,unbestimmt (nur Pst),1,35,39
1663393,2023-12-31,418,Vöcklabruck,Frauen,55 bis 59 Jahre,B9999,unbestimmt (nur Pst),1,55,59
1663419,2023-12-31,418,Vöcklabruck,Männer,bis 19 Jahre,B9999,unbestimmt (nur Pst),2,0,19
1663453,2023-12-31,418,Vöcklabruck,Männer,20 bis 24 Jahre,B9999,unbestimmt (nur Pst),1,20,24
1663655,2023-12-31,419,Wels,Frauen,25 bis 29 Jahre,B9999,unbestimmt (nur Pst),1,25,29
1663752,2023-12-31,419,Wels,Frauen,45 bis 49 Jahre,B9999,unbestimmt (nur Pst),1,45,49
1663810,2023-12-31,419,Wels,Männer,bis 19 Jahre,B9999,unbestimmt (nur Pst),1,0,19
1663889,2023-12-31,419,Wels,Männer,30 bis 34 Jahre,B9999,unbestimmt (nur Pst),1,30,34
1664025,2023-12-31,421,Traun,Frauen,20 bis 24 Jahre,B9999,unbestimmt (nur Pst),1,20,24
1664302,2023-12-31,421,Traun,Männer,30 bis 34 Jahre,B9999,unbestimmt (nur Pst),2,30,34
1665555,2023-12-31,601,Bruck/Mur,Frauen,bis 19 Jahre,B9999,unbestimmt (nur Pst),3,0,19
1665680,2023-12-31,601,Bruck/Mur,Männer,bis 19 Jahre,B9999,unbestimmt (nur Pst),3,0,19
1665830,2023-12-31,603,Deutschlandsberg,Frauen,20 bis 24 Jahre,B9999,unbestimmt (nur Pst),1,20,24
1665924,2023-12-31,603,Deutschlandsberg,Männer,bis 19 Jahre,B9999,unbestimmt (nur Pst),1,0,19
1666037,2023-12-31,604,Feldbach,Frauen,20 bis 24 Jahre,B9999,unbestimmt (nur Pst),1,20,24
1666250,2023-12-31,606,Gleisdorf,Frauen,bis 19 Jahre,B9999,unbestimmt (nur Pst),1,0,19
1666267,2023-12-31,606,Gleisdorf,Frauen,20 bis 24 Jahre,B9999,unbestimmt (nur Pst),1,20,24
1666329,2023-12-31,606,Gleisdorf,Frauen,45 bis 49 Jahre,B9999,unbestimmt (nur Pst),1,45,49
1666348,2023-12-31,606,Gleisdorf,Männer,bis 19 Jahre,B9999,unbestimmt (nur Pst),1,0,19
1666575,2023-12-31,609,Hartberg,Männer,bis 19 Jahre,B9999,unbestimmt (nur Pst),1,0,19
1666699,2023-12-31,610,Judenburg,Frauen,bis 19 Jahre,B9999,unbestimmt (nur Pst),1,0,19
1666797,2023-12-31,610,Judenburg,Frauen,45 bis 49 Jahre,B9999,unbestimmt (nur Pst),1,45,49
1666809,2023-12-31,610,Judenburg,Frauen,55 bis 59 Jahre,B9999,unbestimmt (nur Pst),1,55,59
1666907,2023-12-31,611,Murau,Frauen,bis 19 Jahre,B9999,unbestimmt (nur Pst),1,0,19
1666914,2023-12-31,611,Murau,Frauen,20 bis 24 Jahre,B9999,unbestimmt (nur Pst),1,20,24
1666921,2023-12-31,611,Murau,Frauen,25 bis 29 Jahre,B9999,unbestimmt (nur Pst),1,25,29
1666952,2023-12-31,611,Murau,Männer,bis 19 Jahre,B9999,unbestimmt (nur Pst),1,0,19
1667021,2023-12-31,614,Leibnitz,Frauen,20 bis 24 Jahre,B9999,unbestimmt (nur Pst),1,20,24
1667039,2023-12-31,614,Leibnitz,Frauen,25 bis 29 Jahre,B9999,unbestimmt (nur Pst),1,25,29
1667433,2023-12-31,616,Leoben,Männer,bis 19 Jahre,B9999,unbestimmt (nur Pst),1,0,19
1667648,2023-12-31,618,Liezen,Männer,bis 19 Jahre,B9999,unbestimmt (nur Pst),2,0,19
1667746,2023-12-31,621,Mürzzuschlag,Frauen,bis 19 Jahre,B9999,unbestimmt (nur Pst),3,0,19
1667756,2023-12-31,621,Mürzzuschlag,Frauen,20 bis 24 Jahre,B9999,unbestimmt (nur Pst),1,20,24
1667813,2023-12-31,621,Mürzzuschlag,Frauen,50 bis 54 Jahre,B9999,unbestimmt (nur Pst),1,50,54
1667821,2023-12-31,621,Mürzzuschlag,Frauen,55 bis 59 Jahre,B9999,unbestimmt (nur Pst),2,55,59
1667834,2023-12-31,621,Mürzzuschlag,Männer,bis 19 Jahre,B9999,unbestimmt (nur Pst),2,0,19
1667892,2023-12-31,621,Mürzzuschlag,Männer,55 bis 59 Jahre,B9999,unbestimmt (nur Pst),1,55,59
1667910,2023-12-31,622,Voitsberg,Frauen,bis 19 Jahre,B9999,unbestimmt (nur Pst),1,0,19
1667924,2023-12-31,622,Voitsberg,Frauen,20 bis 24 Jahre,B9999,unbestimmt (nur Pst),1,20,24
1668003,2023-12-31,622,Voitsberg,Männer,bis 19 Jahre,B9999,unbestimmt (nur Pst),1,0,19
1668071,2023-12-31,623,Weiz,Frauen,bis 19 Jahre,B9999,unbestimmt (nur Pst),1,0,19
1668086,2023-12-31,623,Weiz,Frauen,20 bis 24 Jahre,B9999,unbestimmt (nur Pst),1,20,24
1668093,2023-12-31,623,Weiz,Frauen,25 bis 29 Jahre,B9999,unbestimmt (nur Pst),1,25,29
1668101,2023-12-31,623,Weiz,Frauen,30 bis 34 Jahre,B9999,unbestimmt (nur Pst),1,30,34
1668122,2023-12-31,623,Weiz,Frauen,40 bis 44 Jahre,B9999,unbestimmt (nur Pst),1,40,44
1668132,2023-12-31,623,Weiz,Frauen,45 bis 49 Jahre,B9999,unbestimmt (nur Pst),1,45,49
1668144,2023-12-31,623,Weiz,Frauen,55 bis 59 Jahre,B9999,unbestimmt (nur Pst),1,55,59
1668149,2023-12-31,623,Weiz,Männer,bis 19 Jahre,B9999,unbestimmt (nur Pst),1,0,19
1668183,2023-12-31,623,Weiz,Männer,40 bis 44 Jahre,B9999,unbestimmt (nur Pst),1,40,44
1668189,2023-12-31,623,Weiz,Männer,50 bis 54 Jahre,B9999,unbestimmt (nur Pst),2,50,54
1668231,2023-12-31,630,Graz-West und Umgebung,Frauen,bis 19 Jahre,B9999,unbestimmt (nur Pst),7,0,19
1668279,2023-12-31,630,Graz-West und Umgebung,Frauen,20 bis 24 Jahre,B9999,unbestimmt (nur Pst),3,20,24
1668336,2023-12-31,630,Graz-West und Umgebung,Frauen,25 bis 29 Jahre,B9999,unbestimmt (nur Pst),1,25,29
1668384,2023-12-31,630,Graz-West und Umgebung,Frauen,30 bis 34 Jahre,B9999,unbestimmt (nur Pst),1,30,34
1668442,2023-12-31,630,Graz-West und Umgebung,Frauen,35 bis 39 Jahre,B9999,unbestimmt (nur Pst),1,35,39
1668529,2023-12-31,630,Graz-West und Umgebung,Frauen,45 bis 49 Jahre,B9999,unbestimmt (nur Pst),2,45,49
1668632,2023-12-31,630,Graz-West und Umgebung,Männer,bis 19 Jahre,B9999,unbestimmt (nur Pst),20,0,19
1668790,2023-12-31,630,Graz-West und Umgebung,Männer,30 bis 34 Jahre,B9999,unbestimmt (nur Pst),1,30,34
1668875,2023-12-31,630,Graz-West und Umgebung,Männer,40 bis 44 Jahre,B9999,unbestimmt (nur Pst),1,40,44
1669021,2023-12-31,631,Graz-Ost,Frauen,20 bis 24 Jahre,B9999,unbestimmt (nur Pst),1,20,24
1669279,2023-12-31,631,Graz-Ost,Männer,bis 19 Jahre,B9999,unbestimmt (nur Pst),2,0,19
1669518,2023-12-31,701,Imst,Frauen,bis 19 Jahre,B9999,unbestimmt (nur Pst),1,0,19
1669688,2023-12-31,702,Innsbruck,Frauen,25 bis 29 Jahre,B9999,unbestimmt (nur Pst),2,25,29
1669758,2023-12-31,702,Innsbruck,Frauen,35 bis 39 Jahre,B9999,unbestimmt (nur Pst),1,35,39
1669864,2023-12-31,702,Innsbruck,Männer,bis 19 Jahre,B9999,unbestimmt (nur Pst),2,0,19
1669899,2023-12-31,702,Innsbruck,Männer,20 bis 24 Jahre,B9999,unbestimmt (nur Pst),1,20,24
1669934,2023-12-31,702,Innsbruck,Männer,25 bis 29 Jahre,B9999,unbestimmt (nur Pst),1,25,29
1670008,2023-12-31,702,Innsbruck,Männer,45 bis 49 Jahre,B9999,unbestimmt (nur Pst),1,45,49
1670075,2023-12-31,704,Kitzbühel,Frauen,30 bis 34 Jahre,B9999,unbestimmt (nur Pst),1,30,34
1670146,2023-12-31,705,Kufstein,Frauen,bis 19 Jahre,B9999,unbestimmt (nur Pst),2,0,19
1670170,2023-12-31,705,Kufstein,Frauen,20 bis 24 Jahre,B9999,unbestimmt (nur Pst),1,20,24
1670217,2023-12-31,705,Kufstein,Frauen,35 bis 39 Jahre,B9999,unbestimmt (nur Pst),1,35,39
1670256,2023-12-31,705,Kufstein,Frauen,50 bis 54 Jahre,B9999,unbestimmt (nur Pst),1,50,54
1670281,2023-12-31,705,Kufstein,Männer,bis 19 Jahre,B9999,unbestimmt (nur Pst),1,0,19
1670311,2023-12-31,705,Kufstein,Männer,20 bis 24 Jahre,B9999,unbestimmt (nur Pst),1,20,24
1670360,2023-12-31,705,Kufstein,Männer,40 bis 44 Jahre,B9999,unbestimmt (nur Pst),1,40,44
1670389,2023-12-31,706,Landeck,Frauen,bis 19 Jahre,B9999,unbestimmt (nur Pst),1,0,19
1670403,2023-12-31,706,Landeck,Frauen,20 bis 24 Jahre,B9999,unbestimmt (nur Pst),1,20,24
1670598,2023-12-31,709,Schwaz,Frauen,bis 19 Jahre,B9999,unbestimmt (nur Pst),1,0,19
1670615,2023-12-31,709,Schwaz,Frauen,20 bis 24 Jahre,B9999,unbestimmt (nur Pst),1,20,24
1670698,2023-12-31,709,Schwaz,Männer,bis 19 Jahre,B9999,unbestimmt (nur Pst),2,0,19
1670756,2023-12-31,801,Bludenz,Frauen,bis 19 Jahre,B9999,unbestimmt (nur Pst),6,0,19
1670776,2023-12-31,801,Bludenz,Frauen,20 bis 24 Jahre,B9999,unbestimmt (nur Pst),2,20,24
1670831,2023-12-31,801,Bludenz,Frauen,40 bis 44 Jahre,B9999,unbestimmt (nur Pst),1,40,44
1670886,2023-12-31,801,Bludenz,Männer,20 bis 24 Jahre,B9999,unbestimmt (nur Pst),2,20,24
1670899,2023-12-31,801,Bludenz,Männer,25 bis 29 Jahre,B9999,unbestimmt (nur Pst),1,25,29
1670960,2023-12-31,802,Bregenz,Frauen,bis 19 Jahre,B9999,unbestimmt (nur Pst),4,0,19
1670986,2023-12-31,802,Bregenz,Frauen,20 bis 24 Jahre,B9999,unbestimmt (nur Pst),3,20,24
1671012,2023-12-31,802,Bregenz,Frauen,25 bis 29 Jahre,B9999,unbestimmt (nur Pst),1,25,29
1671150,2023-12-31,802,Bregenz,Männer,bis 19 Jahre,B9999,unbestimmt (nur Pst),2,0,19
1671192,2023-12-31,802,Bregenz,Männer,20 bis 24 Jahre,B9999,unbestimmt (nur Pst),1,20,24
1671260,2023-12-31,802,Bregenz,Männer,35 bis 39 Jahre,B9999,unbestimmt (nur Pst),1,35,39
1671318,2023-12-31,804,Dornbirn,Frauen,bis 19 Jahre,B9999,unbestimmt (nur Pst),2,0,19
1671346,2023-12-31,804,Dornbirn,Frauen,20 bis 24 Jahre,B9999,unbestimmt (nur Pst),4,20,24
1671372,2023-12-31,804,Dornbirn,Frauen,25 bis 29 Jahre,B9999,unbestimmt (nur Pst),1,25,29
1671456,2023-12-31,804,Dornbirn,Frauen,55 bis 59 Jahre,B9999,unbestimmt (nur Pst),2,55,59
1671480,2023-12-31,804,Dornbirn,Männer,bis 19 Jahre,B9999,unbestimmt (nur Pst),6,0,19
1671540,2023-12-31,804,Dornbirn,Männer,30 bis 34 Jahre,B9999,unbestimmt (nur Pst),1,30,34
1671556,2023-12-31,804,Dornbirn,Männer,35 bis 39 Jahre,B9999,unbestimmt (nur Pst),1,35,39
1671606,2023-12-31,805,Feldkirch,Frauen,bis 19 Jahre,B9999,unbestimmt (nur Pst),8,0,19
1671642,2023-12-31,805,Feldkirch,Frauen,20 bis 24 Jahre,B9999,unbestimmt (nur Pst),8,20,24
1671668,2023-12-31,805,Feldkirch,Frauen,25 bis 29 Jahre,B9999,unbestimmt (nur Pst),3,25,29
1671708,2023-12-31,805,Feldkirch,Frauen,35 bis 39 Jahre,B9999,unbestimmt (nur Pst),1,35,39
1671793,2023-12-31,805,Feldkirch,Männer,bis 19 Jahre,B9999,unbestimmt (nur Pst),14,0,19
1671832,2023-12-31,805,Feldkirch,Männer,20 bis 24 Jahre,B9999,unbestimmt (nur Pst),3,20,24
1671862,2023-12-31,805,Feldkirch,Männer,25 bis 29 Jahre,B9999,unbestimmt (nur Pst),1,25,29
1671880,2023-12-31,805,Feldkirch,Männer,30 bis 34 Jahre,B9999,unbestimmt (nur Pst),1,30,34
1671899,2023-12-31,805,Feldkirch,Männer,35 bis 39 Jahre,B9999,unbestimmt (nur Pst),1,35,39
1672231,2023-12-31,958,Wien Johnstraße,Männer,25 bis 29 Jahre,B9999,unbestimmt (nur Pst),1,25,29
1673566,2023-12-31,962,Wien Redergasse,Frauen,25 bis 29 Jahre,B9999,unbestimmt (nur Pst),1,25,29
1673925,2023-12-31,962,Wien Redergasse,Männer,30 bis 34 Jahre,B9999,unbestimmt (nur Pst),1,30,34
1674264,2023-12-31,963,Wien Währinger Gürtel,Frauen,35 bis 39 Jahre,B9999,unbestimmt (nur Pst),1,35,39
1674429,2023-12-31,963,Wien Währinger Gürtel,Männer,25 bis 29 Jahre,B9999,unbestimmt (nur Pst),1,25,29
1674571,2023-12-31,963,Wien Währinger Gürtel,Männer,45 bis 49 Jahre,B9999,unbestimmt (nur Pst),1,45,49
1674632,2023-12-31,963,Wien Währinger Gürtel,Männer,60 bis 64 Jahre,B9999,unbestimmt (nur Pst),1,60,64
1674733,2023-12-31,964,Wien Favoritenstraße,Frauen,30 bis 34 Jahre,B9999,unbestimmt (nur Pst),1,30,34
1675306,2023-12-31,964,Wien Favoritenstraße,Männer,40 bis 44 Jahre,B9999,unbestimmt (nur Pst),1,40,44
1676396,2023-12-31,966,Wien Hietzinger Kai,Frauen,35 bis 39 Jahre,B9999,unbestimmt (nur Pst),1,35,39
1676541,2023-12-31,966,Wien Hietzinger Kai,Frauen,55 bis 59 Jahre,B9999,unbestimmt (nur Pst),1,55,59
1676986,2023-12-31,967,Wien Huttengasse,Frauen,30 bis 34 Jahre,B9999,unbestimmt (nur Pst),1,30,34
1677977,2023-12-31,968,Wien Schloßhofer Straße,Frauen,45 bis 49 Jahre,B9999,unbestimmt (nur Pst),1,45,49
1678016,2023-12-31,968,Wien Schloßhofer Straße,Frauen,50 bis 54 Jahre,B9999,unbestimmt (nur Pst),1,50,54
1678110,2023-12-31,968,Wien Schloßhofer Straße,Männer,25 bis 29 Jahre,B9999,unbestimmt (nur Pst),1,25,29
1678179,2023-12-31,968,Wien Schloßhofer Straße,Männer,30 bis 34 Jahre,B9999,unbestimmt (nur Pst),1,30,34
1678880,2023-12-31,969,Wien-Wagramer Straße,Männer,30 bis 34 Jahre,B9999,unbestimmt (nur Pst),1,30,34
1679225,2023-12-31,974,Wien Austria Campus,Frauen,30 bis 34 Jahre,B9999,unbestimmt (nur Pst),3,30,34
1680263,2023-12-31,976,Wien Jugendliche I,Frauen,bis 19 Jahre,B9999,unbestimmt (nur Pst),7,0,19
1680359,2023-12-31,976,Wien Jugendliche I,Frauen,20 bis 24 Jahre,B9999,unbestimmt (nur Pst),12,20,24
1680479,2023-12-31,976,Wien Jugendliche I,Männer,bis 19 Jahre,B9999,unbestimmt (nur Pst),16,0,19
1680643,2023-12-31,976,Wien Jugendliche I,Männer,20 bis 24 Jahre,B9999,unbestimmt (nur Pst),4,20,24
1681157,2024-01-31,101,Eisenstadt,Frauen,bis 19 Jahre,B9999,unbestimmt (nur Pst),1,0,19
1681244,2024-01-31,101,Eisenstadt,Männer,bis 19 Jahre,B9999,unbestimmt (nur Pst),1,0,19
1681315,2024-01-31,102,Mattersburg,Frauen,bis 19 Jahre,B9999,unbestimmt (nur Pst),8,0,19
1681328,2024-01-31,102,Mattersburg,Frauen,20 bis 24 Jahre,B9999,unbestimmt (nur Pst),1,20,24
1681359,2024-01-31,102,Mattersburg,Frauen,45 bis 49 Jahre,B9999,unbestimmt (nur Pst),1,45,49
1681382,2024-01-31,102,Mattersburg,Männer,bis 19 Jahre,B9999,unbestimmt (nur Pst),4,0,19
1681527,2024-01-31,103,Neusiedl am See,Männer,bis 19 Jahre,B9999,unbestimmt (nur Pst),1,0,19
1681679,2024-01-31,104,Oberpullendorf,Männer,bis 19 Jahre,B9999,unbestimmt (nur Pst),1,0,19
1681765,2024-01-31,105,Oberwart,Frauen,bis 19 Jahre,B9999,unbestimmt (nur Pst),1,0,19
1681838,2024-01-31,105,Oberwart,Frauen,35 bis 39 Jahre,B9999,unbestimmt (nur Pst),1,35,39
1681857,2024-01-31,105,Oberwart,Frauen,40 bis 44 Jahre,B9999,unbestimmt (nur Pst),1,40,44
1681926,2024-01-31,105,Oberwart,Männer,bis 19 Jahre,B9999,unbestimmt (nur Pst),1,0,19
1681958,2024-01-31,105,Oberwart,Männer,20 bis 24 Jahre,B9999,unbestimmt (nur Pst),1,20,24
1681969,2024-01-31,105,Oberwart,Männer,25 bis 29 Jahre,B9999,unbestimmt (nur Pst),1,25,29
1682031,2024-01-31,106,Stegersbach,Frauen,20 bis 24 Jahre,B9999,unbestimmt (nur Pst),1,20,24
1682121,2024-01-31,106,Stegersbach,Männer,30 bis 34 Jahre,B9999,unbestimmt (nur Pst),1,30,34
1682174,2024-01-31,107,Jennersdorf,Frauen,35 bis 39 Jahre,B9999,unbestimmt (nur Pst),1,35,39
1682218,2024-01-31,107,Jennersdorf,Männer,35 bis 39 Jahre,B9999,unbestimmt (nur Pst),1,35,39
1682329,2024-01-31,202,Hermagor,Frauen,bis 19 Jahre,B9999,unbestimmt (nur Pst),1,0,19
1682465,2024-01-31,203,Klagenfurt,Frauen,30 bis 34 Jahre,B9999,unbestimmt (nur Pst),1,30,34
1682503,2024-01-31,203,Klagenfurt,Frauen,35 bis 39 Jahre,B9999,unbestimmt (nur Pst),1,35,39
1682621,2024-01-31,203,Klagenfurt,Männer,bis 19 Jahre,B9999,unbestimmt (nur Pst),2,0,19
1682829,2024-01-31,203,Klagenfurt,Männer,60 bis 64 Jahre,B9999,unbestimmt (nur Pst),1,60,64
1682842,2024-01-31,204,Spittal/Drau,Frauen,bis 19 Jahre,B9999,unbestimmt (nur Pst),2,0,19
1682890,2024-01-31,204,Spittal/Drau,Frauen,30 bis 34 Jahre,B9999,unbestimmt (nur Pst),1,30,34
1682961,2024-01-31,204,Spittal/Drau,Männer,bis 19 Jahre,B9999,unbestimmt (nur Pst),3,0,19
1683042,2024-01-31,205,St. Veit/Glan,Frauen,bis 19 Jahre,B9999,unbestimmt (nur Pst),1,0,19
1683568,2024-01-31,207,Völkermarkt,Frauen,bis 19 Jahre,B9999,unbestimmt (nur Pst),3,0,19
1683597,2024-01-31,207,Völkermarkt,Frauen,30 bis 34 Jahre,B9999,unbestimmt (nur Pst),1,30,34
1683626,2024-01-31,207,Völkermarkt,Frauen,45 bis 49 Jahre,B9999,unbestimmt (nur Pst),1,45,49
1683663,2024-01-31,207,Völkermarkt,Männer,20 bis 24 Jahre,B9999,unbestimmt (nur Pst),1,20,24
1683906,2024-01-31,301,Amstetten,Frauen,bis 19 Jahre,B9999,unbestimmt (nur Pst),6,0,19
1683933,2024-01-31,301,Amstetten,Frauen,20 bis 24 Jahre,B9999,unbestimmt (nur Pst),1,20,24
1683976,2024-01-31,301,Amstetten,Frauen,30 bis 34 Jahre,B9999,unbestimmt (nur Pst),1,30,34
1683995,2024-01-31,301,Amstetten,Frauen,35 bis 39 Jahre,B9999,unbestimmt (nur Pst),1,35,39
1684067,2024-01-31,301,Amstetten,Männer,bis 19 Jahre,B9999,unbestimmt (nur Pst),10,0,19
1684089,2024-01-31,301,Amstetten,Männer,20 bis 24 Jahre,B9999,unbestimmt (nur Pst),3,20,24
1684111,2024-01-31,301,Amstetten,Männer,25 bis 29 Jahre,B9999,unbestimmt (nur Pst),1,25,29
1684192,2024-01-31,304,Baden neu,Frauen,bis 19 Jahre,B9999,unbestimmt (nur Pst),3,0,19
1684221,2024-01-31,304,Baden neu,Frauen,20 bis 24 Jahre,B9999,unbestimmt (nur Pst),2,20,24
1684245,2024-01-31,304,Baden neu,Frauen,25 bis 29 Jahre,B9999,unbestimmt (nur Pst),1,25,29
1684294,2024-01-31,304,Baden neu,Frauen,35 bis 39 Jahre,B9999,unbestimmt (nur Pst),1,35,39
1684395,2024-01-31,304,Baden neu,Männer,bis 19 Jahre,B9999,unbestimmt (nur Pst),1,0,19
1684570,2024-01-31,306,Bruck/Leitha,Frauen,bis 19 Jahre,B9999,unbestimmt (nur Pst),2,0,19
1684597,2024-01-31,306,Bruck/Leitha,Frauen,30 bis 34 Jahre,B9999,unbestimmt (nur Pst),1,30,34
1684662,2024-01-31,306,Bruck/Leitha,Männer,bis 19 Jahre,B9999,unbestimmt (nur Pst),1,0,19
1684747,2024-01-31,308,Gänserndorf,Frauen,bis 19 Jahre,B9999,unbestimmt (nur Pst),1,0,19
1684771,2024-01-31,308,Gänserndorf,Frauen,20 bis 24 Jahre,B9999,unbestimmt (nur Pst),1,20,24
1684788,2024-01-31,308,Gänserndorf,Frauen,25 bis 29 Jahre,B9999,unbestimmt (nur Pst),2,25,29
1684920,2024-01-31,308,Gänserndorf,Männer,bis 19 Jahre,B9999,unbestimmt (nur Pst),5,0,19
1684969,2024-01-31,308,Gänserndorf,Männer,20 bis 24 Jahre,B9999,unbestimmt (nur Pst),2,20,24
1685092,2024-01-31,311,Gmünd,Frauen,bis 19 Jahre,B9999,unbestimmt (nur Pst),1,0,19
1685189,2024-01-31,311,Gmünd,Männer,bis 19 Jahre,B9999,unbestimmt (nur Pst),1,0,19
1685560,2024-01-31,314,Korneuburg,Frauen,20 bis 24 Jahre,B9999,unbestimmt (nur Pst),1,20,24
1685712,2024-01-31,314,Korneuburg,Männer,bis 19 Jahre,B9999,unbestimmt (nur Pst),2,0,19
1685841,2024-01-31,315,Krems,Frauen,bis 19 Jahre,B9999,unbestimmt (nur Pst),1,0,19
1685887,2024-01-31,315,Krems,Frauen,25 bis 29 Jahre,B9999,unbestimmt (nur Pst),1,25,29
1685904,2024-01-31,315,Krems,Frauen,30 bis 34 Jahre,B9999,unbestimmt (nur Pst),1,30,34
1685942,2024-01-31,315,Krems,Frauen,40 bis 44 Jahre,B9999,unbestimmt (nur Pst),1,40,44
1685963,2024-01-31,315,Krems,Frauen,50 bis 54 Jahre,B9999,unbestimmt (nur Pst),1,50,54
1685991,2024-01-31,315,Krems,Männer,bis 19 Jahre,B9999,unbestimmt (nur Pst),2,0,19
1686167,2024-01-31,316,Lilienfeld,Männer,bis 19 Jahre,B9999,unbestimmt (nur Pst),1,0,19
1686232,2024-01-31,317,Melk,Frauen,bis 19 Jahre,B9999,unbestimmt (nur Pst),3,0,19
1686365,2024-01-31,317,Melk,Männer,bis 19 Jahre,B9999,unbestimmt (nur Pst),4,0,19
1686474,2024-01-31,319,Mistelbach,Frauen,bis 19 Jahre,B9999,unbestimmt (nur Pst),2,0,19
1686491,2024-01-31,319,Mistelbach,Frauen,20 bis 24 Jahre,B9999,unbestimmt (nur Pst),1,20,24
1686553,2024-01-31,319,Mistelbach,Frauen,40 bis 44 Jahre,B9999,unbestimmt (nur Pst),1,40,44
1686626,2024-01-31,319,Mistelbach,Männer,20 bis 24 Jahre,B9999,unbestimmt (nur Pst),1,20,24
1686687,2024-01-31,321,Mödling,Frauen,bis 19 Jahre,B9999,unbestimmt (nur Pst),6,0,19
1686706,2024-01-31,321,Mödling,Frauen,20 bis 24 Jahre,B9999,unbestimmt (nur Pst),2,20,24
1686868,2024-01-31,321,Mödling,Männer,bis 19 Jahre,B9999,unbestimmt (nur Pst),18,0,19
1687163,2024-01-31,323,Neunkirchen,Männer,bis 19 Jahre,B9999,unbestimmt (nur Pst),1,0,19
1687309,2024-01-31,326,St. Pölten,Frauen,bis 19 Jahre,B9999,unbestimmt (nur Pst),5,0,19
1687347,2024-01-31,326,St. Pölten,Frauen,20 bis 24 Jahre,B9999,unbestimmt (nur Pst),4,20,24
1687378,2024-01-31,326,St. Pölten,Frauen,25 bis 29 Jahre,B9999,unbestimmt (nur Pst),1,25,29
1687446,2024-01-31,326,St. Pölten,Frauen,35 bis 39 Jahre,B9999,unbestimmt (nur Pst),1,35,39
1687484,2024-01-31,326,St. Pölten,Frauen,40 bis 44 Jahre,B9999,unbestimmt (nur Pst),2,40,44
1687519,2024-01-31,326,St. Pölten,Frauen,45 bis 49 Jahre,B9999,unbestimmt (nur Pst),1,45,49
1687594,2024-01-31,326,St. Pölten,Männer,bis 19 Jahre,B9999,unbestimmt (nur Pst),8,0,19
1687644,2024-01-31,326,St. Pölten,Männer,20 bis 24 Jahre,B9999,unbestimmt (nur Pst),4,20,24
1687777,2024-01-31,326,St. Pölten,Männer,40 bis 44 Jahre,B9999,unbestimmt (nur Pst),1,40,44
1687817,2024-01-31,326,St. Pölten,Männer,50 bis 54 Jahre,B9999,unbestimmt (nur Pst),1,50,54
1687859,2024-01-31,328,Scheibbs,Frauen,bis 19 Jahre,B9999,unbestimmt (nur Pst),1,0,19
1687934,2024-01-31,328,Scheibbs,Männer,bis 19 Jahre,B9999,unbestimmt (nur Pst),2,0,19
1687947,2024-01-31,328,Scheibbs,Männer,20 bis 24 Jahre,B9999,unbestimmt (nur Pst),1,20,24
1687960,2024-01-31,328,Scheibbs,Männer,30 bis 34 Jahre,B9999,unbestimmt (nur Pst),1,30,34
1687993,2024-01-31,328,Scheibbs,Männer,60 bis 64 Jahre,B9999,unbestimmt (nur Pst),1,60,64
1688023,2024-01-31,329,Schwechat,Frauen,20 bis 24 Jahre,B9999,unbestimmt (nur Pst),1,20,24
1688128,2024-01-31,329,Schwechat,Männer,bis 19 Jahre,B9999,unbestimmt (nur Pst),3,0,19
1688222,2024-01-31,331,Tulln,Frauen,bis 19 Jahre,B9999,unbestimmt (nur Pst),2,0,19
1688248,2024-01-31,331,Tulln,Frauen,20 bis 24 Jahre,B9999,unbestimmt (nur Pst),4,20,24
1688271,2024-01-31,331,Tulln,Frauen,25 bis 29 Jahre,B9999,unbestimmt (nur Pst),1,25,29
1688350,2024-01-31,331,Tulln,Frauen,45 bis 49 Jahre,B9999,unbestimmt (nur Pst),1,45,49
1688387,2024-01-31,331,Tulln,Männer,bis 19 Jahre,B9999,unbestimmt (nur Pst),9,0,19
1688416,2024-01-31,331,Tulln,Männer,20 bis 24 Jahre,B9999,unbestimmt (nur Pst),1,20,24
1688448,2024-01-31,331,Tulln,Männer,30 bis 34 Jahre,B9999,unbestimmt (nur Pst),1,30,34
1688526,2024-01-31,332,Waidhofen/Thaya,Frauen,20 bis 24 Jahre,B9999,unbestimmt (nur Pst),1,20,24
1688573,2024-01-31,332,Waidhofen/Thaya,Männer,bis 19 Jahre,B9999,unbestimmt (nur Pst),2,0,19
1688588,2024-01-31,332,Waidhofen/Thaya,Männer,20 bis 24 Jahre,B9999,unbestimmt (nur Pst),1,20,24
1688622,2024-01-31,333,Waidhofen/Ybbs,Frauen,bis 19 Jahre,B9999,unbestimmt (nur Pst),1,0,19
1688667,2024-01-31,333,Waidhofen/Ybbs,Männer,bis 19 Jahre,B9999,unbestimmt (nur Pst),1,0,19
1688672,2024-01-31,333,Waidhofen/Ybbs,Männer,20 bis 24 Jahre,B9999,unbestimmt (nur Pst),1,20,24
1688717,2024-01-31,334,Wr. Neustadt,Frauen,bis 19 Jahre,B9999,unbestimmt (nur Pst),5,0,19
1688745,2024-01-31,334,Wr. Neustadt,Frauen,20 bis 24 Jahre,B9999,unbestimmt (nur Pst),1,20,24
1688803,2024-01-31,334,Wr. Neustadt,Frauen,30 bis 34 Jahre,B9999,unbestimmt (nur Pst),1,30,34
1688938,2024-01-31,334,Wr. Neustadt,Männer,bis 19 Jahre,B9999,unbestimmt (nur Pst),2,0,19
1689215,2024-01-31,335,Zwettl,Männer,bis 19 Jahre,B9999,unbestimmt (nur Pst),1,0,19
1689274,2024-01-31,401,Braunau,Frauen,bis 19 Jahre,B9999,unbestimmt (nur Pst),6,0,19
1689302,2024-01-31,401,Braunau,Frauen,20 bis 24 Jahre,B9999,unbestimmt (nur Pst),8,20,24
1689320,2024-01-31,401,Braunau,Frauen,25 bis 29 Jahre,B9999,unbestimmt (nur Pst),1,25,29
1689349,2024-01-31,401,Braunau,Frauen,30 bis 34 Jahre,B9999,unbestimmt (nur Pst),4,30,34
1689371,2024-01-31,401,Braunau,Frauen,35 bis 39 Jahre,B9999,unbestimmt (nur Pst),1,35,39
1689391,2024-01-31,401,Braunau,Frauen,40 bis 44 Jahre,B9999,unbestimmt (nur Pst),1,40,44
1689422,2024-01-31,401,Braunau,Frauen,50 bis 54 Jahre,B9999,unbestimmt (nur Pst),1,50,54
1689453,2024-01-31,401,Braunau,Männer,bis 19 Jahre,B9999,unbestimmt (nur Pst),19,0,19
1689483,2024-01-31,401,Braunau,Männer,20 bis 24 Jahre,B9999,unbestimmt (nur Pst),4,20,24
1689507,2024-01-31,401,Braunau,Männer,25 bis 29 Jahre,B9999,unbestimmt (nur Pst),1,25,29
1689531,2024-01-31,401,Braunau,Männer,30 bis 34 Jahre,B9999,unbestimmt (nur Pst),3,30,34
1689548,2024-01-31,401,Braunau,Männer,35 bis 39 Jahre,B9999,unbestimmt (nur Pst),2,35,39
1689559,2024-01-31,401,Braunau,Männer,40 bis 44 Jahre,B9999,unbestimmt (nur Pst),1,40,44
1689628,2024-01-31,402,Eferding,Frauen,20 bis 24 Jahre,B9999,unbestimmt (nur Pst),2,20,24
1689648,2024-01-31,402,Eferding,Frauen,30 bis 34 Jahre,B9999,unbestimmt (nur Pst),1,30,34
1689659,2024-01-31,402,Eferding,Frauen,35 bis 39 Jahre,B9999,unbestimmt (nur Pst),1,35,39
1689700,2024-01-31,402,Eferding,Männer,bis 19 Jahre,B9999,unbestimmt (nur Pst),1,0,19
1689778,2024-01-31,403,Freistadt,Frauen,20 bis 24 Jahre,B9999,unbestimmt (nur Pst),2,20,24
1689891,2024-01-31,403,Freistadt,Männer,bis 19 Jahre,B9999,unbestimmt (nur Pst),1,0,19
1689999,2024-01-31,404,Gmunden,Frauen,bis 19 Jahre,B9999,unbestimmt (nur Pst),6,0,19
1690047,2024-01-31,404,Gmunden,Frauen,25 bis 29 Jahre,B9999,unbestimmt (nur Pst),1,25,29
1690072,2024-01-31,404,Gmunden,Frauen,30 bis 34 Jahre,B9999,unbestimmt (nur Pst),1,30,34
1690180,2024-01-31,404,Gmunden,Männer,bis 19 Jahre,B9999,unbestimmt (nur Pst),4,0,19
1690339,2024-01-31,406,Grieskirchen,Frauen,bis 19 Jahre,B9999,unbestimmt (nur Pst),1,0,19
1690371,2024-01-31,406,Grieskirchen,Frauen,25 bis 29 Jahre,B9999,unbestimmt (nur Pst),1,25,29
1690383,2024-01-31,406,Grieskirchen,Frauen,30 bis 34 Jahre,B9999,unbestimmt (nur Pst),1,30,34
1690414,2024-01-31,406,Grieskirchen,Frauen,40 bis 44 Jahre,B9999,unbestimmt (nur Pst),1,40,44
1690453,2024-01-31,406,Grieskirchen,Männer,bis 19 Jahre,B9999,unbestimmt (nur Pst),1,0,19
1690504,2024-01-31,406,Grieskirchen,Männer,35 bis 39 Jahre,B9999,unbestimmt (nur Pst),1,35,39
1690550,2024-01-31,407,Kirchdorf/Krems,Frauen,bis 19 Jahre,B9999,unbestimmt (nur Pst),3,0,19
1690564,2024-01-31,407,Kirchdorf/Krems,Frauen,20 bis 24 Jahre,B9999,unbestimmt (nur Pst),1,20,24
1690576,2024-01-31,407,Kirchdorf/Krems,Frauen,25 bis 29 Jahre,B9999,unbestimmt (nur Pst),1,25,29
1690594,2024-01-31,407,Kirchdorf/Krems,Frauen,30 bis 34 Jahre,B9999,unbestimmt (nur Pst),1,30,34
1690660,2024-01-31,407,Kirchdorf/Krems,Männer,bis 19 Jahre,B9999,unbestimmt (nur Pst),2,0,19
1690779,2024-01-31,409,Linz neu,Frauen,bis 19 Jahre,B9999,unbestimmt (nur Pst),29,0,19
1690825,2024-01-31,409,Linz neu,Frauen,20 bis 24 Jahre,B9999,unbestimmt (nur Pst),17,20,24
1690874,2024-01-31,409,Linz neu,Frauen,25 bis 29 Jahre,B9999,unbestimmt (nur Pst),6,25,29
1690924,2024-01-31,409,Linz neu,Frauen,30 bis 34 Jahre,B9999,unbestimmt (nur Pst),4,30,34
1690973,2024-01-31,409,Linz neu,Frauen,35 bis 39 Jahre,B9999,unbestimmt (nur Pst),4,35,39
1691022,2024-01-31,409,Linz neu,Frauen,40 bis 44 Jahre,B9999,unbestimmt (nur Pst),1,40,44
1691066,2024-01-31,409,Linz neu,Frauen,45 bis 49 Jahre,B9999,unbestimmt (nur Pst),1,45,49
1691167,2024-01-31,409,Linz neu,Männer,bis 19 Jahre,B9999,unbestimmt (nur Pst),30,0,19
1691222,2024-01-31,409,Linz neu,Männer,20 bis 24 Jahre,B9999,unbestimmt (nur Pst),8,20,24
1691279,2024-01-31,409,Linz neu,Männer,25 bis 29 Jahre,B9999,unbestimmt (nur Pst),4,25,29
1691322,2024-01-31,409,Linz neu,Männer,30 bis 34 Jahre,B9999,unbestimmt (nur Pst),2,30,34
1691377,2024-01-31,409,Linz neu,Männer,35 bis 39 Jahre,B9999,unbestimmt (nur Pst),3,35,39
1691422,2024-01-31,409,Linz neu,Männer,40 bis 44 Jahre,B9999,unbestimmt (nur Pst),3,40,44
1691520,2024-01-31,409,Linz neu,Männer,60 bis 64 Jahre,B9999,unbestimmt (nur Pst),1,60,64
1691533,2024-01-31,411,Perg,Frauen,bis 19 Jahre,B9999,unbestimmt (nur Pst),2,0,19
1691669,2024-01-31,411,Perg,Männer,bis 19 Jahre,B9999,unbestimmt (nur Pst),2,0,19
1691695,2024-01-31,411,Perg,Männer,20 bis 24 Jahre,B9999,unbestimmt (nur Pst),1,20,24
1691779,2024-01-31,412,Ried im Innkreis,Frauen,bis 19 Jahre,B9999,unbestimmt (nur Pst),12,0,19
1691799,2024-01-31,412,Ried im Innkreis,Frauen,20 bis 24 Jahre,B9999,unbestimmt (nur Pst),2,20,24
1691812,2024-01-31,412,Ried im Innkreis,Frauen,25 bis 29 Jahre,B9999,unbestimmt (nur Pst),1,25,29
1691865,2024-01-31,412,Ried im Innkreis,Frauen,40 bis 44 Jahre,B9999,unbestimmt (nur Pst),1,40,44
1691876,2024-01-31,412,Ried im Innkreis,Frauen,45 bis 49 Jahre,B9999,unbestimmt (nur Pst),1,45,49
1691887,2024-01-31,412,Ried im Innkreis,Frauen,50 bis 54 Jahre,B9999,unbestimmt (nur Pst),1,50,54
1691917,2024-01-31,412,Ried im Innkreis,Männer,bis 19 Jahre,B9999,unbestimmt (nur Pst),9,0,19
1692017,2024-01-31,413,Rohrbach,Frauen,bis 19 Jahre,B9999,unbestimmt (nur Pst),3,0,19
1692103,2024-01-31,413,Rohrbach,Frauen,45 bis 49 Jahre,B9999,unbestimmt (nur Pst),1,45,49
1692164,2024-01-31,413,Rohrbach,Männer,35 bis 39 Jahre,B9999,unbestimmt (nur Pst),1,35,39
1692180,2024-01-31,413,Rohrbach,Männer,45 bis 49 Jahre,B9999,unbestimmt (nur Pst),1,45,49
1692202,2024-01-31,414,Schärding,Frauen,bis 19 Jahre,B9999,unbestimmt (nur Pst),2,0,19
1692218,2024-01-31,414,Schärding,Frauen,20 bis 24 Jahre,B9999,unbestimmt (nur Pst),1,20,24
1692333,2024-01-31,414,Schärding,Männer,30 bis 34 Jahre,B9999,unbestimmt (nur Pst),1,30,34
1692342,2024-01-31,414,Schärding,Männer,40 bis 44 Jahre,B9999,unbestimmt (nur Pst),1,40,44
1692378,2024-01-31,415,Steyr,Frauen,bis 19 Jahre,B9999,unbestimmt (nur Pst),5,0,19
1692415,2024-01-31,415,Steyr,Frauen,20 bis 24 Jahre,B9999,unbestimmt (nur Pst),1,20,24
1692492,2024-01-31,415,Steyr,Frauen,35 bis 39 Jahre,B9999,unbestimmt (nur Pst),1,35,39
1692541,2024-01-31,415,Steyr,Frauen,45 bis 49 Jahre,B9999,unbestimmt (nur Pst),1,45,49
1692597,2024-01-31,415,Steyr,Männer,bis 19 Jahre,B9999,unbestimmt (nur Pst),10,0,19
1692632,2024-01-31,415,Steyr,Männer,20 bis 24 Jahre,B9999,unbestimmt (nur Pst),5,20,24
1692663,2024-01-31,415,Steyr,Männer,25 bis 29 Jahre,B9999,unbestimmt (nur Pst),4,25,29
1692803,2024-01-31,418,Vöcklabruck,Frauen,bis 19 Jahre,B9999,unbestimmt (nur Pst),4,0,19
1692834,2024-01-31,418,Vöcklabruck,Frauen,20 bis 24 Jahre,B9999,unbestimmt (nur Pst),1,20,24
1692855,2024-01-31,418,Vöcklabruck,Frauen,25 bis 29 Jahre,B9999,unbestimmt (nur Pst),1,25,29
1692901,2024-01-31,418,Vöcklabruck,Frauen,35 bis 39 Jahre,B9999,unbestimmt (nur Pst),1,35,39
1692978,2024-01-31,418,Vöcklabruck,Frauen,55 bis 59 Jahre,B9999,unbestimmt (nur Pst),1,55,59
1693002,2024-01-31,418,Vöcklabruck,Männer,bis 19 Jahre,B9999,unbestimmt (nur Pst),2,0,19
1693037,2024-01-31,418,Vöcklabruck,Männer,20 bis 24 Jahre,B9999,unbestimmt (nur Pst),1,20,24
1693247,2024-01-31,419,Wels,Frauen,25 bis 29 Jahre,B9999,unbestimmt (nur Pst),1,25,29
1693305,2024-01-31,419,Wels,Frauen,35 bis 39 Jahre,B9999,unbestimmt (nur Pst),1,35,39
1693355,2024-01-31,419,Wels,Frauen,45 bis 49 Jahre,B9999,unbestimmt (nur Pst),1,45,49
1693505,2024-01-31,419,Wels,Männer,30 bis 34 Jahre,B9999,unbestimmt (nur Pst),1,30,34
1693653,2024-01-31,421,Traun,Frauen,20 bis 24 Jahre,B9999,unbestimmt (nur Pst),1,20,24
1693848,2024-01-31,421,Traun,Männer,bis 19 Jahre,B9999,unbestimmt (nur Pst),1,0,19
1693935,2024-01-31,421,Traun,Männer,30 bis 34 Jahre,B9999,unbestimmt (nur Pst),1,30,34
1695402,2024-01-31,601,Bruck/Mur,Frauen,bis 19 Jahre,B9999,unbestimmt (nur Pst),2,0,19
1695540,2024-01-31,601,Bruck/Mur,Männer,bis 19 Jahre,B9999,unbestimmt (nur Pst),1,0,19
1695697,2024-01-31,603,Deutschlandsberg,Frauen,20 bis 24 Jahre,B9999,unbestimmt (nur Pst),1,20,24
1695801,2024-01-31,603,Deutschlandsberg,Männer,bis 19 Jahre,B9999,unbestimmt (nur Pst),1,0,19
1695926,2024-01-31,604,Feldbach,Frauen,20 bis 24 Jahre,B9999,unbestimmt (nur Pst),1,20,24
1696190,2024-01-31,606,Gleisdorf,Frauen,20 bis 24 Jahre,B9999,unbestimmt (nur Pst),2,20,24
1696260,2024-01-31,606,Gleisdorf,Frauen,45 bis 49 Jahre,B9999,unbestimmt (nur Pst),1,45,49
1696287,2024-01-31,606,Gleisdorf,Männer,bis 19 Jahre,B9999,unbestimmt (nur Pst),1,0,19
1696547,2024-01-31,609,Hartberg,Männer,bis 19 Jahre,B9999,unbestimmt (nur Pst),1,0,19
1696810,2024-01-31,610,Judenburg,Frauen,45 bis 49 Jahre,B9999,unbestimmt (nur Pst),1,45,49
1696830,2024-01-31,610,Judenburg,Frauen,55 bis 59 Jahre,B9999,unbestimmt (nur Pst),1,55,59
1696953,2024-01-31,611,Murau,Frauen,bis 19 Jahre,B9999,unbestimmt (nur Pst),1,0,19
1696968,2024-01-31,611,Murau,Frauen,25 bis 29 Jahre,B9999,unbestimmt (nur Pst),1,25,29
1697005,2024-01-31,611,Murau,Männer,bis 19 Jahre,B9999,unbestimmt (nur Pst),1,0,19
1697018,2024-01-31,611,Murau,Männer,25 bis 29 Jahre,B9999,unbestimmt (nur Pst),1,25,29
1697085,2024-01-31,614,Leibnitz,Frauen,20 bis 24 Jahre,B9999,unbestimmt (nur Pst),1,20,24
1697104,2024-01-31,614,Leibnitz,Frauen,25 bis 29 Jahre,B9999,unbestimmt (nur Pst),1,25,29
1697530,2024-01-31,616,Leoben,Männer,bis 19 Jahre,B9999,unbestimmt (nur Pst),1,0,19
1697764,2024-01-31,618,Liezen,Männer,bis 19 Jahre,B9999,unbestimmt (nur Pst),2,0,19
1697863,2024-01-31,621,Mürzzuschlag,Frauen,bis 19 Jahre,B9999,unbestimmt (nur Pst),3,0,19
1697927,2024-01-31,621,Mürzzuschlag,Frauen,50 bis 54 Jahre,B9999,unbestimmt (nur Pst),1,50,54
1697946,2024-01-31,621,Mürzzuschlag,Männer,bis 19 Jahre,B9999,unbestimmt (nur Pst),2,0,19
1698008,2024-01-31,621,Mürzzuschlag,Männer,55 bis 59 Jahre,B9999,unbestimmt (nur Pst),1,55,59
1698029,2024-01-31,622,Voitsberg,Frauen,bis 19 Jahre,B9999,unbestimmt (nur Pst),1,0,19
1698044,2024-01-31,622,Voitsberg,Frauen,20 bis 24 Jahre,B9999,unbestimmt (nur Pst),1,20,24
1698070,2024-01-31,622,Voitsberg,Frauen,30 bis 34 Jahre,B9999,unbestimmt (nur Pst),1,30,34
1698135,2024-01-31,622,Voitsberg,Männer,bis 19 Jahre,B9999,unbestimmt (nur Pst),2,0,19
1698216,2024-01-31,623,Weiz,Frauen,bis 19 Jahre,B9999,unbestimmt (nur Pst),1,0,19
1698230,2024-01-31,623,Weiz,Frauen,20 bis 24 Jahre,B9999,unbestimmt (nur Pst),1,20,24
1698236,2024-01-31,623,Weiz,Frauen,25 bis 29 Jahre,B9999,unbestimmt (nur Pst),1,25,29
1698243,2024-01-31,623,Weiz,Frauen,30 bis 34 Jahre,B9999,unbestimmt (nur Pst),1,30,34
1698263,2024-01-31,623,Weiz,Frauen,40 bis 44 Jahre,B9999,unbestimmt (nur Pst),1,40,44
1698273,2024-01-31,623,Weiz,Frauen,45 bis 49 Jahre,B9999,unbestimmt (nur Pst),1,45,49
1698283,2024-01-31,623,Weiz,Frauen,55 bis 59 Jahre,B9999,unbestimmt (nur Pst),1,55,59
1698290,2024-01-31,623,Weiz,Männer,bis 19 Jahre,B9999,unbestimmt (nur Pst),1,0,19
1698335,2024-01-31,623,Weiz,Männer,40 bis 44 Jahre,B9999,unbestimmt (nur Pst),1,40,44
1698342,2024-01-31,623,Weiz,Männer,50 bis 54 Jahre,B9999,unbestimmt (nur Pst),1,50,54
1698395,2024-01-31,630,Graz-West und Umgebung,Frauen,bis 19 Jahre,B9999,unbestimmt (nur Pst),6,0,19
1698450,2024-01-31,630,Graz-West und Umgebung,Frauen,20 bis 24 Jahre,B9999,unbestimmt (nur Pst),4,20,24
1698508,2024-01-31,630,Graz-West und Umgebung,Frauen,25 bis 29 Jahre,B9999,unbestimmt (nur Pst),1,25,29
1698556,2024-01-31,630,Graz-West und Umgebung,Frauen,30 bis 34 Jahre,B9999,unbestimmt (nur Pst),1,30,34
1698698,2024-01-31,630,Graz-West und Umgebung,Frauen,45 bis 49 Jahre,B9999,unbestimmt (nur Pst),2,45,49
1698809,2024-01-31,630,Graz-West und Umgebung,Männer,bis 19 Jahre,B9999,unbestimmt (nur Pst),19,0,19
1698979,2024-01-31,630,Graz-West und Umgebung,Männer,30 bis 34 Jahre,B9999,unbestimmt (nur Pst),1,30,34
1699072,2024-01-31,630,Graz-West und Umgebung,Männer,40 bis 44 Jahre,B9999,unbestimmt (nur Pst),2,40,44
1699235,2024-01-31,631,Graz-Ost,Frauen,20 bis 24 Jahre,B9999,unbestimmt (nur Pst),1,20,24
1699361,2024-01-31,631,Graz-Ost,Frauen,35 bis 39 Jahre,B9999,unbestimmt (nur Pst),1,35,39
1699507,2024-01-31,631,Graz-Ost,Männer,bis 19 Jahre,B9999,unbestimmt (nur Pst),3,0,19
1699765,2024-01-31,701,Imst,Frauen,bis 19 Jahre,B9999,unbestimmt (nur Pst),1,0,19
1699939,2024-01-31,702,Innsbruck,Frauen,25 bis 29 Jahre,B9999,unbestimmt (nur Pst),2,25,29
1700080,2024-01-31,702,Innsbruck,Frauen,50 bis 54 Jahre,B9999,unbestimmt (nur Pst),1,50,54
1700119,2024-01-31,702,Innsbruck,Männer,bis 19 Jahre,B9999,unbestimmt (nur Pst),2,0,19
1700158,2024-01-31,702,Innsbruck,Männer,20 bis 24 Jahre,B9999,unbestimmt (nur Pst),1,20,24
1700190,2024-01-31,702,Innsbruck,Männer,25 bis 29 Jahre,B9999,unbestimmt (nur Pst),1,25,29
1700270,2024-01-31,702,Innsbruck,Männer,45 bis 49 Jahre,B9999,unbestimmt (nur Pst),1,45,49
1700342,2024-01-31,704,Kitzbühel,Frauen,30 bis 34 Jahre,B9999,unbestimmt (nur Pst),1,30,34
1700412,2024-01-31,705,Kufstein,Frauen,bis 19 Jahre,B9999,unbestimmt (nur Pst),2,0,19
1700437,2024-01-31,705,Kufstein,Frauen,20 bis 24 Jahre,B9999,unbestimmt (nur Pst),1,20,24
1700471,2024-01-31,705,Kufstein,Frauen,30 bis 34 Jahre,B9999,unbestimmt (nur Pst),1,30,34
1700490,2024-01-31,705,Kufstein,Frauen,35 bis 39 Jahre,B9999,unbestimmt (nur Pst),1,35,39
1700535,2024-01-31,705,Kufstein,Frauen,50 bis 54 Jahre,B9999,unbestimmt (nur Pst),1,50,54
1700563,2024-01-31,705,Kufstein,Männer,bis 19 Jahre,B9999,unbestimmt (nur Pst),1,0,19
1700592,2024-01-31,705,Kufstein,Männer,20 bis 24 Jahre,B9999,unbestimmt (nur Pst),1,20,24
1700645,2024-01-31,705,Kufstein,Männer,40 bis 44 Jahre,B9999,unbestimmt (nur Pst),1,40,44
1700678,2024-01-31,706,Landeck,Frauen,bis 19 Jahre,B9999,unbestimmt (nur Pst),1,0,19
1700690,2024-01-31,706,Landeck,Frauen,20 bis 24 Jahre,B9999,unbestimmt (nur Pst),1,20,24
1700914,2024-01-31,709,Schwaz,Frauen,bis 19 Jahre,B9999,unbestimmt (nur Pst),1,0,19
1700931,2024-01-31,709,Schwaz,Frauen,20 bis 24 Jahre,B9999,unbestimmt (nur Pst),1,20,24
1701016,2024-01-31,709,Schwaz,Männer,bis 19 Jahre,B9999,unbestimmt (nur Pst),2,0,19
1701075,2024-01-31,801,Bludenz,Frauen,bis 19 Jahre,B9999,unbestimmt (nur Pst),6,0,19
1701096,2024-01-31,801,Bludenz,Frauen,20 bis 24 Jahre,B9999,unbestimmt (nur Pst),2,20,24
1701152,2024-01-31,801,Bludenz,Frauen,40 bis 44 Jahre,B9999,unbestimmt (nur Pst),1,40,44
1701207,2024-01-31,801,Bludenz,Männer,20 bis 24 Jahre,B9999,unbestimmt (nur Pst),2,20,24
1701222,2024-01-31,801,Bludenz,Männer,25 bis 29 Jahre,B9999,unbestimmt (nur Pst),1,25,29
1701294,2024-01-31,802,Bregenz,Frauen,bis 19 Jahre,B9999,unbestimmt (nur Pst),3,0,19
1701321,2024-01-31,802,Bregenz,Frauen,20 bis 24 Jahre,B9999,unbestimmt (nur Pst),3,20,24
1701344,2024-01-31,802,Bregenz,Frauen,25 bis 29 Jahre,B9999,unbestimmt (nur Pst),1,25,29
1701475,2024-01-31,802,Bregenz,Männer,bis 19 Jahre,B9999,unbestimmt (nur Pst),2,0,19
1701520,2024-01-31,802,Bregenz,Männer,20 bis 24 Jahre,B9999,unbestimmt (nur Pst),2,20,24
1701597,2024-01-31,802,Bregenz,Männer,35 bis 39 Jahre,B9999,unbestimmt (nur Pst),1,35,39
1701653,2024-01-31,804,Dornbirn,Frauen,bis 19 Jahre,B9999,unbestimmt (nur Pst),1,0,19
1701683,2024-01-31,804,Dornbirn,Frauen,20 bis 24 Jahre,B9999,unbestimmt (nur Pst),4,20,24
1701709,2024-01-31,804,Dornbirn,Frauen,25 bis 29 Jahre,B9999,unbestimmt (nur Pst),1,25,29
1701801,2024-01-31,804,Dornbirn,Frauen,55 bis 59 Jahre,B9999,unbestimmt (nur Pst),1,55,59
1701831,2024-01-31,804,Dornbirn,Männer,bis 19 Jahre,B9999,unbestimmt (nur Pst),6,0,19
1701896,2024-01-31,804,Dornbirn,Männer,30 bis 34 Jahre,B9999,unbestimmt (nur Pst),1,30,34
1701915,2024-01-31,804,Dornbirn,Männer,35 bis 39 Jahre,B9999,unbestimmt (nur Pst),1,35,39
1701969,2024-01-31,805,Feldkirch,Frauen,bis 19 Jahre,B9999,unbestimmt (nur Pst),7,0,19
1702006,2024-01-31,805,Feldkirch,Frauen,20 bis 24 Jahre,B9999,unbestimmt (nur Pst),9,20,24
1702030,2024-01-31,805,Feldkirch,Frauen,25 bis 29 Jahre,B9999,unbestimmt (nur Pst),3,25,29
1702072,2024-01-31,805,Feldkirch,Frauen,35 bis 39 Jahre,B9999,unbestimmt (nur Pst),1,35,39
1702162,2024-01-31,805,Feldkirch,Männer,bis 19 Jahre,B9999,unbestimmt (nur Pst),18,0,19
1702204,2024-01-31,805,Feldkirch,Männer,20 bis 24 Jahre,B9999,unbestimmt (nur Pst),3,20,24
1702229,2024-01-31,805,Feldkirch,Männer,25 bis 29 Jahre,B9999,unbestimmt (nur Pst),1,25,29
1702249,2024-01-31,805,Feldkirch,Männer,30 bis 34 Jahre,B9999,unbestimmt (nur Pst),1,30,34
1702269,2024-01-31,805,Feldkirch,Männer,35 bis 39 Jahre,B9999,unbestimmt (nur Pst),1,35,39
1702608,2024-01-31,958,Wien Johnstraße,Männer,25 bis 29 Jahre,B9999,unbestimmt (nur Pst),1,25,29
1702817,2024-01-31,958,Wien Johnstraße,Männer,50 bis 54 Jahre,B9999,unbestimmt (nur Pst),1,50,54
1703888,2024-01-31,960,Wien Esteplatz,Männer,40 bis 44 Jahre,B9999,unbestimmt (nur Pst),1,40,44
1704037,2024-01-31,962,Wien Redergasse,Frauen,25 bis 29 Jahre,B9999,unbestimmt (nur Pst),1,25,29
1704416,2024-01-31,962,Wien Redergasse,Männer,30 bis 34 Jahre,B9999,unbestimmt (nur Pst),1,30,34
1704780,2024-01-31,963,Wien Währinger Gürtel,Frauen,35 bis 39 Jahre,B9999,unbestimmt (nur Pst),2,35,39
1704964,2024-01-31,963,Wien Währinger Gürtel,Männer,25 bis 29 Jahre,B9999,unbestimmt (nur Pst),1,25,29
1705127,2024-01-31,963,Wien Währinger Gürtel,Männer,45 bis 49 Jahre,B9999,unbestimmt (nur Pst),1,45,49
1705290,2024-01-31,964,Wien Favoritenstraße,Frauen,30 bis 34 Jahre,B9999,unbestimmt (nur Pst),1,30,34
1705523,2024-01-31,964,Wien Favoritenstraße,Frauen,60 bis 64 Jahre,B9999,unbestimmt (nur Pst),1,60,64
1705889,2024-01-31,964,Wien Favoritenstraße,Männer,40 bis 44 Jahre,B9999,unbestimmt (nur Pst),1,40,44
1707193,2024-01-31,966,Wien Hietzinger Kai,Frauen,55 bis 59 Jahre,B9999,unbestimmt (nur Pst),1,55,59
1707674,2024-01-31,967,Wien Huttengasse,Frauen,30 bis 34 Jahre,B9999,unbestimmt (nur Pst),1,30,34
1708113,2024-01-31,967,Wien Huttengasse,Männer,30 bis 34 Jahre,B9999,unbestimmt (nur Pst),1,30,34
1708564,2024-01-31,968,Wien Schloßhofer Straße,Frauen,30 bis 34 Jahre,B9999,unbestimmt (nur Pst),1,30,34
1708725,2024-01-31,968,Wien Schloßhofer Straße,Frauen,45 bis 49 Jahre,B9999,unbestimmt (nur Pst),1,45,49
1708758,2024-01-31,968,Wien Schloßhofer Straße,Frauen,50 bis 54 Jahre,B9999,unbestimmt (nur Pst),1,50,54
1708853,2024-01-31,968,Wien Schloßhofer Straße,Männer,25 bis 29 Jahre,B9999,unbestimmt (nur Pst),1,25,29
1709287,2024-01-31,969,Wien-Wagramer Straße,Frauen,30 bis 34 Jahre,B9999,unbestimmt (nur Pst),1,30,34
1709674,2024-01-31,969,Wien-Wagramer Straße,Männer,30 bis 34 Jahre,B9999,unbestimmt (nur Pst),1,30,34
1710040,2024-01-31,974,Wien Austria Campus,Frauen,30 bis 34 Jahre,B9999,unbestimmt (nur Pst),2,30,34
1711155,2024-01-31,976,Wien Jugendliche I,Frauen,bis 19 Jahre,B9999,unbestimmt (nur Pst),8,0,19
1711256,2024-01-31,976,Wien Jugendliche I,Frauen,20 bis 24 Jahre,B9999,unbestimmt (nur Pst),12,20,24
1711285,2024-01-31,976,Wien Jugendliche I,Frauen,25 bis 29 Jahre,B9999,unbestimmt (nur Pst),2,25,29
1711384,2024-01-31,976,Wien Jugendliche I,Männer,bis 19 Jahre,B9999,unbestimmt (nur Pst),21,0,19
1711550,2024-01-31,976,Wien Jugendliche I,Männer,20 bis 24 Jahre,B9999,unbestimmt (nur Pst),5,20,24
1712143,2024-02-29,101,Eisenstadt,Frauen,bis 19 Jahre,B9999,unbestimmt (nur Pst),1,0,19
1712310,2024-02-29,102,Mattersburg,Frauen,bis 19 Jahre,B9999,unbestimmt (nur Pst),7,0,19
1712322,2024-02-29,102,Mattersburg,Frauen,20 bis 24 Jahre,B9999,unbestimmt (nur Pst),1,20,24
1712358,2024-02-29,102,Mattersburg,Frauen,45 bis 49 Jahre,B9999,unbestimmt (nur Pst),1,45,49
1712380,2024-02-29,102,Mattersburg,Männer,bis 19 Jahre,B9999,unbestimmt (nur Pst),4,0,19
1712517,2024-02-29,103,Neusiedl am See,Männer,bis 19 Jahre,B9999,unbestimmt (nur Pst),1,0,19
1712560,2024-02-29,103,Neusiedl am See,Männer,50 bis 54 Jahre,B9999,unbestimmt (nur Pst),1,50,54
1712676,2024-02-29,104,Oberpullendorf,Männer,bis 19 Jahre,B9999,unbestimmt (nur Pst),1,0,19
1712757,2024-02-29,105,Oberwart,Frauen,bis 19 Jahre,B9999,unbestimmt (nur Pst),2,0,19
1712941,2024-02-29,105,Oberwart,Männer,20 bis 24 Jahre,B9999,unbestimmt (nur Pst),1,20,24
1712953,2024-02-29,105,Oberwart,Männer,25 bis 29 Jahre,B9999,unbestimmt (nur Pst),1,25,29
1713025,2024-02-29,106,Stegersbach,Frauen,20 bis 24 Jahre,B9999,unbestimmt (nur Pst),1,20,24
1713098,2024-02-29,106,Stegersbach,Männer,bis 19 Jahre,B9999,unbestimmt (nur Pst),1,0,19
1713124,2024-02-29,106,Stegersbach,Männer,30 bis 34 Jahre,B9999,unbestimmt (nur Pst),1,30,34
1713131,2024-02-29,106,Stegersbach,Männer,35 bis 39 Jahre,B9999,unbestimmt (nur Pst),1,35,39
1713186,2024-02-29,107,Jennersdorf,Frauen,40 bis 44 Jahre,B9999,unbestimmt (nur Pst),1,40,44
1713228,2024-02-29,107,Jennersdorf,Männer,35 bis 39 Jahre,B9999,unbestimmt (nur Pst),1,35,39
1713351,2024-02-29,202,Hermagor,Frauen,bis 19 Jahre,B9999,unbestimmt (nur Pst),1,0,19
1713498,2024-02-29,203,Klagenfurt,Frauen,30 bis 34 Jahre,B9999,unbestimmt (nur Pst),2,30,34
1713537,2024-02-29,203,Klagenfurt,Frauen,35 bis 39 Jahre,B9999,unbestimmt (nur Pst),1,35,39
1713661,2024-02-29,203,Klagenfurt,Männer,bis 19 Jahre,B9999,unbestimmt (nur Pst),2,0,19
1713866,2024-02-29,203,Klagenfurt,Männer,60 bis 64 Jahre,B9999,unbestimmt (nur Pst),1,60,64
1713880,2024-02-29,204,Spittal/Drau,Frauen,bis 19 Jahre,B9999,unbestimmt (nur Pst),2,0,19
1713932,2024-02-29,204,Spittal/Drau,Frauen,30 bis 34 Jahre,B9999,unbestimmt (nur Pst),1,30,34
1714002,2024-02-29,204,Spittal/Drau,Männer,bis 19 Jahre,B9999,unbestimmt (nur Pst),2,0,19
1714079,2024-02-29,205,St. Veit/Glan,Frauen,bis 19 Jahre,B9999,unbestimmt (nur Pst),1,0,19
1714269,2024-02-29,206,Villach,Frauen,bis 19 Jahre,B9999,unbestimmt (nur Pst),1,0,19
1714647,2024-02-29,207,Völkermarkt,Frauen,bis 19 Jahre,B9999,unbestimmt (nur Pst),2,0,19
1714677,2024-02-29,207,Völkermarkt,Frauen,30 bis 34 Jahre,B9999,unbestimmt (nur Pst),1,30,34
1714712,2024-02-29,207,Völkermarkt,Frauen,45 bis 49 Jahre,B9999,unbestimmt (nur Pst),1,45,49
1714754,2024-02-29,207,Völkermarkt,Männer,20 bis 24 Jahre,B9999,unbestimmt (nur Pst),1,20,24
1715015,2024-02-29,301,Amstetten,Frauen,bis 19 Jahre,B9999,unbestimmt (nur Pst),4,0,19
1715044,2024-02-29,301,Amstetten,Frauen,20 bis 24 Jahre,B9999,unbestimmt (nur Pst),2,20,24
1715069,2024-02-29,301,Amstetten,Frauen,25 bis 29 Jahre,B9999,unbestimmt (nur Pst),1,25,29
1715090,2024-02-29,301,Amstetten,Frauen,30 bis 34 Jahre,B9999,unbestimmt (nur Pst),2,30,34
1715113,2024-02-29,301,Amstetten,Frauen,35 bis 39 Jahre,B9999,unbestimmt (nur Pst),1,35,39
1715196,2024-02-29,301,Amstetten,Männer,bis 19 Jahre,B9999,unbestimmt (nur Pst),11,0,19
1715220,2024-02-29,301,Amstetten,Männer,20 bis 24 Jahre,B9999,unbestimmt (nur Pst),2,20,24
1715240,2024-02-29,301,Amstetten,Männer,25 bis 29 Jahre,B9999,unbestimmt (nur Pst),2,25,29
1715336,2024-02-29,304,Baden neu,Frauen,bis 19 Jahre,B9999,unbestimmt (nur Pst),3,0,19
1715367,2024-02-29,304,Baden neu,Frauen,20 bis 24 Jahre,B9999,unbestimmt (nur Pst),1,20,24
1715443,2024-02-29,304,Baden neu,Frauen,35 bis 39 Jahre,B9999,unbestimmt (nur Pst),1,35,39
1715555,2024-02-29,304,Baden neu,Männer,bis 19 Jahre,B9999,unbestimmt (nur Pst),1,0,19
1715740,2024-02-29,306,Bruck/Leitha,Frauen,bis 19 Jahre,B9999,unbestimmt (nur Pst),2,0,19
1715771,2024-02-29,306,Bruck/Leitha,Frauen,30 bis 34 Jahre,B9999,unbestimmt (nur Pst),1,30,34
1715845,2024-02-29,306,Bruck/Leitha,Männer,bis 19 Jahre,B9999,unbestimmt (nur Pst),2,0,19
1715942,2024-02-29,308,Gänserndorf,Frauen,bis 19 Jahre,B9999,unbestimmt (nur Pst),1,0,19
1715985,2024-02-29,308,Gänserndorf,Frauen,25 bis 29 Jahre,B9999,unbestimmt (nur Pst),2,25,29
1716132,2024-02-29,308,Gänserndorf,Männer,bis 19 Jahre,B9999,unbestimmt (nur Pst),5,0,19
1716182,2024-02-29,308,Gänserndorf,Männer,20 bis 24 Jahre,B9999,unbestimmt (nur Pst),1,20,24
1716534,2024-02-29,312,Hollabrunn,Frauen,45 bis 49 Jahre,B9999,unbestimmt (nur Pst),1,45,49
1716772,2024-02-29,314,Korneuburg,Frauen,20 bis 24 Jahre,B9999,unbestimmt (nur Pst),1,20,24
1716839,2024-02-29,314,Korneuburg,Frauen,35 bis 39 Jahre,B9999,unbestimmt (nur Pst),1,35,39
1716928,2024-02-29,314,Korneuburg,Männer,bis 19 Jahre,B9999,unbestimmt (nur Pst),1,0,19
1717067,2024-02-29,315,Krems,Frauen,bis 19 Jahre,B9999,unbestimmt (nur Pst),1,0,19
1717118,2024-02-29,315,Krems,Frauen,25 bis 29 Jahre,B9999,unbestimmt (nur Pst),2,25,29
1717156,2024-02-29,315,Krems,Frauen,35 bis 39 Jahre,B9999,unbestimmt (nur Pst),1,35,39
1717171,2024-02-29,315,Krems,Frauen,40 bis 44 Jahre,B9999,unbestimmt (nur Pst),1,40,44
1717187,2024-02-29,315,Krems,Frauen,45 bis 49 Jahre,B9999,unbestimmt (nur Pst),2,45,49
1717198,2024-02-29,315,Krems,Frauen,50 bis 54 Jahre,B9999,unbestimmt (nur Pst),1,50,54
1717230,2024-02-29,315,Krems,Männer,bis 19 Jahre,B9999,unbestimmt (nur Pst),2,0,19
1717371,2024-02-29,316,Lilienfeld,Frauen,30 bis 34 Jahre,B9999,unbestimmt (nur Pst),1,30,34
1717423,2024-02-29,316,Lilienfeld,Männer,bis 19 Jahre,B9999,unbestimmt (nur Pst),1,0,19
1717488,2024-02-29,317,Melk,Frauen,bis 19 Jahre,B9999,unbestimmt (nur Pst),3,0,19
1717630,2024-02-29,317,Melk,Männer,bis 19 Jahre,B9999,unbestimmt (nur Pst),3,0,19
1717745,2024-02-29,319,Mistelbach,Frauen,bis 19 Jahre,B9999,unbestimmt (nur Pst),1,0,19
1717762,2024-02-29,319,Mistelbach,Frauen,20 bis 24 Jahre,B9999,unbestimmt (nur Pst),1,20,24
1717787,2024-02-29,319,Mistelbach,Frauen,30 bis 34 Jahre,B9999,unbestimmt (nur Pst),1,30,34
1717825,2024-02-29,319,Mistelbach,Frauen,40 bis 44 Jahre,B9999,unbestimmt (nur Pst),1,40,44
1717898,2024-02-29,319,Mistelbach,Männer,20 bis 24 Jahre,B9999,unbestimmt (nur Pst),1,20,24
1717963,2024-02-29,321,Mödling,Frauen,bis 19 Jahre,B9999,unbestimmt (nur Pst),5,0,19
1717986,2024-02-29,321,Mödling,Frauen,20 bis 24 Jahre,B9999,unbestimmt (nur Pst),2,20,24
1718144,2024-02-29,321,Mödling,Männer,bis 19 Jahre,B9999,unbestimmt (nur Pst),19,0,19
1718315,2024-02-29,323,Neunkirchen,Frauen,20 bis 24 Jahre,B9999,unbestimmt (nur Pst),1,20,24
1718373,2024-02-29,323,Neunkirchen,Frauen,35 bis 39 Jahre,B9999,unbestimmt (nur Pst),1,35,39
1718611,2024-02-29,326,St. Pölten,Frauen,bis 19 Jahre,B9999,unbestimmt (nur Pst),7,0,19
1718650,2024-02-29,326,St. Pölten,Frauen,20 bis 24 Jahre,B9999,unbestimmt (nur Pst),6,20,24
1718900,2024-02-29,326,St. Pölten,Männer,bis 19 Jahre,B9999,unbestimmt (nur Pst),9,0,19
1718951,2024-02-29,326,St. Pölten,Männer,20 bis 24 Jahre,B9999,unbestimmt (nur Pst),5,20,24
1719015,2024-02-29,326,St. Pölten,Männer,30 bis 34 Jahre,B9999,unbestimmt (nur Pst),1,30,34
1719083,2024-02-29,326,St. Pölten,Männer,40 bis 44 Jahre,B9999,unbestimmt (nur Pst),1,40,44
1719127,2024-02-29,326,St. Pölten,Männer,50 bis 54 Jahre,B9999,unbestimmt (nur Pst),1,50,54
1719169,2024-02-29,328,Scheibbs,Frauen,bis 19 Jahre,B9999,unbestimmt (nur Pst),1,0,19
1719258,2024-02-29,328,Scheibbs,Männer,bis 19 Jahre,B9999,unbestimmt (nur Pst),2,0,19
1719271,2024-02-29,328,Scheibbs,Männer,20 bis 24 Jahre,B9999,unbestimmt (nur Pst),1,20,24
1719316,2024-02-29,328,Scheibbs,Männer,60 bis 64 Jahre,B9999,unbestimmt (nur Pst),1,60,64
1719345,2024-02-29,329,Schwechat,Frauen,20 bis 24 Jahre,B9999,unbestimmt (nur Pst),1,20,24
1719458,2024-02-29,329,Schwechat,Männer,bis 19 Jahre,B9999,unbestimmt (nur Pst),3,0,19
1719561,2024-02-29,331,Tulln,Frauen,bis 19 Jahre,B9999,unbestimmt (nur Pst),2,0,19
1719587,2024-02-29,331,Tulln,Frauen,20 bis 24 Jahre,B9999,unbestimmt (nur Pst),2,20,24
1719613,2024-02-29,331,Tulln,Frauen,25 bis 29 Jahre,B9999,unbestimmt (nur Pst),2,25,29
1719680,2024-02-29,331,Tulln,Frauen,40 bis 44 Jahre,B9999,unbestimmt (nur Pst),1,40,44
1719741,2024-02-29,331,Tulln,Männer,bis 19 Jahre,B9999,unbestimmt (nur Pst),9,0,19
1719770,2024-02-29,331,Tulln,Männer,20 bis 24 Jahre,B9999,unbestimmt (nur Pst),1,20,24
1719806,2024-02-29,331,Tulln,Männer,30 bis 34 Jahre,B9999,unbestimmt (nur Pst),1,30,34
1719887,2024-02-29,332,Waidhofen/Thaya,Frauen,20 bis 24 Jahre,B9999,unbestimmt (nur Pst),1,20,24
1719935,2024-02-29,332,Waidhofen/Thaya,Männer,bis 19 Jahre,B9999,unbestimmt (nur Pst),1,0,19
1719951,2024-02-29,332,Waidhofen/Thaya,Männer,20 bis 24 Jahre,B9999,unbestimmt (nur Pst),1,20,24
1719992,2024-02-29,333,Waidhofen/Ybbs,Frauen,bis 19 Jahre,B9999,unbestimmt (nur Pst),1,0,19
1720016,2024-02-29,333,Waidhofen/Ybbs,Frauen,35 bis 39 Jahre,B9999,unbestimmt (nur Pst),1,35,39
1720037,2024-02-29,333,Waidhofen/Ybbs,Männer,bis 19 Jahre,B9999,unbestimmt (nur Pst),1,0,19
1720042,2024-02-29,333,Waidhofen/Ybbs,Männer,20 bis 24 Jahre,B9999,unbestimmt (nur Pst),1,20,24
1720098,2024-02-29,334,Wr. Neustadt,Frauen,bis 19 Jahre,B9999,unbestimmt (nur Pst),6,0,19
1720127,2024-02-29,334,Wr. Neustadt,Frauen,20 bis 24 Jahre,B9999,unbestimmt (nur Pst),2,20,24
1720315,2024-02-29,334,Wr. Neustadt,Männer,bis 19 Jahre,B9999,unbestimmt (nur Pst),5,0,19
1720590,2024-02-29,335,Zwettl,Männer,bis 19 Jahre,B9999,unbestimmt (nur Pst),1,0,19
1720650,2024-02-29,401,Braunau,Frauen,bis 19 Jahre,B9999,unbestimmt (nur Pst),6,0,19
1720680,2024-02-29,401,Braunau,Frauen,20 bis 24 Jahre,B9999,unbestimmt (nur Pst),8,20,24
1720729,2024-02-29,401,Braunau,Frauen,30 bis 34 Jahre,B9999,unbestimmt (nur Pst),1,30,34
1720802,2024-02-29,401,Braunau,Frauen,50 bis 54 Jahre,B9999,unbestimmt (nur Pst),1,50,54
1720842,2024-02-29,401,Braunau,Männer,bis 19 Jahre,B9999,unbestimmt (nur Pst),20,0,19
1720873,2024-02-29,401,Braunau,Männer,20 bis 24 Jahre,B9999,unbestimmt (nur Pst),4,20,24
1720901,2024-02-29,401,Braunau,Männer,25 bis 29 Jahre,B9999,unbestimmt (nur Pst),1,25,29
1720926,2024-02-29,401,Braunau,Männer,30 bis 34 Jahre,B9999,unbestimmt (nur Pst),3,30,34
1720944,2024-02-29,401,Braunau,Männer,35 bis 39 Jahre,B9999,unbestimmt (nur Pst),2,35,39
1720955,2024-02-29,401,Braunau,Männer,40 bis 44 Jahre,B9999,unbestimmt (nur Pst),1,40,44
1721024,2024-02-29,402,Eferding,Frauen,20 bis 24 Jahre,B9999,unbestimmt (nur Pst),2,20,24
1721043,2024-02-29,402,Eferding,Frauen,30 bis 34 Jahre,B9999,unbestimmt (nur Pst),1,30,34
1721053,2024-02-29,402,Eferding,Frauen,35 bis 39 Jahre,B9999,unbestimmt (nur Pst),1,35,39
1721174,2024-02-29,403,Freistadt,Frauen,20 bis 24 Jahre,B9999,unbestimmt (nur Pst),2,20,24
1721289,2024-02-29,403,Freistadt,Männer,bis 19 Jahre,B9999,unbestimmt (nur Pst),1,0,19
1721408,2024-02-29,404,Gmunden,Frauen,bis 19 Jahre,B9999,unbestimmt (nur Pst),3,0,19
1721459,2024-02-29,404,Gmunden,Frauen,25 bis 29 Jahre,B9999,unbestimmt (nur Pst),1,25,29
1721481,2024-02-29,404,Gmunden,Frauen,30 bis 34 Jahre,B9999,unbestimmt (nur Pst),1,30,34
1721587,2024-02-29,404,Gmunden,Männer,bis 19 Jahre,B9999,unbestimmt (nur Pst),4,0,19
1721737,2024-02-29,406,Grieskirchen,Frauen,bis 19 Jahre,B9999,unbestimmt (nur Pst),2,0,19
1721778,2024-02-29,406,Grieskirchen,Frauen,25 bis 29 Jahre,B9999,unbestimmt (nur Pst),1,25,29
1721791,2024-02-29,406,Grieskirchen,Frauen,30 bis 34 Jahre,B9999,unbestimmt (nur Pst),1,30,34
1721823,2024-02-29,406,Grieskirchen,Frauen,40 bis 44 Jahre,B9999,unbestimmt (nur Pst),1,40,44
1721834,2024-02-29,406,Grieskirchen,Frauen,45 bis 49 Jahre,B9999,unbestimmt (nur Pst),1,45,49
1721868,2024-02-29,406,Grieskirchen,Männer,bis 19 Jahre,B9999,unbestimmt (nur Pst),2,0,19
1721919,2024-02-29,406,Grieskirchen,Männer,35 bis 39 Jahre,B9999,unbestimmt (nur Pst),1,35,39
1721963,2024-02-29,407,Kirchdorf/Krems,Frauen,bis 19 Jahre,B9999,unbestimmt (nur Pst),2,0,19
1721978,2024-02-29,407,Kirchdorf/Krems,Frauen,20 bis 24 Jahre,B9999,unbestimmt (nur Pst),1,20,24
1722006,2024-02-29,407,Kirchdorf/Krems,Frauen,30 bis 34 Jahre,B9999,unbestimmt (nur Pst),1,30,34
1722070,2024-02-29,407,Kirchdorf/Krems,Männer,bis 19 Jahre,B9999,unbestimmt (nur Pst),2,0,19
1722189,2024-02-29,409,Linz neu,Frauen,bis 19 Jahre,B9999,unbestimmt (nur Pst),24,0,19
1722240,2024-02-29,409,Linz neu,Frauen,20 bis 24 Jahre,B9999,unbestimmt (nur Pst),17,20,24
1722290,2024-02-29,409,Linz neu,Frauen,25 bis 29 Jahre,B9999,unbestimmt (nur Pst),6,25,29
1722339,2024-02-29,409,Linz neu,Frauen,30 bis 34 Jahre,B9999,unbestimmt (nur Pst),4,30,34
1722387,2024-02-29,409,Linz neu,Frauen,35 bis 39 Jahre,B9999,unbestimmt (nur Pst),3,35,39
1722477,2024-02-29,409,Linz neu,Frauen,45 bis 49 Jahre,B9999,unbestimmt (nur Pst),2,45,49
1722510,2024-02-29,409,Linz neu,Frauen,50 bis 54 Jahre,B9999,unbestimmt (nur Pst),1,50,54
1722584,2024-02-29,409,Linz neu,Männer,bis 19 Jahre,B9999,unbestimmt (nur Pst),28,0,19
1722654,2024-02-29,409,Linz neu,Männer,20 bis 24 Jahre,B9999,unbestimmt (nur Pst),8,20,24
1722715,2024-02-29,409,Linz neu,Männer,25 bis 29 Jahre,B9999,unbestimmt (nur Pst),4,25,29
1722761,2024-02-29,409,Linz neu,Männer,30 bis 34 Jahre,B9999,unbestimmt (nur Pst),2,30,34
1722807,2024-02-29,409,Linz neu,Männer,35 bis 39 Jahre,B9999,unbestimmt (nur Pst),3,35,39
1722851,2024-02-29,409,Linz neu,Männer,40 bis 44 Jahre,B9999,unbestimmt (nur Pst),3,40,44
1722952,2024-02-29,409,Linz neu,Männer,60 bis 64 Jahre,B9999,unbestimmt (nur Pst),1,60,64
1722965,2024-02-29,411,Perg,Frauen,bis 19 Jahre,B9999,unbestimmt (nur Pst),2,0,19
1723141,2024-02-29,411,Perg,Männer,20 bis 24 Jahre,B9999,unbestimmt (nur Pst),1,20,24
1723223,2024-02-29,412,Ried im Innkreis,Frauen,bis 19 Jahre,B9999,unbestimmt (nur Pst),8,0,19
1723246,2024-02-29,412,Ried im Innkreis,Frauen,20 bis 24 Jahre,B9999,unbestimmt (nur Pst),2,20,24
1723257,2024-02-29,412,Ried im Innkreis,Frauen,25 bis 29 Jahre,B9999,unbestimmt (nur Pst),1,25,29
1723308,2024-02-29,412,Ried im Innkreis,Frauen,40 bis 44 Jahre,B9999,unbestimmt (nur Pst),1,40,44
1723319,2024-02-29,412,Ried im Innkreis,Frauen,45 bis 49 Jahre,B9999,unbestimmt (nur Pst),1,45,49
1723328,2024-02-29,412,Ried im Innkreis,Frauen,50 bis 54 Jahre,B9999,unbestimmt (nur Pst),1,50,54
1723355,2024-02-29,412,Ried im Innkreis,Männer,bis 19 Jahre,B9999,unbestimmt (nur Pst),12,0,19
1723393,2024-02-29,412,Ried im Innkreis,Männer,25 bis 29 Jahre,B9999,unbestimmt (nur Pst),1,25,29
1723405,2024-02-29,412,Ried im Innkreis,Männer,30 bis 34 Jahre,B9999,unbestimmt (nur Pst),1,30,34
1723426,2024-02-29,412,Ried im Innkreis,Männer,40 bis 44 Jahre,B9999,unbestimmt (nur Pst),1,40,44
1723460,2024-02-29,413,Rohrbach,Frauen,bis 19 Jahre,B9999,unbestimmt (nur Pst),3,0,19
1723549,2024-02-29,413,Rohrbach,Frauen,45 bis 49 Jahre,B9999,unbestimmt (nur Pst),1,45,49
1723578,2024-02-29,413,Rohrbach,Männer,bis 19 Jahre,B9999,unbestimmt (nur Pst),1,0,19
1723594,2024-02-29,413,Rohrbach,Männer,20 bis 24 Jahre,B9999,unbestimmt (nur Pst),1,20,24
1723630,2024-02-29,413,Rohrbach,Männer,45 bis 49 Jahre,B9999,unbestimmt (nur Pst),1,45,49
1723654,2024-02-29,414,Schärding,Frauen,bis 19 Jahre,B9999,unbestimmt (nur Pst),2,0,19
1723672,2024-02-29,414,Schärding,Frauen,20 bis 24 Jahre,B9999,unbestimmt (nur Pst),1,20,24
1723794,2024-02-29,414,Schärding,Männer,30 bis 34 Jahre,B9999,unbestimmt (nur Pst),1,30,34
1723804,2024-02-29,414,Schärding,Männer,40 bis 44 Jahre,B9999,unbestimmt (nur Pst),1,40,44
1723844,2024-02-29,415,Steyr,Frauen,bis 19 Jahre,B9999,unbestimmt (nur Pst),5,0,19
1723882,2024-02-29,415,Steyr,Frauen,20 bis 24 Jahre,B9999,unbestimmt (nur Pst),1,20,24
1723956,2024-02-29,415,Steyr,Frauen,35 bis 39 Jahre,B9999,unbestimmt (nur Pst),1,35,39
1724001,2024-02-29,415,Steyr,Frauen,45 bis 49 Jahre,B9999,unbestimmt (nur Pst),1,45,49
1724063,2024-02-29,415,Steyr,Männer,bis 19 Jahre,B9999,unbestimmt (nur Pst),11,0,19
1724105,2024-02-29,415,Steyr,Männer,20 bis 24 Jahre,B9999,unbestimmt (nur Pst),5,20,24
1724138,2024-02-29,415,Steyr,Männer,25 bis 29 Jahre,B9999,unbestimmt (nur Pst),4,25,29
1724285,2024-02-29,418,Vöcklabruck,Frauen,bis 19 Jahre,B9999,unbestimmt (nur Pst),5,0,19
1724317,2024-02-29,418,Vöcklabruck,Frauen,20 bis 24 Jahre,B9999,unbestimmt (nur Pst),1,20,24
1724338,2024-02-29,418,Vöcklabruck,Frauen,25 bis 29 Jahre,B9999,unbestimmt (nur Pst),1,25,29
1724383,2024-02-29,418,Vöcklabruck,Frauen,35 bis 39 Jahre,B9999,unbestimmt (nur Pst),1,35,39
1724455,2024-02-29,418,Vöcklabruck,Frauen,55 bis 59 Jahre,B9999,unbestimmt (nur Pst),1,55,59
1724482,2024-02-29,418,Vöcklabruck,Männer,bis 19 Jahre,B9999,unbestimmt (nur Pst),1,0,19
1724527,2024-02-29,418,Vöcklabruck,Männer,20 bis 24 Jahre,B9999,unbestimmt (nur Pst),1,20,24
1724678,2024-02-29,419,Wels,Frauen,bis 19 Jahre,B9999,unbestimmt (nur Pst),1,0,19
1724750,2024-02-29,419,Wels,Frauen,25 bis 29 Jahre,B9999,unbestimmt (nur Pst),1,25,29
1724775,2024-02-29,419,Wels,Frauen,30 bis 34 Jahre,B9999,unbestimmt (nur Pst),1,30,34
1724813,2024-02-29,419,Wels,Frauen,35 bis 39 Jahre,B9999,unbestimmt (nur Pst),1,35,39
1724862,2024-02-29,419,Wels,Frauen,45 bis 49 Jahre,B9999,unbestimmt (nur Pst),1,45,49
1725021,2024-02-29,419,Wels,Männer,30 bis 34 Jahre,B9999,unbestimmt (nur Pst),1,30,34
1725146,2024-02-29,421,Traun,Frauen,bis 19 Jahre,B9999,unbestimmt (nur Pst),2,0,19
1725181,2024-02-29,421,Traun,Frauen,20 bis 24 Jahre,B9999,unbestimmt (nur Pst),1,20,24
1725379,2024-02-29,421,Traun,Männer,bis 19 Jahre,B9999,unbestimmt (nur Pst),1,0,19
1725479,2024-02-29,421,Traun,Männer,30 bis 34 Jahre,B9999,unbestimmt (nur Pst),1,30,34
1726983,2024-02-29,601,Bruck/Mur,Frauen,bis 19 Jahre,B9999,unbestimmt (nur Pst),2,0,19
1727125,2024-02-29,601,Bruck/Mur,Männer,bis 19 Jahre,B9999,unbestimmt (nur Pst),1,0,19
1727269,2024-02-29,603,Deutschlandsberg,Frauen,20 bis 24 Jahre,B9999,unbestimmt (nur Pst),1,20,24
1727373,2024-02-29,603,Deutschlandsberg,Männer,bis 19 Jahre,B9999,unbestimmt (nur Pst),1,0,19
1727506,2024-02-29,604,Feldbach,Frauen,20 bis 24 Jahre,B9999,unbestimmt (nur Pst),1,20,24
1727773,2024-02-29,606,Gleisdorf,Frauen,20 bis 24 Jahre,B9999,unbestimmt (nur Pst),2,20,24
1727835,2024-02-29,606,Gleisdorf,Frauen,45 bis 49 Jahre,B9999,unbestimmt (nur Pst),1,45,49
1727861,2024-02-29,606,Gleisdorf,Männer,bis 19 Jahre,B9999,unbestimmt (nur Pst),3,0,19
1728132,2024-02-29,609,Hartberg,Männer,bis 19 Jahre,B9999,unbestimmt (nur Pst),2,0,19
1728377,2024-02-29,610,Judenburg,Frauen,40 bis 44 Jahre,B9999,unbestimmt (nur Pst),1,40,44
1728391,2024-02-29,610,Judenburg,Frauen,45 bis 49 Jahre,B9999,unbestimmt (nur Pst),1,45,49
1728412,2024-02-29,610,Judenburg,Frauen,55 bis 59 Jahre,B9999,unbestimmt (nur Pst),1,55,59
1728536,2024-02-29,611,Murau,Frauen,bis 19 Jahre,B9999,unbestimmt (nur Pst),1,0,19
1728551,2024-02-29,611,Murau,Frauen,25 bis 29 Jahre,B9999,unbestimmt (nur Pst),1,25,29
1728592,2024-02-29,611,Murau,Männer,bis 19 Jahre,B9999,unbestimmt (nur Pst),1,0,19
1728606,2024-02-29,611,Murau,Männer,25 bis 29 Jahre,B9999,unbestimmt (nur Pst),1,25,29
1728673,2024-02-29,614,Leibnitz,Frauen,20 bis 24 Jahre,B9999,unbestimmt (nur Pst),1,20,24
1728692,2024-02-29,614,Leibnitz,Frauen,25 bis 29 Jahre,B9999,unbestimmt (nur Pst),1,25,29
1729386,2024-02-29,618,Liezen,Männer,bis 19 Jahre,B9999,unbestimmt (nur Pst),2,0,19
1729490,2024-02-29,621,Mürzzuschlag,Frauen,bis 19 Jahre,B9999,unbestimmt (nur Pst),3,0,19
1729513,2024-02-29,621,Mürzzuschlag,Frauen,25 bis 29 Jahre,B9999,unbestimmt (nur Pst),1,25,29
1729559,2024-02-29,621,Mürzzuschlag,Frauen,50 bis 54 Jahre,B9999,unbestimmt (nur Pst),1,50,54
1729582,2024-02-29,621,Mürzzuschlag,Männer,bis 19 Jahre,B9999,unbestimmt (nur Pst),1,0,19
1729643,2024-02-29,621,Mürzzuschlag,Männer,55 bis 59 Jahre,B9999,unbestimmt (nur Pst),1,55,59
1729663,2024-02-29,622,Voitsberg,Frauen,bis 19 Jahre,B9999,unbestimmt (nur Pst),1,0,19
1729677,2024-02-29,622,Voitsberg,Frauen,20 bis 24 Jahre,B9999,unbestimmt (nur Pst),1,20,24
1729704,2024-02-29,622,Voitsberg,Frauen,30 bis 34 Jahre,B9999,unbestimmt (nur Pst),1,30,34
1729772,2024-02-29,622,Voitsberg,Männer,bis 19 Jahre,B9999,unbestimmt (nur Pst),2,0,19
1729856,2024-02-29,623,Weiz,Frauen,bis 19 Jahre,B9999,unbestimmt (nur Pst),1,0,19
1729872,2024-02-29,623,Weiz,Frauen,20 bis 24 Jahre,B9999,unbestimmt (nur Pst),1,20,24
1729879,2024-02-29,623,Weiz,Frauen,25 bis 29 Jahre,B9999,unbestimmt (nur Pst),1,25,29
1729887,2024-02-29,623,Weiz,Frauen,30 bis 34 Jahre,B9999,unbestimmt (nur Pst),1,30,34
1729918,2024-02-29,623,Weiz,Frauen,45 bis 49 Jahre,B9999,unbestimmt (nur Pst),1,45,49
1729931,2024-02-29,623,Weiz,Frauen,55 bis 59 Jahre,B9999,unbestimmt (nur Pst),1,55,59
1729992,2024-02-29,623,Weiz,Männer,50 bis 54 Jahre,B9999,unbestimmt (nur Pst),1,50,54
1730039,2024-02-29,630,Graz-West und Umgebung,Frauen,bis 19 Jahre,B9999,unbestimmt (nur Pst),6,0,19
1730090,2024-02-29,630,Graz-West und Umgebung,Frauen,20 bis 24 Jahre,B9999,unbestimmt (nur Pst),3,20,24
1730145,2024-02-29,630,Graz-West und Umgebung,Frauen,25 bis 29 Jahre,B9999,unbestimmt (nur Pst),1,25,29
1730195,2024-02-29,630,Graz-West und Umgebung,Frauen,30 bis 34 Jahre,B9999,unbestimmt (nur Pst),1,30,34
1730337,2024-02-29,630,Graz-West und Umgebung,Frauen,45 bis 49 Jahre,B9999,unbestimmt (nur Pst),2,45,49
1730451,2024-02-29,630,Graz-West und Umgebung,Männer,bis 19 Jahre,B9999,unbestimmt (nur Pst),18,0,19
1730733,2024-02-29,630,Graz-West und Umgebung,Männer,40 bis 44 Jahre,B9999,unbestimmt (nur Pst),1,40,44
1730899,2024-02-29,631,Graz-Ost,Frauen,20 bis 24 Jahre,B9999,unbestimmt (nur Pst),1,20,24
1731171,2024-02-29,631,Graz-Ost,Männer,bis 19 Jahre,B9999,unbestimmt (nur Pst),3,0,19
1731429,2024-02-29,701,Imst,Frauen,bis 19 Jahre,B9999,unbestimmt (nur Pst),1,0,19
1731600,2024-02-29,702,Innsbruck,Frauen,25 bis 29 Jahre,B9999,unbestimmt (nur Pst),2,25,29
1731741,2024-02-29,702,Innsbruck,Frauen,50 bis 54 Jahre,B9999,unbestimmt (nur Pst),1,50,54
1731780,2024-02-29,702,Innsbruck,Männer,bis 19 Jahre,B9999,unbestimmt (nur Pst),2,0,19
1731820,2024-02-29,702,Innsbruck,Männer,20 bis 24 Jahre,B9999,unbestimmt (nur Pst),1,20,24
1731853,2024-02-29,702,Innsbruck,Männer,25 bis 29 Jahre,B9999,unbestimmt (nur Pst),1,25,29
1731935,2024-02-29,702,Innsbruck,Männer,45 bis 49 Jahre,B9999,unbestimmt (nur Pst),1,45,49
1732067,2024-02-29,705,Kufstein,Frauen,bis 19 Jahre,B9999,unbestimmt (nur Pst),2,0,19
1732090,2024-02-29,705,Kufstein,Frauen,20 bis 24 Jahre,B9999,unbestimmt (nur Pst),1,20,24
1732119,2024-02-29,705,Kufstein,Frauen,30 bis 34 Jahre,B9999,unbestimmt (nur Pst),1,30,34
1732135,2024-02-29,705,Kufstein,Frauen,35 bis 39 Jahre,B9999,unbestimmt (nur Pst),1,35,39
1732182,2024-02-29,705,Kufstein,Frauen,50 bis 54 Jahre,B9999,unbestimmt (nur Pst),2,50,54
1732213,2024-02-29,705,Kufstein,Männer,bis 19 Jahre,B9999,unbestimmt (nur Pst),1,0,19
1732240,2024-02-29,705,Kufstein,Männer,20 bis 24 Jahre,B9999,unbestimmt (nur Pst),1,20,24
1732295,2024-02-29,705,Kufstein,Männer,40 bis 44 Jahre,B9999,unbestimmt (nur Pst),1,40,44
1732326,2024-02-29,706,Landeck,Frauen,bis 19 Jahre,B9999,unbestimmt (nur Pst),1,0,19
1732339,2024-02-29,706,Landeck,Frauen,20 bis 24 Jahre,B9999,unbestimmt (nur Pst),1,20,24
1732557,2024-02-29,709,Schwaz,Frauen,bis 19 Jahre,B9999,unbestimmt (nur Pst),2,0,19
1732574,2024-02-29,709,Schwaz,Frauen,20 bis 24 Jahre,B9999,unbestimmt (nur Pst),1,20,24
1732669,2024-02-29,709,Schwaz,Männer,bis 19 Jahre,B9999,unbestimmt (nur Pst),1,0,19
1732730,2024-02-29,801,Bludenz,Frauen,bis 19 Jahre,B9999,unbestimmt (nur Pst),5,0,19
1732753,2024-02-29,801,Bludenz,Frauen,20 bis 24 Jahre,B9999,unbestimmt (nur Pst),2,20,24
1732814,2024-02-29,801,Bludenz,Frauen,40 bis 44 Jahre,B9999,unbestimmt (nur Pst),1,40,44
1732852,2024-02-29,801,Bludenz,Männer,bis 19 Jahre,B9999,unbestimmt (nur Pst),1,0,19
1732874,2024-02-29,801,Bludenz,Männer,20 bis 24 Jahre,B9999,unbestimmt (nur Pst),2,20,24
1732889,2024-02-29,801,Bludenz,Männer,25 bis 29 Jahre,B9999,unbestimmt (nur Pst),1,25,29
1732962,2024-02-29,802,Bregenz,Frauen,bis 19 Jahre,B9999,unbestimmt (nur Pst),1,0,19
1732989,2024-02-29,802,Bregenz,Frauen,20 bis 24 Jahre,B9999,unbestimmt (nur Pst),3,20,24
1733012,2024-02-29,802,Bregenz,Frauen,25 bis 29 Jahre,B9999,unbestimmt (nur Pst),1,25,29
1733064,2024-02-29,802,Bregenz,Frauen,35 bis 39 Jahre,B9999,unbestimmt (nur Pst),1,35,39
1733151,2024-02-29,802,Bregenz,Männer,bis 19 Jahre,B9999,unbestimmt (nur Pst),2,0,19
1733188,2024-02-29,802,Bregenz,Männer,20 bis 24 Jahre,B9999,unbestimmt (nur Pst),2,20,24
1733267,2024-02-29,802,Bregenz,Männer,35 bis 39 Jahre,B9999,unbestimmt (nur Pst),1,35,39
1733330,2024-02-29,804,Dornbirn,Frauen,bis 19 Jahre,B9999,unbestimmt (nur Pst),1,0,19
1733357,2024-02-29,804,Dornbirn,Frauen,20 bis 24 Jahre,B9999,unbestimmt (nur Pst),4,20,24
1733502,2024-02-29,804,Dornbirn,Männer,bis 19 Jahre,B9999,unbestimmt (nur Pst),5,0,19
1733578,2024-02-29,804,Dornbirn,Männer,30 bis 34 Jahre,B9999,unbestimmt (nur Pst),2,30,34
1733597,2024-02-29,804,Dornbirn,Männer,35 bis 39 Jahre,B9999,unbestimmt (nur Pst),1,35,39
1733656,2024-02-29,805,Feldkirch,Frauen,bis 19 Jahre,B9999,unbestimmt (nur Pst),7,0,19
1733693,2024-02-29,805,Feldkirch,Frauen,20 bis 24 Jahre,B9999,unbestimmt (nur Pst),7,20,24
1733719,2024-02-29,805,Feldkirch,Frauen,25 bis 29 Jahre,B9999,unbestimmt (nur Pst),3,25,29
1733766,2024-02-29,805,Feldkirch,Frauen,35 bis 39 Jahre,B9999,unbestimmt (nur Pst),1,35,39
1733856,2024-02-29,805,Feldkirch,Männer,bis 19 Jahre,B9999,unbestimmt (nur Pst),14,0,19
1733902,2024-02-29,805,Feldkirch,Männer,20 bis 24 Jahre,B9999,unbestimmt (nur Pst),3,20,24
1733929,2024-02-29,805,Feldkirch,Männer,25 bis 29 Jahre,B9999,unbestimmt (nur Pst),1,25,29
1733950,2024-02-29,805,Feldkirch,Männer,30 bis 34 Jahre,B9999,unbestimmt (nur Pst),2,30,34
1733970,2024-02-29,805,Feldkirch,Männer,35 bis 39 Jahre,B9999,unbestimmt (nur Pst),2,35,39
1734310,2024-02-29,958,Wien Johnstraße,Männer,25 bis 29 Jahre,B9999,unbestimmt (nur Pst),1,25,29
1734537,2024-02-29,958,Wien Johnstraße,Männer,50 bis 54 Jahre,B9999,unbestimmt (nur Pst),1,50,54
1735640,2024-02-29,960,Wien Esteplatz,Männer,40 bis 44 Jahre,B9999,unbestimmt (nur Pst),1,40,44
1735800,2024-02-29,962,Wien Redergasse,Frauen,25 bis 29 Jahre,B9999,unbestimmt (nur Pst),1,25,29
1736201,2024-02-29,962,Wien Redergasse,Männer,30 bis 34 Jahre,B9999,unbestimmt (nur Pst),1,30,34
1736484,2024-02-29,963,Wien Währinger Gürtel,Frauen,25 bis 29 Jahre,B9999,unbestimmt (nur Pst),1,25,29
1736571,2024-02-29,963,Wien Währinger Gürtel,Frauen,35 bis 39 Jahre,B9999,unbestimmt (nur Pst),1,35,39
1736701,2024-02-29,963,Wien Währinger Gürtel,Frauen,55 bis 59 Jahre,B9999,unbestimmt (nur Pst),1,55,59
1736758,2024-02-29,963,Wien Währinger Gürtel,Männer,25 bis 29 Jahre,B9999,unbestimmt (nur Pst),1,25,29
1737112,2024-02-29,964,Wien Favoritenstraße,Frauen,30 bis 34 Jahre,B9999,unbestimmt (nur Pst),1,30,34
1737353,2024-02-29,964,Wien Favoritenstraße,Frauen,60 bis 64 Jahre,B9999,unbestimmt (nur Pst),1,60,64
1737720,2024-02-29,964,Wien Favoritenstraße,Männer,40 bis 44 Jahre,B9999,unbestimmt (nur Pst),1,40,44
1738790,2024-02-29,966,Wien Hietzinger Kai,Frauen,25 bis 29 Jahre,B9999,unbestimmt (nur Pst),1,25,29
1739033,2024-02-29,966,Wien Hietzinger Kai,Frauen,55 bis 59 Jahre,B9999,unbestimmt (nur Pst),1,55,59
1739518,2024-02-29,967,Wien Huttengasse,Frauen,30 bis 34 Jahre,B9999,unbestimmt (nur Pst),1,30,34
1740387,2024-02-29,968,Wien Schloßhofer Straße,Frauen,30 bis 34 Jahre,B9999,unbestimmt (nur Pst),2,30,34
1740552,2024-02-29,968,Wien Schloßhofer Straße,Frauen,45 bis 49 Jahre,B9999,unbestimmt (nur Pst),1,45,49
1740590,2024-02-29,968,Wien Schloßhofer Straße,Frauen,50 bis 54 Jahre,B9999,unbestimmt (nur Pst),1,50,54
1740696,2024-02-29,968,Wien Schloßhofer Straße,Männer,25 bis 29 Jahre,B9999,unbestimmt (nur Pst),1,25,29
1741133,2024-02-29,969,Wien-Wagramer Straße,Frauen,30 bis 34 Jahre,B9999,unbestimmt (nur Pst),1,30,34
1741505,2024-02-29,969,Wien-Wagramer Straße,Männer,30 bis 34 Jahre,B9999,unbestimmt (nur Pst),1,30,34
1741853,2024-02-29,974,Wien Austria Campus,Frauen,25 bis 29 Jahre,B9999,unbestimmt (nur Pst),1,25,29
1741889,2024-02-29,974,Wien Austria Campus,Frauen,30 bis 34 Jahre,B9999,unbestimmt (nur Pst),3,30,34
1743039,2024-02-29,976,Wien Jugendliche I,Frauen,bis 19 Jahre,B9999,unbestimmt (nur Pst),8,0,19
1743138,2024-02-29,976,Wien Jugendliche I,Frauen,20 bis 24 Jahre,B9999,unbestimmt (nur Pst),11,20,24
1743165,2024-02-29,976,Wien Jugendliche I,Frauen,25 bis 29 Jahre,B9999,unbestimmt (nur Pst),2,25,29
1743264,2024-02-29,976,Wien Jugendliche I,Männer,bis 19 Jahre,B9999,unbestimmt (nur Pst),20,0,19
1743431,2024-02-29,976,Wien Jugendliche I,Männer,20 bis 24 Jahre,B9999,unbestimmt (nur Pst),6,20,24
1744012,2024-03-31,101,Eisenstadt,Frauen,bis 19 Jahre,B9999,unbestimmt (nur Pst),1,0,19
1744175,2024-03-31,102,Mattersburg,Frauen,bis 19 Jahre,B9999,unbestimmt (nur Pst),6,0,19
1744188,2024-03-31,102,Mattersburg,Frauen,20 bis 24 Jahre,B9999,unbestimmt (nur Pst),1,20,24
1744222,2024-03-31,102,Mattersburg,Frauen,45 bis 49 Jahre,B9999,unbestimmt (nur Pst),1,45,49
1744245,2024-03-31,102,Mattersburg,Männer,bis 19 Jahre,B9999,unbestimmt (nur Pst),4,0,19
1744374,2024-03-31,103,Neusiedl am See,Männer,bis 19 Jahre,B9999,unbestimmt (nur Pst),1,0,19
1744414,2024-03-31,103,Neusiedl am See,Männer,50 bis 54 Jahre,B9999,unbestimmt (nur Pst),1,50,54
1744602,2024-03-31,105,Oberwart,Frauen,bis 19 Jahre,B9999,unbestimmt (nur Pst),2,0,19
1744793,2024-03-31,105,Oberwart,Männer,20 bis 24 Jahre,B9999,unbestimmt (nur Pst),1,20,24
1744807,2024-03-31,105,Oberwart,Männer,25 bis 29 Jahre,B9999,unbestimmt (nur Pst),1,25,29
1744945,2024-03-31,106,Stegersbach,Männer,bis 19 Jahre,B9999,unbestimmt (nur Pst),1,0,19
1744971,2024-03-31,106,Stegersbach,Männer,30 bis 34 Jahre,B9999,unbestimmt (nur Pst),1,30,34
1744979,2024-03-31,106,Stegersbach,Männer,35 bis 39 Jahre,B9999,unbestimmt (nur Pst),1,35,39
1745070,2024-03-31,107,Jennersdorf,Männer,35 bis 39 Jahre,B9999,unbestimmt (nur Pst),1,35,39
1745189,2024-03-31,202,Hermagor,Frauen,bis 19 Jahre,B9999,unbestimmt (nur Pst),1,0,19
1745336,2024-03-31,203,Klagenfurt,Frauen,30 bis 34 Jahre,B9999,unbestimmt (nur Pst),1,30,34
1745372,2024-03-31,203,Klagenfurt,Frauen,35 bis 39 Jahre,B9999,unbestimmt (nur Pst),1,35,39
1745490,2024-03-31,203,Klagenfurt,Männer,bis 19 Jahre,B9999,unbestimmt (nur Pst),1,0,19
1745708,2024-03-31,204,Spittal/Drau,Frauen,bis 19 Jahre,B9999,unbestimmt (nur Pst),3,0,19
1745731,2024-03-31,204,Spittal/Drau,Frauen,20 bis 24 Jahre,B9999,unbestimmt (nur Pst),1,20,24
1745837,2024-03-31,204,Spittal/Drau,Männer,bis 19 Jahre,B9999,unbestimmt (nur Pst),2,0,19
1746213,2024-03-31,206,Villach,Frauen,35 bis 39 Jahre,B9999,unbestimmt (nur Pst),1,35,39
1746432,2024-03-31,206,Villach,Männer,45 bis 49 Jahre,B9999,unbestimmt (nur Pst),1,45,49
1746473,2024-03-31,207,Völkermarkt,Frauen,bis 19 Jahre,B9999,unbestimmt (nur Pst),1,0,19
1746491,2024-03-31,207,Völkermarkt,Frauen,20 bis 24 Jahre,B9999,unbestimmt (nur Pst),1,20,24
1746509,2024-03-31,207,Völkermarkt,Frauen,30 bis 34 Jahre,B9999,unbestimmt (nur Pst),1,30,34
1746541,2024-03-31,207,Völkermarkt,Frauen,45 bis 49 Jahre,B9999,unbestimmt (nur Pst),1,45,49
1746584,2024-03-31,207,Völkermarkt,Männer,20 bis 24 Jahre,B9999,unbestimmt (nur Pst),1,20,24
1746824,2024-03-31,301,Amstetten,Frauen,bis 19 Jahre,B9999,unbestimmt (nur Pst),3,0,19
1746850,2024-03-31,301,Amstetten,Frauen,20 bis 24 Jahre,B9999,unbestimmt (nur Pst),2,20,24
1746876,2024-03-31,301,Amstetten,Frauen,25 bis 29 Jahre,B9999,unbestimmt (nur Pst),2,25,29
1746896,2024-03-31,301,Amstetten,Frauen,30 bis 34 Jahre,B9999,unbestimmt (nur Pst),2,30,34
1746920,2024-03-31,301,Amstetten,Frauen,35 bis 39 Jahre,B9999,unbestimmt (nur Pst),1,35,39
1746956,2024-03-31,301,Amstetten,Frauen,45 bis 49 Jahre,B9999,unbestimmt (nur Pst),1,45,49
1747005,2024-03-31,301,Amstetten,Männer,bis 19 Jahre,B9999,unbestimmt (nur Pst),10,0,19
1747032,2024-03-31,301,Amstetten,Männer,20 bis 24 Jahre,B9999,unbestimmt (nur Pst),1,20,24
1747056,2024-03-31,301,Amstetten,Männer,25 bis 29 Jahre,B9999,unbestimmt (nur Pst),2,25,29
1747159,2024-03-31,304,Baden neu,Frauen,bis 19 Jahre,B9999,unbestimmt (nur Pst),2,0,19
1747260,2024-03-31,304,Baden neu,Frauen,35 bis 39 Jahre,B9999,unbestimmt (nur Pst),1,35,39
1747364,2024-03-31,304,Baden neu,Männer,bis 19 Jahre,B9999,unbestimmt (nur Pst),1,0,19
1747559,2024-03-31,306,Bruck/Leitha,Frauen,bis 19 Jahre,B9999,unbestimmt (nur Pst),2,0,19
1747588,2024-03-31,306,Bruck/Leitha,Frauen,30 bis 34 Jahre,B9999,unbestimmt (nur Pst),1,30,34
1747604,2024-03-31,306,Bruck/Leitha,Frauen,35 bis 39 Jahre,B9999,unbestimmt (nur Pst),1,35,39
1747656,2024-03-31,306,Bruck/Leitha,Männer,bis 19 Jahre,B9999,unbestimmt (nur Pst),2,0,19
1747744,2024-03-31,308,Gänserndorf,Frauen,bis 19 Jahre,B9999,unbestimmt (nur Pst),1,0,19
1747776,2024-03-31,308,Gänserndorf,Frauen,20 bis 24 Jahre,B9999,unbestimmt (nur Pst),1,20,24
1747793,2024-03-31,308,Gänserndorf,Frauen,25 bis 29 Jahre,B9999,unbestimmt (nur Pst),3,25,29
1747853,2024-03-31,308,Gänserndorf,Frauen,40 bis 44 Jahre,B9999,unbestimmt (nur Pst),1,40,44
1747929,2024-03-31,308,Gänserndorf,Männer,bis 19 Jahre,B9999,unbestimmt (nur Pst),4,0,19
1748301,2024-03-31,312,Hollabrunn,Frauen,45 bis 49 Jahre,B9999,unbestimmt (nur Pst),1,45,49
1748504,2024-03-31,314,Korneuburg,Frauen,bis 19 Jahre,B9999,unbestimmt (nur Pst),1,0,19
1748522,2024-03-31,314,Korneuburg,Frauen,20 bis 24 Jahre,B9999,unbestimmt (nur Pst),1,20,24
1748591,2024-03-31,314,Korneuburg,Frauen,35 bis 39 Jahre,B9999,unbestimmt (nur Pst),1,35,39
1748677,2024-03-31,314,Korneuburg,Männer,bis 19 Jahre,B9999,unbestimmt (nur Pst),1,0,19
1748819,2024-03-31,315,Krems,Frauen,bis 19 Jahre,B9999,unbestimmt (nur Pst),1,0,19
1748865,2024-03-31,315,Krems,Frauen,25 bis 29 Jahre,B9999,unbestimmt (nur Pst),1,25,29
1748904,2024-03-31,315,Krems,Frauen,35 bis 39 Jahre,B9999,unbestimmt (nur Pst),1,35,39
1748919,2024-03-31,315,Krems,Frauen,40 bis 44 Jahre,B9999,unbestimmt (nur Pst),1,40,44
1748938,2024-03-31,315,Krems,Frauen,45 bis 49 Jahre,B9999,unbestimmt (nur Pst),3,45,49
1748948,2024-03-31,315,Krems,Frauen,50 bis 54 Jahre,B9999,unbestimmt (nur Pst),1,50,54
1748978,2024-03-31,315,Krems,Männer,bis 19 Jahre,B9999,unbestimmt (nur Pst),2,0,19
1749091,2024-03-31,316,Lilienfeld,Frauen,bis 19 Jahre,B9999,unbestimmt (nur Pst),1,0,19
1749115,2024-03-31,316,Lilienfeld,Frauen,30 bis 34 Jahre,B9999,unbestimmt (nur Pst),1,30,34
1749164,2024-03-31,316,Lilienfeld,Männer,bis 19 Jahre,B9999,unbestimmt (nur Pst),1,0,19
1749223,2024-03-31,317,Melk,Frauen,bis 19 Jahre,B9999,unbestimmt (nur Pst),1,0,19
1749352,2024-03-31,317,Melk,Männer,bis 19 Jahre,B9999,unbestimmt (nur Pst),2,0,19
1749470,2024-03-31,319,Mistelbach,Frauen,bis 19 Jahre,B9999,unbestimmt (nur Pst),1,0,19
1749489,2024-03-31,319,Mistelbach,Frauen,20 bis 24 Jahre,B9999,unbestimmt (nur Pst),1,20,24
1749512,2024-03-31,319,Mistelbach,Frauen,30 bis 34 Jahre,B9999,unbestimmt (nur Pst),1,30,34
1749617,2024-03-31,319,Mistelbach,Männer,20 bis 24 Jahre,B9999,unbestimmt (nur Pst),1,20,24
1749685,2024-03-31,321,Mödling,Frauen,bis 19 Jahre,B9999,unbestimmt (nur Pst),6,0,19
1749707,2024-03-31,321,Mödling,Frauen,20 bis 24 Jahre,B9999,unbestimmt (nur Pst),2,20,24
1749866,2024-03-31,321,Mödling,Männer,bis 19 Jahre,B9999,unbestimmt (nur Pst),20,0,19
1750083,2024-03-31,323,Neunkirchen,Frauen,35 bis 39 Jahre,B9999,unbestimmt (nur Pst),1,35,39
1750318,2024-03-31,326,St. Pölten,Frauen,bis 19 Jahre,B9999,unbestimmt (nur Pst),6,0,19
1750357,2024-03-31,326,St. Pölten,Frauen,20 bis 24 Jahre,B9999,unbestimmt (nur Pst),6,20,24
1750386,2024-03-31,326,St. Pölten,Frauen,25 bis 29 Jahre,B9999,unbestimmt (nur Pst),1,25,29
1750595,2024-03-31,326,St. Pölten,Männer,bis 19 Jahre,B9999,unbestimmt (nur Pst),10,0,19
1750646,2024-03-31,326,St. Pölten,Männer,20 bis 24 Jahre,B9999,unbestimmt (nur Pst),5,20,24
1750707,2024-03-31,326,St. Pölten,Männer,30 bis 34 Jahre,B9999,unbestimmt (nur Pst),1,30,34
1750814,2024-03-31,326,St. Pölten,Männer,50 bis 54 Jahre,B9999,unbestimmt (nur Pst),1,50,54
1750849,2024-03-31,328,Scheibbs,Frauen,bis 19 Jahre,B9999,unbestimmt (nur Pst),1,0,19
1750878,2024-03-31,328,Scheibbs,Frauen,25 bis 29 Jahre,B9999,unbestimmt (nur Pst),1,25,29
1750941,2024-03-31,328,Scheibbs,Männer,bis 19 Jahre,B9999,unbestimmt (nur Pst),2,0,19
1750959,2024-03-31,328,Scheibbs,Männer,25 bis 29 Jahre,B9999,unbestimmt (nur Pst),1,25,29
1750997,2024-03-31,328,Scheibbs,Männer,60 bis 64 Jahre,B9999,unbestimmt (nur Pst),1,60,64
1751029,2024-03-31,329,Schwechat,Frauen,20 bis 24 Jahre,B9999,unbestimmt (nur Pst),1,20,24
1751148,2024-03-31,329,Schwechat,Männer,bis 19 Jahre,B9999,unbestimmt (nur Pst),2,0,19
1751251,2024-03-31,331,Tulln,Frauen,bis 19 Jahre,B9999,unbestimmt (nur Pst),3,0,19
1751278,2024-03-31,331,Tulln,Frauen,20 bis 24 Jahre,B9999,unbestimmt (nur Pst),3,20,24
1751302,2024-03-31,331,Tulln,Frauen,25 bis 29 Jahre,B9999,unbestimmt (nur Pst),2,25,29
1751370,2024-03-31,331,Tulln,Frauen,40 bis 44 Jahre,B9999,unbestimmt (nur Pst),1,40,44
1751390,2024-03-31,331,Tulln,Frauen,45 bis 49 Jahre,B9999,unbestimmt (nur Pst),1,45,49
1751430,2024-03-31,331,Tulln,Männer,bis 19 Jahre,B9999,unbestimmt (nur Pst),8,0,19
1751459,2024-03-31,331,Tulln,Männer,20 bis 24 Jahre,B9999,unbestimmt (nur Pst),1,20,24
1751486,2024-03-31,331,Tulln,Männer,30 bis 34 Jahre,B9999,unbestimmt (nur Pst),1,30,34
1751560,2024-03-31,332,Waidhofen/Thaya,Frauen,20 bis 24 Jahre,B9999,unbestimmt (nur Pst),1,20,24
1751607,2024-03-31,332,Waidhofen/Thaya,Männer,bis 19 Jahre,B9999,unbestimmt (nur Pst),1,0,19
1751625,2024-03-31,332,Waidhofen/Thaya,Männer,20 bis 24 Jahre,B9999,unbestimmt (nur Pst),2,20,24
1751659,2024-03-31,333,Waidhofen/Ybbs,Frauen,bis 19 Jahre,B9999,unbestimmt (nur Pst),1,0,19
1751691,2024-03-31,333,Waidhofen/Ybbs,Frauen,35 bis 39 Jahre,B9999,unbestimmt (nur Pst),1,35,39
1751712,2024-03-31,333,Waidhofen/Ybbs,Männer,bis 19 Jahre,B9999,unbestimmt (nur Pst),1,0,19
1751717,2024-03-31,333,Waidhofen/Ybbs,Männer,20 bis 24 Jahre,B9999,unbestimmt (nur Pst),1,20,24
1751775,2024-03-31,334,Wr. Neustadt,Frauen,bis 19 Jahre,B9999,unbestimmt (nur Pst),8,0,19
1751804,2024-03-31,334,Wr. Neustadt,Frauen,20 bis 24 Jahre,B9999,unbestimmt (nur Pst),1,20,24
1751990,2024-03-31,334,Wr. Neustadt,Männer,bis 19 Jahre,B9999,unbestimmt (nur Pst),4,0,19
1752247,2024-03-31,335,Zwettl,Männer,bis 19 Jahre,B9999,unbestimmt (nur Pst),1,0,19
1752296,2024-03-31,401,Braunau,Frauen,bis 19 Jahre,B9999,unbestimmt (nur Pst),5,0,19
1752324,2024-03-31,401,Braunau,Frauen,20 bis 24 Jahre,B9999,unbestimmt (nur Pst),8,20,24
1752374,2024-03-31,401,Braunau,Frauen,30 bis 34 Jahre,B9999,unbestimmt (nur Pst),1,30,34
1752487,2024-03-31,401,Braunau,Männer,bis 19 Jahre,B9999,unbestimmt (nur Pst),18,0,19
1752517,2024-03-31,401,Braunau,Männer,20 bis 24 Jahre,B9999,unbestimmt (nur Pst),4,20,24
1752547,2024-03-31,401,Braunau,Männer,25 bis 29 Jahre,B9999,unbestimmt (nur Pst),1,25,29
1752591,2024-03-31,401,Braunau,Männer,35 bis 39 Jahre,B9999,unbestimmt (nur Pst),2,35,39
1752667,2024-03-31,402,Eferding,Frauen,20 bis 24 Jahre,B9999,unbestimmt (nur Pst),2,20,24
1752687,2024-03-31,402,Eferding,Frauen,30 bis 34 Jahre,B9999,unbestimmt (nur Pst),1,30,34
1752698,2024-03-31,402,Eferding,Frauen,35 bis 39 Jahre,B9999,unbestimmt (nur Pst),1,35,39
1752813,2024-03-31,403,Freistadt,Frauen,20 bis 24 Jahre,B9999,unbestimmt (nur Pst),2,20,24
1752922,2024-03-31,403,Freistadt,Männer,bis 19 Jahre,B9999,unbestimmt (nur Pst),1,0,19
1753028,2024-03-31,404,Gmunden,Frauen,bis 19 Jahre,B9999,unbestimmt (nur Pst),4,0,19
1753058,2024-03-31,404,Gmunden,Frauen,20 bis 24 Jahre,B9999,unbestimmt (nur Pst),1,20,24
1753075,2024-03-31,404,Gmunden,Frauen,25 bis 29 Jahre,B9999,unbestimmt (nur Pst),1,25,29
1753097,2024-03-31,404,Gmunden,Frauen,30 bis 34 Jahre,B9999,unbestimmt (nur Pst),1,30,34
1753199,2024-03-31,404,Gmunden,Männer,bis 19 Jahre,B9999,unbestimmt (nur Pst),2,0,19
1753342,2024-03-31,406,Grieskirchen,Frauen,bis 19 Jahre,B9999,unbestimmt (nur Pst),1,0,19
1753405,2024-03-31,406,Grieskirchen,Frauen,35 bis 39 Jahre,B9999,unbestimmt (nur Pst),1,35,39
1753419,2024-03-31,406,Grieskirchen,Frauen,40 bis 44 Jahre,B9999,unbestimmt (nur Pst),1,40,44
1753464,2024-03-31,406,Grieskirchen,Männer,bis 19 Jahre,B9999,unbestimmt (nur Pst),2,0,19
1753553,2024-03-31,407,Kirchdorf/Krems,Frauen,bis 19 Jahre,B9999,unbestimmt (nur Pst),3,0,19
1753571,2024-03-31,407,Kirchdorf/Krems,Frauen,20 bis 24 Jahre,B9999,unbestimmt (nur Pst),1,20,24
1753596,2024-03-31,407,Kirchdorf/Krems,Frauen,30 bis 34 Jahre,B9999,unbestimmt (nur Pst),1,30,34
1753653,2024-03-31,407,Kirchdorf/Krems,Männer,bis 19 Jahre,B9999,unbestimmt (nur Pst),3,0,19
1753764,2024-03-31,409,Linz neu,Frauen,bis 19 Jahre,B9999,unbestimmt (nur Pst),22,0,19
1753809,2024-03-31,409,Linz neu,Frauen,20 bis 24 Jahre,B9999,unbestimmt (nur Pst),15,20,24
1753859,2024-03-31,409,Linz neu,Frauen,25 bis 29 Jahre,B9999,unbestimmt (nur Pst),6,25,29
1753908,2024-03-31,409,Linz neu,Frauen,30 bis 34 Jahre,B9999,unbestimmt (nur Pst),6,30,34
1753950,2024-03-31,409,Linz neu,Frauen,35 bis 39 Jahre,B9999,unbestimmt (nur Pst),2,35,39
1754035,2024-03-31,409,Linz neu,Frauen,45 bis 49 Jahre,B9999,unbestimmt (nur Pst),2,45,49
1754066,2024-03-31,409,Linz neu,Frauen,50 bis 54 Jahre,B9999,unbestimmt (nur Pst),1,50,54
1754134,2024-03-31,409,Linz neu,Männer,bis 19 Jahre,B9999,unbestimmt (nur Pst),30,0,19
1754203,2024-03-31,409,Linz neu,Männer,20 bis 24 Jahre,B9999,unbestimmt (nur Pst),9,20,24
1754263,2024-03-31,409,Linz neu,Männer,25 bis 29 Jahre,B9999,unbestimmt (nur Pst),4,25,29
1754315,2024-03-31,409,Linz neu,Männer,30 bis 34 Jahre,B9999,unbestimmt (nur Pst),1,30,34
1754361,2024-03-31,409,Linz neu,Männer,35 bis 39 Jahre,B9999,unbestimmt (nur Pst),3,35,39
1754407,2024-03-31,409,Linz neu,Männer,40 bis 44 Jahre,B9999,unbestimmt (nur Pst),2,40,44
1754506,2024-03-31,409,Linz neu,Männer,60 bis 64 Jahre,B9999,unbestimmt (nur Pst),1,60,64
1754521,2024-03-31,411,Perg,Frauen,bis 19 Jahre,B9999,unbestimmt (nur Pst),2,0,19
1754672,2024-03-31,411,Perg,Männer,20 bis 24 Jahre,B9999,unbestimmt (nur Pst),1,20,24
1754757,2024-03-31,412,Ried im Innkreis,Frauen,bis 19 Jahre,B9999,unbestimmt (nur Pst),6,0,19
1754781,2024-03-31,412,Ried im Innkreis,Frauen,20 bis 24 Jahre,B9999,unbestimmt (nur Pst),1,20,24
1754792,2024-03-31,412,Ried im Innkreis,Frauen,25 bis 29 Jahre,B9999,unbestimmt (nur Pst),1,25,29
1754842,2024-03-31,412,Ried im Innkreis,Frauen,40 bis 44 Jahre,B9999,unbestimmt (nur Pst),1,40,44
1754853,2024-03-31,412,Ried im Innkreis,Frauen,45 bis 49 Jahre,B9999,unbestimmt (nur Pst),1,45,49
1754863,2024-03-31,412,Ried im Innkreis,Frauen,50 bis 54 Jahre,B9999,unbestimmt (nur Pst),1,50,54
1754888,2024-03-31,412,Ried im Innkreis,Männer,bis 19 Jahre,B9999,unbestimmt (nur Pst),12,0,19
1754953,2024-03-31,412,Ried im Innkreis,Männer,40 bis 44 Jahre,B9999,unbestimmt (nur Pst),1,40,44
1754981,2024-03-31,413,Rohrbach,Frauen,bis 19 Jahre,B9999,unbestimmt (nur Pst),5,0,19
1755008,2024-03-31,413,Rohrbach,Frauen,25 bis 29 Jahre,B9999,unbestimmt (nur Pst),1,25,29
1755036,2024-03-31,413,Rohrbach,Frauen,35 bis 39 Jahre,B9999,unbestimmt (nur Pst),1,35,39
1755050,2024-03-31,413,Rohrbach,Frauen,40 bis 44 Jahre,B9999,unbestimmt (nur Pst),1,40,44
1755081,2024-03-31,413,Rohrbach,Frauen,55 bis 59 Jahre,B9999,unbestimmt (nur Pst),1,55,59
1755096,2024-03-31,413,Rohrbach,Männer,bis 19 Jahre,B9999,unbestimmt (nur Pst),3,0,19
1755113,2024-03-31,413,Rohrbach,Männer,20 bis 24 Jahre,B9999,unbestimmt (nur Pst),1,20,24
1755121,2024-03-31,413,Rohrbach,Männer,25 bis 29 Jahre,B9999,unbestimmt (nur Pst),1,25,29
1755167,2024-03-31,414,Schärding,Frauen,bis 19 Jahre,B9999,unbestimmt (nur Pst),2,0,19
1755303,2024-03-31,414,Schärding,Männer,30 bis 34 Jahre,B9999,unbestimmt (nur Pst),1,30,34
1755309,2024-03-31,414,Schärding,Männer,40 bis 44 Jahre,B9999,unbestimmt (nur Pst),1,40,44
1755345,2024-03-31,415,Steyr,Frauen,bis 19 Jahre,B9999,unbestimmt (nur Pst),2,0,19
1755381,2024-03-31,415,Steyr,Frauen,20 bis 24 Jahre,B9999,unbestimmt (nur Pst),1,20,24
1755479,2024-03-31,415,Steyr,Frauen,40 bis 44 Jahre,B9999,unbestimmt (nur Pst),1,40,44
1755560,2024-03-31,415,Steyr,Männer,bis 19 Jahre,B9999,unbestimmt (nur Pst),9,0,19
1755600,2024-03-31,415,Steyr,Männer,20 bis 24 Jahre,B9999,unbestimmt (nur Pst),5,20,24
1755633,2024-03-31,415,Steyr,Männer,25 bis 29 Jahre,B9999,unbestimmt (nur Pst),2,25,29
1755658,2024-03-31,415,Steyr,Männer,30 bis 34 Jahre,B9999,unbestimmt (nur Pst),2,30,34
1755774,2024-03-31,418,Vöcklabruck,Frauen,bis 19 Jahre,B9999,unbestimmt (nur Pst),6,0,19
1755804,2024-03-31,418,Vöcklabruck,Frauen,20 bis 24 Jahre,B9999,unbestimmt (nur Pst),1,20,24
1755825,2024-03-31,418,Vöcklabruck,Frauen,25 bis 29 Jahre,B9999,unbestimmt (nur Pst),1,25,29
1755938,2024-03-31,418,Vöcklabruck,Frauen,55 bis 59 Jahre,B9999,unbestimmt (nur Pst),1,55,59
1755963,2024-03-31,418,Vöcklabruck,Männer,bis 19 Jahre,B9999,unbestimmt (nur Pst),1,0,19
1756244,2024-03-31,419,Wels,Frauen,30 bis 34 Jahre,B9999,unbestimmt (nur Pst),1,30,34
1756278,2024-03-31,419,Wels,Frauen,35 bis 39 Jahre,B9999,unbestimmt (nur Pst),1,35,39
1756328,2024-03-31,419,Wels,Frauen,45 bis 49 Jahre,B9999,unbestimmt (nur Pst),2,45,49
1756480,2024-03-31,419,Wels,Männer,30 bis 34 Jahre,B9999,unbestimmt (nur Pst),1,30,34
1756600,2024-03-31,421,Traun,Frauen,bis 19 Jahre,B9999,unbestimmt (nur Pst),2,0,19
1756635,2024-03-31,421,Traun,Frauen,20 bis 24 Jahre,B9999,unbestimmt (nur Pst),2,20,24
1756832,2024-03-31,421,Traun,Männer,bis 19 Jahre,B9999,unbestimmt (nur Pst),1,0,19
1756926,2024-03-31,421,Traun,Männer,30 bis 34 Jahre,B9999,unbestimmt (nur Pst),2,30,34
1758395,2024-03-31,601,Bruck/Mur,Frauen,bis 19 Jahre,B9999,unbestimmt (nur Pst),2,0,19
1758535,2024-03-31,601,Bruck/Mur,Männer,bis 19 Jahre,B9999,unbestimmt (nur Pst),2,0,19
1758679,2024-03-31,603,Deutschlandsberg,Frauen,20 bis 24 Jahre,B9999,unbestimmt (nur Pst),1,20,24
1758689,2024-03-31,603,Deutschlandsberg,Frauen,25 bis 29 Jahre,B9999,unbestimmt (nur Pst),1,25,29
1758783,2024-03-31,603,Deutschlandsberg,Männer,bis 19 Jahre,B9999,unbestimmt (nur Pst),1,0,19
1758915,2024-03-31,604,Feldbach,Frauen,20 bis 24 Jahre,B9999,unbestimmt (nur Pst),1,20,24
1759162,2024-03-31,606,Gleisdorf,Frauen,20 bis 24 Jahre,B9999,unbestimmt (nur Pst),1,20,24
1759219,2024-03-31,606,Gleisdorf,Frauen,45 bis 49 Jahre,B9999,unbestimmt (nur Pst),1,45,49
1759240,2024-03-31,606,Gleisdorf,Männer,bis 19 Jahre,B9999,unbestimmt (nur Pst),2,0,19
1759507,2024-03-31,609,Hartberg,Männer,bis 19 Jahre,B9999,unbestimmt (nur Pst),2,0,19
1759757,2024-03-31,610,Judenburg,Frauen,45 bis 49 Jahre,B9999,unbestimmt (nur Pst),1,45,49
1759777,2024-03-31,610,Judenburg,Frauen,55 bis 59 Jahre,B9999,unbestimmt (nur Pst),1,55,59
1759906,2024-03-31,611,Murau,Frauen,bis 19 Jahre,B9999,unbestimmt (nur Pst),1,0,19
1759977,2024-03-31,611,Murau,Männer,25 bis 29 Jahre,B9999,unbestimmt (nur Pst),1,25,29
1760034,2024-03-31,614,Leibnitz,Frauen,20 bis 24 Jahre,B9999,unbestimmt (nur Pst),1,20,24
1760114,2024-03-31,614,Leibnitz,Frauen,40 bis 44 Jahre,B9999,unbestimmt (nur Pst),1,40,44
1760132,2024-03-31,614,Leibnitz,Frauen,45 bis 49 Jahre,B9999,unbestimmt (nur Pst),1,45,49
1760461,2024-03-31,616,Leoben,Männer,bis 19 Jahre,B9999,unbestimmt (nur Pst),1,0,19
1760703,2024-03-31,618,Liezen,Männer,bis 19 Jahre,B9999,unbestimmt (nur Pst),2,0,19
1760799,2024-03-31,621,Mürzzuschlag,Frauen,bis 19 Jahre,B9999,unbestimmt (nur Pst),2,0,19
1760819,2024-03-31,621,Mürzzuschlag,Frauen,25 bis 29 Jahre,B9999,unbestimmt (nur Pst),1,25,29
1760886,2024-03-31,621,Mürzzuschlag,Männer,bis 19 Jahre,B9999,unbestimmt (nur Pst),1,0,19
1760965,2024-03-31,622,Voitsberg,Frauen,bis 19 Jahre,B9999,unbestimmt (nur Pst),1,0,19
1760980,2024-03-31,622,Voitsberg,Frauen,20 bis 24 Jahre,B9999,unbestimmt (nur Pst),1,20,24
1761007,2024-03-31,622,Voitsberg,Frauen,30 bis 34 Jahre,B9999,unbestimmt (nur Pst),1,30,34
1761073,2024-03-31,622,Voitsberg,Männer,bis 19 Jahre,B9999,unbestimmt (nur Pst),2,0,19
1761149,2024-03-31,623,Weiz,Frauen,bis 19 Jahre,B9999,unbestimmt (nur Pst),1,0,19
1761164,2024-03-31,623,Weiz,Frauen,20 bis 24 Jahre,B9999,unbestimmt (nur Pst),1,20,24
1761174,2024-03-31,623,Weiz,Frauen,25 bis 29 Jahre,B9999,unbestimmt (nur Pst),1,25,29
1761183,2024-03-31,623,Weiz,Frauen,30 bis 34 Jahre,B9999,unbestimmt (nur Pst),1,30,34
1761215,2024-03-31,623,Weiz,Frauen,45 bis 49 Jahre,B9999,unbestimmt (nur Pst),1,45,49
1761229,2024-03-31,623,Weiz,Frauen,55 bis 59 Jahre,B9999,unbestimmt (nur Pst),1,55,59
1761296,2024-03-31,623,Weiz,Männer,50 bis 54 Jahre,B9999,unbestimmt (nur Pst),1,50,54
1761342,2024-03-31,630,Graz-West und Umgebung,Frauen,bis 19 Jahre,B9999,unbestimmt (nur Pst),6,0,19
1761395,2024-03-31,630,Graz-West und Umgebung,Frauen,20 bis 24 Jahre,B9999,unbestimmt (nur Pst),3,20,24
1761452,2024-03-31,630,Graz-West und Umgebung,Frauen,25 bis 29 Jahre,B9999,unbestimmt (nur Pst),1,25,29
1761504,2024-03-31,630,Graz-West und Umgebung,Frauen,30 bis 34 Jahre,B9999,unbestimmt (nur Pst),1,30,34
1761649,2024-03-31,630,Graz-West und Umgebung,Frauen,45 bis 49 Jahre,B9999,unbestimmt (nur Pst),1,45,49
1761762,2024-03-31,630,Graz-West und Umgebung,Männer,bis 19 Jahre,B9999,unbestimmt (nur Pst),18,0,19
1762044,2024-03-31,630,Graz-West und Umgebung,Männer,40 bis 44 Jahre,B9999,unbestimmt (nur Pst),1,40,44
1762208,2024-03-31,631,Graz-Ost,Frauen,20 bis 24 Jahre,B9999,unbestimmt (nur Pst),1,20,24
1762327,2024-03-31,631,Graz-Ost,Frauen,35 bis 39 Jahre,B9999,unbestimmt (nur Pst),1,35,39
1762466,2024-03-31,631,Graz-Ost,Männer,bis 19 Jahre,B9999,unbestimmt (nur Pst),3,0,19
1762713,2024-03-31,701,Imst,Frauen,bis 19 Jahre,B9999,unbestimmt (nur Pst),1,0,19
1762848,2024-03-31,702,Innsbruck,Frauen,20 bis 24 Jahre,B9999,unbestimmt (nur Pst),1,20,24
1762874,2024-03-31,702,Innsbruck,Frauen,25 bis 29 Jahre,B9999,unbestimmt (nur Pst),2,25,29
1763015,2024-03-31,702,Innsbruck,Frauen,55 bis 59 Jahre,B9999,unbestimmt (nur Pst),1,55,59
1763048,2024-03-31,702,Innsbruck,Männer,bis 19 Jahre,B9999,unbestimmt (nur Pst),2,0,19
1763119,2024-03-31,702,Innsbruck,Männer,25 bis 29 Jahre,B9999,unbestimmt (nur Pst),1,25,29
1763199,2024-03-31,702,Innsbruck,Männer,45 bis 49 Jahre,B9999,unbestimmt (nur Pst),1,45,49
1763336,2024-03-31,705,Kufstein,Frauen,bis 19 Jahre,B9999,unbestimmt (nur Pst),1,0,19
1763357,2024-03-31,705,Kufstein,Frauen,20 bis 24 Jahre,B9999,unbestimmt (nur Pst),1,20,24
1763389,2024-03-31,705,Kufstein,Frauen,30 bis 34 Jahre,B9999,unbestimmt (nur Pst),1,30,34
1763405,2024-03-31,705,Kufstein,Frauen,35 bis 39 Jahre,B9999,unbestimmt (nur Pst),1,35,39
1763448,2024-03-31,705,Kufstein,Frauen,50 bis 54 Jahre,B9999,unbestimmt (nur Pst),2,50,54
1763471,2024-03-31,705,Kufstein,Männer,bis 19 Jahre,B9999,unbestimmt (nur Pst),1,0,19
1763500,2024-03-31,705,Kufstein,Männer,20 bis 24 Jahre,B9999,unbestimmt (nur Pst),1,20,24
1763554,2024-03-31,705,Kufstein,Männer,40 bis 44 Jahre,B9999,unbestimmt (nur Pst),1,40,44
1763598,2024-03-31,706,Landeck,Frauen,20 bis 24 Jahre,B9999,unbestimmt (nur Pst),1,20,24
1763812,2024-03-31,709,Schwaz,Frauen,bis 19 Jahre,B9999,unbestimmt (nur Pst),2,0,19
1763827,2024-03-31,709,Schwaz,Frauen,20 bis 24 Jahre,B9999,unbestimmt (nur Pst),1,20,24
1763854,2024-03-31,709,Schwaz,Frauen,30 bis 34 Jahre,B9999,unbestimmt (nur Pst),1,30,34
1763978,2024-03-31,801,Bludenz,Frauen,bis 19 Jahre,B9999,unbestimmt (nur Pst),4,0,19
1763999,2024-03-31,801,Bludenz,Frauen,20 bis 24 Jahre,B9999,unbestimmt (nur Pst),3,20,24
1764098,2024-03-31,801,Bludenz,Männer,bis 19 Jahre,B9999,unbestimmt (nur Pst),1,0,19
1764121,2024-03-31,801,Bludenz,Männer,20 bis 24 Jahre,B9999,unbestimmt (nur Pst),3,20,24
1764138,2024-03-31,801,Bludenz,Männer,25 bis 29 Jahre,B9999,unbestimmt (nur Pst),1,25,29
1764208,2024-03-31,802,Bregenz,Frauen,bis 19 Jahre,B9999,unbestimmt (nur Pst),2,0,19
1764239,2024-03-31,802,Bregenz,Frauen,20 bis 24 Jahre,B9999,unbestimmt (nur Pst),2,20,24
1764262,2024-03-31,802,Bregenz,Frauen,25 bis 29 Jahre,B9999,unbestimmt (nur Pst),1,25,29
1764309,2024-03-31,802,Bregenz,Frauen,35 bis 39 Jahre,B9999,unbestimmt (nur Pst),1,35,39
1764400,2024-03-31,802,Bregenz,Männer,bis 19 Jahre,B9999,unbestimmt (nur Pst),1,0,19
1764439,2024-03-31,802,Bregenz,Männer,20 bis 24 Jahre,B9999,unbestimmt (nur Pst),2,20,24
1764530,2024-03-31,802,Bregenz,Männer,40 bis 44 Jahre,B9999,unbestimmt (nur Pst),1,40,44
1764583,2024-03-31,804,Dornbirn,Frauen,bis 19 Jahre,B9999,unbestimmt (nur Pst),1,0,19
1764613,2024-03-31,804,Dornbirn,Frauen,20 bis 24 Jahre,B9999,unbestimmt (nur Pst),3,20,24
1764747,2024-03-31,804,Dornbirn,Männer,bis 19 Jahre,B9999,unbestimmt (nur Pst),5,0,19
1764817,2024-03-31,804,Dornbirn,Männer,30 bis 34 Jahre,B9999,unbestimmt (nur Pst),2,30,34
1764837,2024-03-31,804,Dornbirn,Männer,35 bis 39 Jahre,B9999,unbestimmt (nur Pst),1,35,39
1764892,2024-03-31,805,Feldkirch,Frauen,bis 19 Jahre,B9999,unbestimmt (nur Pst),6,0,19
1764932,2024-03-31,805,Feldkirch,Frauen,20 bis 24 Jahre,B9999,unbestimmt (nur Pst),10,20,24
1764962,2024-03-31,805,Feldkirch,Frauen,25 bis 29 Jahre,B9999,unbestimmt (nur Pst),3,25,29
1765009,2024-03-31,805,Feldkirch,Frauen,35 bis 39 Jahre,B9999,unbestimmt (nur Pst),1,35,39
1765062,2024-03-31,805,Feldkirch,Frauen,50 bis 54 Jahre,B9999,unbestimmt (nur Pst),1,50,54
1765100,2024-03-31,805,Feldkirch,Männer,bis 19 Jahre,B9999,unbestimmt (nur Pst),16,0,19
1765142,2024-03-31,805,Feldkirch,Männer,20 bis 24 Jahre,B9999,unbestimmt (nur Pst),5,20,24
1765172,2024-03-31,805,Feldkirch,Männer,25 bis 29 Jahre,B9999,unbestimmt (nur Pst),1,25,29
1765193,2024-03-31,805,Feldkirch,Männer,30 bis 34 Jahre,B9999,unbestimmt (nur Pst),1,30,34
1765211,2024-03-31,805,Feldkirch,Männer,35 bis 39 Jahre,B9999,unbestimmt (nur Pst),1,35,39
1765222,2024-03-31,805,Feldkirch,Männer,40 bis 44 Jahre,B9999,unbestimmt (nur Pst),1,40,44
1765759,2024-03-31,958,Wien Johnstraße,Männer,50 bis 54 Jahre,B9999,unbestimmt (nur Pst),1,50,54
1766967,2024-03-31,962,Wien Redergasse,Frauen,25 bis 29 Jahre,B9999,unbestimmt (nur Pst),1,25,29
1767350,2024-03-31,962,Wien Redergasse,Männer,30 bis 34 Jahre,B9999,unbestimmt (nur Pst),1,30,34
1767626,2024-03-31,963,Wien Währinger Gürtel,Frauen,25 bis 29 Jahre,B9999,unbestimmt (nur Pst),1,25,29
1767822,2024-03-31,963,Wien Währinger Gürtel,Frauen,55 bis 59 Jahre,B9999,unbestimmt (nur Pst),1,55,59
1767877,2024-03-31,963,Wien Währinger Gürtel,Männer,25 bis 29 Jahre,B9999,unbestimmt (nur Pst),1,25,29
1768156,2024-03-31,964,Wien Favoritenstraße,Frauen,25 bis 29 Jahre,B9999,unbestimmt (nur Pst),1,25,29
1768462,2024-03-31,964,Wien Favoritenstraße,Frauen,60 bis 64 Jahre,B9999,unbestimmt (nur Pst),1,60,64
1768569,2024-03-31,964,Wien Favoritenstraße,Männer,25 bis 29 Jahre,B9999,unbestimmt (nur Pst),1,25,29
1769834,2024-03-31,966,Wien Hietzinger Kai,Frauen,25 bis 29 Jahre,B9999,unbestimmt (nur Pst),1,25,29
1770535,2024-03-31,967,Wien Huttengasse,Frauen,30 bis 34 Jahre,B9999,unbestimmt (nur Pst),1,30,34
1771096,2024-03-31,967,Wien Huttengasse,Männer,40 bis 44 Jahre,B9999,unbestimmt (nur Pst),1,40,44
1771375,2024-03-31,968,Wien Schloßhofer Straße,Frauen,30 bis 34 Jahre,B9999,unbestimmt (nur Pst),2,30,34
1771521,2024-03-31,968,Wien Schloßhofer Straße,Frauen,45 bis 49 Jahre,B9999,unbestimmt (nur Pst),1,45,49
1771652,2024-03-31,968,Wien Schloßhofer Straße,Männer,25 bis 29 Jahre,B9999,unbestimmt (nur Pst),1,25,29
1772063,2024-03-31,969,Wien-Wagramer Straße,Frauen,30 bis 34 Jahre,B9999,unbestimmt (nur Pst),1,30,34
1772429,2024-03-31,969,Wien-Wagramer Straße,Männer,30 bis 34 Jahre,B9999,unbestimmt (nur Pst),1,30,34
1772752,2024-03-31,974,Wien Austria Campus,Frauen,25 bis 29 Jahre,B9999,unbestimmt (nur Pst),1,25,29
1772791,2024-03-31,974,Wien Austria Campus,Frauen,30 bis 34 Jahre,B9999,unbestimmt (nur Pst),1,30,34
1773889,2024-03-31,976,Wien Jugendliche I,Frauen,bis 19 Jahre,B9999,unbestimmt (nur Pst),8,0,19
1773983,2024-03-31,976,Wien Jugendliche I,Frauen,20 bis 24 Jahre,B9999,unbestimmt (nur Pst),13,20,24
1774012,2024-03-31,976,Wien Jugendliche I,Frauen,25 bis 29 Jahre,B9999,unbestimmt (nur Pst),1,25,29
1774106,2024-03-31,976,Wien Jugendliche I,Männer,bis 19 Jahre,B9999,unbestimmt (nur Pst),20,0,19
1774273,2024-03-31,976,Wien Jugendliche I,Männer,20 bis 24 Jahre,B9999,unbestimmt (nur Pst),6,20,24
1774835,2024-04-30,101,Eisenstadt,Frauen,bis 19 Jahre,B9999,unbestimmt (nur Pst),1,0,19
1774859,2024-04-30,101,Eisenstadt,Frauen,25 bis 29 Jahre,B9999,unbestimmt (nur Pst),1,25,29
1774998,2024-04-30,102,Mattersburg,Frauen,bis 19 Jahre,B9999,unbestimmt (nur Pst),5,0,19
1775011,2024-04-30,102,Mattersburg,Frauen,20 bis 24 Jahre,B9999,unbestimmt (nur Pst),1,20,24
1775050,2024-04-30,102,Mattersburg,Frauen,45 bis 49 Jahre,B9999,unbestimmt (nur Pst),1,45,49
1775075,2024-04-30,102,Mattersburg,Männer,bis 19 Jahre,B9999,unbestimmt (nur Pst),4,0,19
1775214,2024-04-30,103,Neusiedl am See,Männer,bis 19 Jahre,B9999,unbestimmt (nur Pst),1,0,19
1775253,2024-04-30,103,Neusiedl am See,Männer,50 bis 54 Jahre,B9999,unbestimmt (nur Pst),1,50,54
1775456,2024-04-30,105,Oberwart,Frauen,bis 19 Jahre,B9999,unbestimmt (nur Pst),2,0,19
1775514,2024-04-30,105,Oberwart,Frauen,30 bis 34 Jahre,B9999,unbestimmt (nur Pst),1,30,34
1775654,2024-04-30,105,Oberwart,Männer,20 bis 24 Jahre,B9999,unbestimmt (nur Pst),1,20,24
1775852,2024-04-30,106,Stegersbach,Männer,30 bis 34 Jahre,B9999,unbestimmt (nur Pst),1,30,34
1775860,2024-04-30,106,Stegersbach,Männer,35 bis 39 Jahre,B9999,unbestimmt (nur Pst),1,35,39
1775954,2024-04-30,107,Jennersdorf,Männer,35 bis 39 Jahre,B9999,unbestimmt (nur Pst),1,35,39
1776040,2024-04-30,201,Feldkirchen,Männer,bis 19 Jahre,B9999,unbestimmt (nur Pst),1,0,19
1776215,2024-04-30,203,Klagenfurt,Frauen,30 bis 34 Jahre,B9999,unbestimmt (nur Pst),1,30,34
1776251,2024-04-30,203,Klagenfurt,Frauen,35 bis 39 Jahre,B9999,unbestimmt (nur Pst),1,35,39
1776334,2024-04-30,203,Klagenfurt,Frauen,50 bis 54 Jahre,B9999,unbestimmt (nur Pst),1,50,54
1776377,2024-04-30,203,Klagenfurt,Männer,bis 19 Jahre,B9999,unbestimmt (nur Pst),2,0,19
1776409,2024-04-30,203,Klagenfurt,Männer,20 bis 24 Jahre,B9999,unbestimmt (nur Pst),1,20,24
1776583,2024-04-30,204,Spittal/Drau,Frauen,bis 19 Jahre,B9999,unbestimmt (nur Pst),3,0,19
1776602,2024-04-30,204,Spittal/Drau,Frauen,20 bis 24 Jahre,B9999,unbestimmt (nur Pst),1,20,24
1776713,2024-04-30,204,Spittal/Drau,Männer,bis 19 Jahre,B9999,unbestimmt (nur Pst),2,0,19
1777084,2024-04-30,206,Villach,Frauen,35 bis 39 Jahre,B9999,unbestimmt (nur Pst),1,35,39
1777299,2024-04-30,206,Villach,Männer,45 bis 49 Jahre,B9999,unbestimmt (nur Pst),1,45,49
1777354,2024-04-30,207,Völkermarkt,Frauen,20 bis 24 Jahre,B9999,unbestimmt (nur Pst),2,20,24
1777402,2024-04-30,207,Völkermarkt,Frauen,45 bis 49 Jahre,B9999,unbestimmt (nur Pst),1,45,49
1777410,2024-04-30,207,Völkermarkt,Frauen,50 bis 54 Jahre,B9999,unbestimmt (nur Pst),1,50,54
1777445,2024-04-30,207,Völkermarkt,Männer,20 bis 24 Jahre,B9999,unbestimmt (nur Pst),1,20,24
1777458,2024-04-30,207,Völkermarkt,Männer,30 bis 34 Jahre,B9999,unbestimmt (nur Pst),1,30,34
1777673,2024-04-30,301,Amstetten,Frauen,bis 19 Jahre,B9999,unbestimmt (nur Pst),4,0,19
1777698,2024-04-30,301,Amstetten,Frauen,20 bis 24 Jahre,B9999,unbestimmt (nur Pst),4,20,24
1777722,2024-04-30,301,Amstetten,Frauen,25 bis 29 Jahre,B9999,unbestimmt (nur Pst),2,25,29
1777746,2024-04-30,301,Amstetten,Frauen,30 bis 34 Jahre,B9999,unbestimmt (nur Pst),4,30,34
1777767,2024-04-30,301,Amstetten,Frauen,35 bis 39 Jahre,B9999,unbestimmt (nur Pst),2,35,39
1777807,2024-04-30,301,Amstetten,Frauen,45 bis 49 Jahre,B9999,unbestimmt (nur Pst),1,45,49
1777858,2024-04-30,301,Amstetten,Männer,bis 19 Jahre,B9999,unbestimmt (nur Pst),8,0,19
1777906,2024-04-30,301,Amstetten,Männer,25 bis 29 Jahre,B9999,unbestimmt (nur Pst),1,25,29
1778004,2024-04-30,304,Baden neu,Frauen,bis 19 Jahre,B9999,unbestimmt (nur Pst),2,0,19
1778109,2024-04-30,304,Baden neu,Frauen,35 bis 39 Jahre,B9999,unbestimmt (nur Pst),1,35,39
1778220,2024-04-30,304,Baden neu,Männer,bis 19 Jahre,B9999,unbestimmt (nur Pst),1,0,19
1778417,2024-04-30,306,Bruck/Leitha,Frauen,bis 19 Jahre,B9999,unbestimmt (nur Pst),1,0,19
1778476,2024-04-30,306,Bruck/Leitha,Frauen,40 bis 44 Jahre,B9999,unbestimmt (nur Pst),1,40,44
1778513,2024-04-30,306,Bruck/Leitha,Männer,bis 19 Jahre,B9999,unbestimmt (nur Pst),2,0,19
1778599,2024-04-30,308,Gänserndorf,Frauen,bis 19 Jahre,B9999,unbestimmt (nur Pst),1,0,19
1778632,2024-04-30,308,Gänserndorf,Frauen,20 bis 24 Jahre,B9999,unbestimmt (nur Pst),2,20,24
1778652,2024-04-30,308,Gänserndorf,Frauen,25 bis 29 Jahre,B9999,unbestimmt (nur Pst),2,25,29
1778713,2024-04-30,308,Gänserndorf,Frauen,40 bis 44 Jahre,B9999,unbestimmt (nur Pst),1,40,44
1778792,2024-04-30,308,Gänserndorf,Männer,bis 19 Jahre,B9999,unbestimmt (nur Pst),2,0,19
1779386,2024-04-30,314,Korneuburg,Frauen,bis 19 Jahre,B9999,unbestimmt (nur Pst),2,0,19
1779420,2024-04-30,314,Korneuburg,Frauen,25 bis 29 Jahre,B9999,unbestimmt (nur Pst),1,25,29
1779463,2024-04-30,314,Korneuburg,Frauen,35 bis 39 Jahre,B9999,unbestimmt (nur Pst),1,35,39
1779674,2024-04-30,315,Krems,Frauen,bis 19 Jahre,B9999,unbestimmt (nur Pst),1,0,19
1779725,2024-04-30,315,Krems,Frauen,25 bis 29 Jahre,B9999,unbestimmt (nur Pst),1,25,29
1779767,2024-04-30,315,Krems,Frauen,35 bis 39 Jahre,B9999,unbestimmt (nur Pst),1,35,39
1779804,2024-04-30,315,Krems,Frauen,45 bis 49 Jahre,B9999,unbestimmt (nur Pst),2,45,49
1779816,2024-04-30,315,Krems,Frauen,50 bis 54 Jahre,B9999,unbestimmt (nur Pst),1,50,54
1779850,2024-04-30,315,Krems,Männer,bis 19 Jahre,B9999,unbestimmt (nur Pst),2,0,19
1779949,2024-04-30,315,Krems,Männer,50 bis 54 Jahre,B9999,unbestimmt (nur Pst),1,50,54
1779973,2024-04-30,316,Lilienfeld,Frauen,bis 19 Jahre,B9999,unbestimmt (nur Pst),1,0,19
1779997,2024-04-30,316,Lilienfeld,Frauen,30 bis 34 Jahre,B9999,unbestimmt (nur Pst),1,30,34
1780042,2024-04-30,316,Lilienfeld,Männer,bis 19 Jahre,B9999,unbestimmt (nur Pst),1,0,19
1780225,2024-04-30,317,Melk,Männer,bis 19 Jahre,B9999,unbestimmt (nur Pst),2,0,19
1780326,2024-04-30,319,Mistelbach,Frauen,bis 19 Jahre,B9999,unbestimmt (nur Pst),1,0,19
1780348,2024-04-30,319,Mistelbach,Frauen,20 bis 24 Jahre,B9999,unbestimmt (nur Pst),1,20,24
1780370,2024-04-30,319,Mistelbach,Frauen,30 bis 34 Jahre,B9999,unbestimmt (nur Pst),1,30,34
1780462,2024-04-30,319,Mistelbach,Männer,bis 19 Jahre,B9999,unbestimmt (nur Pst),1,0,19
1780483,2024-04-30,319,Mistelbach,Männer,20 bis 24 Jahre,B9999,unbestimmt (nur Pst),1,20,24
1780551,2024-04-30,321,Mödling,Frauen,bis 19 Jahre,B9999,unbestimmt (nur Pst),7,0,19
1780575,2024-04-30,321,Mödling,Frauen,20 bis 24 Jahre,B9999,unbestimmt (nur Pst),2,20,24
1780747,2024-04-30,321,Mödling,Männer,bis 19 Jahre,B9999,unbestimmt (nur Pst),19,0,19
1780783,2024-04-30,321,Mödling,Männer,20 bis 24 Jahre,B9999,unbestimmt (nur Pst),1,20,24
1780898,2024-04-30,323,Neunkirchen,Frauen,bis 19 Jahre,B9999,unbestimmt (nur Pst),1,0,19
1780978,2024-04-30,323,Neunkirchen,Frauen,35 bis 39 Jahre,B9999,unbestimmt (nur Pst),1,35,39
1781218,2024-04-30,326,St. Pölten,Frauen,bis 19 Jahre,B9999,unbestimmt (nur Pst),6,0,19
1781255,2024-04-30,326,St. Pölten,Frauen,20 bis 24 Jahre,B9999,unbestimmt (nur Pst),5,20,24
1781283,2024-04-30,326,St. Pölten,Frauen,25 bis 29 Jahre,B9999,unbestimmt (nur Pst),1,25,29
1781419,2024-04-30,326,St. Pölten,Frauen,45 bis 49 Jahre,B9999,unbestimmt (nur Pst),1,45,49
1781496,2024-04-30,326,St. Pölten,Männer,bis 19 Jahre,B9999,unbestimmt (nur Pst),9,0,19
1781552,2024-04-30,326,St. Pölten,Männer,20 bis 24 Jahre,B9999,unbestimmt (nur Pst),5,20,24
1781609,2024-04-30,326,St. Pölten,Männer,30 bis 34 Jahre,B9999,unbestimmt (nur Pst),1,30,34
1781720,2024-04-30,326,St. Pölten,Männer,50 bis 54 Jahre,B9999,unbestimmt (nur Pst),1,50,54
1781773,2024-04-30,328,Scheibbs,Frauen,20 bis 24 Jahre,B9999,unbestimmt (nur Pst),1,20,24
1781786,2024-04-30,328,Scheibbs,Frauen,25 bis 29 Jahre,B9999,unbestimmt (nur Pst),1,25,29
1781855,2024-04-30,328,Scheibbs,Männer,bis 19 Jahre,B9999,unbestimmt (nur Pst),2,0,19
1781910,2024-04-30,328,Scheibbs,Männer,60 bis 64 Jahre,B9999,unbestimmt (nur Pst),1,60,64
1781923,2024-04-30,329,Schwechat,Frauen,bis 19 Jahre,B9999,unbestimmt (nur Pst),1,0,19
1781945,2024-04-30,329,Schwechat,Frauen,20 bis 24 Jahre,B9999,unbestimmt (nur Pst),1,20,24
1782053,2024-04-30,329,Schwechat,Männer,bis 19 Jahre,B9999,unbestimmt (nur Pst),1,0,19
1782152,2024-04-30,331,Tulln,Frauen,bis 19 Jahre,B9999,unbestimmt (nur Pst),2,0,19
1782180,2024-04-30,331,Tulln,Frauen,20 bis 24 Jahre,B9999,unbestimmt (nur Pst),5,20,24
1782201,2024-04-30,331,Tulln,Frauen,25 bis 29 Jahre,B9999,unbestimmt (nur Pst),3,25,29
1782267,2024-04-30,331,Tulln,Frauen,40 bis 44 Jahre,B9999,unbestimmt (nur Pst),1,40,44
1782287,2024-04-30,331,Tulln,Frauen,45 bis 49 Jahre,B9999,unbestimmt (nur Pst),1,45,49
1782327,2024-04-30,331,Tulln,Männer,bis 19 Jahre,B9999,unbestimmt (nur Pst),7,0,19
1782355,2024-04-30,331,Tulln,Männer,20 bis 24 Jahre,B9999,unbestimmt (nur Pst),1,20,24
1782384,2024-04-30,331,Tulln,Männer,30 bis 34 Jahre,B9999,unbestimmt (nur Pst),1,30,34
1782457,2024-04-30,332,Waidhofen/Thaya,Frauen,20 bis 24 Jahre,B9999,unbestimmt (nur Pst),1,20,24
1782507,2024-04-30,332,Waidhofen/Thaya,Männer,bis 19 Jahre,B9999,unbestimmt (nur Pst),1,0,19
1782524,2024-04-30,332,Waidhofen/Thaya,Männer,20 bis 24 Jahre,B9999,unbestimmt (nur Pst),1,20,24
1782557,2024-04-30,333,Waidhofen/Ybbs,Frauen,bis 19 Jahre,B9999,unbestimmt (nur Pst),1,0,19
1782588,2024-04-30,333,Waidhofen/Ybbs,Frauen,35 bis 39 Jahre,B9999,unbestimmt (nur Pst),1,35,39
1782613,2024-04-30,333,Waidhofen/Ybbs,Männer,bis 19 Jahre,B9999,unbestimmt (nur Pst),1,0,19
1782640,2024-04-30,333,Waidhofen/Ybbs,Männer,40 bis 44 Jahre,B9999,unbestimmt (nur Pst),1,40,44
1782676,2024-04-30,334,Wr. Neustadt,Frauen,bis 19 Jahre,B9999,unbestimmt (nur Pst),9,0,19
1782709,2024-04-30,334,Wr. Neustadt,Frauen,20 bis 24 Jahre,B9999,unbestimmt (nur Pst),1,20,24
1782897,2024-04-30,334,Wr. Neustadt,Männer,bis 19 Jahre,B9999,unbestimmt (nur Pst),3,0,19
1783171,2024-04-30,335,Zwettl,Männer,bis 19 Jahre,B9999,unbestimmt (nur Pst),1,0,19
1783221,2024-04-30,401,Braunau,Frauen,bis 19 Jahre,B9999,unbestimmt (nur Pst),9,0,19
1783254,2024-04-30,401,Braunau,Frauen,20 bis 24 Jahre,B9999,unbestimmt (nur Pst),7,20,24
1783323,2024-04-30,401,Braunau,Frauen,35 bis 39 Jahre,B9999,unbestimmt (nur Pst),1,35,39
1783344,2024-04-30,401,Braunau,Frauen,40 bis 44 Jahre,B9999,unbestimmt (nur Pst),1,40,44
1783416,2024-04-30,401,Braunau,Männer,bis 19 Jahre,B9999,unbestimmt (nur Pst),18,0,19
1783450,2024-04-30,401,Braunau,Männer,20 bis 24 Jahre,B9999,unbestimmt (nur Pst),1,20,24
1783480,2024-04-30,401,Braunau,Männer,25 bis 29 Jahre,B9999,unbestimmt (nur Pst),1,25,29
1783515,2024-04-30,401,Braunau,Männer,35 bis 39 Jahre,B9999,unbestimmt (nur Pst),2,35,39
1783530,2024-04-30,401,Braunau,Männer,40 bis 44 Jahre,B9999,unbestimmt (nur Pst),1,40,44
1783588,2024-04-30,402,Eferding,Frauen,20 bis 24 Jahre,B9999,unbestimmt (nur Pst),1,20,24
1783605,2024-04-30,402,Eferding,Frauen,30 bis 34 Jahre,B9999,unbestimmt (nur Pst),1,30,34
1783612,2024-04-30,402,Eferding,Frauen,35 bis 39 Jahre,B9999,unbestimmt (nur Pst),1,35,39
1783649,2024-04-30,402,Eferding,Männer,bis 19 Jahre,B9999,unbestimmt (nur Pst),1,0,19
1783731,2024-04-30,403,Freistadt,Frauen,20 bis 24 Jahre,B9999,unbestimmt (nur Pst),2,20,24
1783848,2024-04-30,403,Freistadt,Männer,bis 19 Jahre,B9999,unbestimmt (nur Pst),1,0,19
1783963,2024-04-30,404,Gmunden,Frauen,bis 19 Jahre,B9999,unbestimmt (nur Pst),4,0,19
1783993,2024-04-30,404,Gmunden,Frauen,20 bis 24 Jahre,B9999,unbestimmt (nur Pst),1,20,24
1784010,2024-04-30,404,Gmunden,Frauen,25 bis 29 Jahre,B9999,unbestimmt (nur Pst),1,25,29
1784032,2024-04-30,404,Gmunden,Frauen,30 bis 34 Jahre,B9999,unbestimmt (nur Pst),1,30,34
1784135,2024-04-30,404,Gmunden,Männer,bis 19 Jahre,B9999,unbestimmt (nur Pst),2,0,19
1784294,2024-04-30,406,Grieskirchen,Frauen,bis 19 Jahre,B9999,unbestimmt (nur Pst),1,0,19
1784362,2024-04-30,406,Grieskirchen,Frauen,35 bis 39 Jahre,B9999,unbestimmt (nur Pst),1,35,39
1784376,2024-04-30,406,Grieskirchen,Frauen,40 bis 44 Jahre,B9999,unbestimmt (nur Pst),1,40,44
1784419,2024-04-30,406,Grieskirchen,Männer,bis 19 Jahre,B9999,unbestimmt (nur Pst),2,0,19
1784466,2024-04-30,406,Grieskirchen,Männer,30 bis 34 Jahre,B9999,unbestimmt (nur Pst),1,30,34
1784479,2024-04-30,406,Grieskirchen,Männer,40 bis 44 Jahre,B9999,unbestimmt (nur Pst),1,40,44
1784518,2024-04-30,407,Kirchdorf/Krems,Frauen,bis 19 Jahre,B9999,unbestimmt (nur Pst),3,0,19
1784549,2024-04-30,407,Kirchdorf/Krems,Frauen,25 bis 29 Jahre,B9999,unbestimmt (nur Pst),1,25,29
1784566,2024-04-30,407,Kirchdorf/Krems,Frauen,30 bis 34 Jahre,B9999,unbestimmt (nur Pst),1,30,34
1784625,2024-04-30,407,Kirchdorf/Krems,Männer,bis 19 Jahre,B9999,unbestimmt (nur Pst),3,0,19
1784743,2024-04-30,409,Linz neu,Frauen,bis 19 Jahre,B9999,unbestimmt (nur Pst),27,0,19
1784789,2024-04-30,409,Linz neu,Frauen,20 bis 24 Jahre,B9999,unbestimmt (nur Pst),15,20,24
1784837,2024-04-30,409,Linz neu,Frauen,25 bis 29 Jahre,B9999,unbestimmt (nur Pst),7,25,29
1784885,2024-04-30,409,Linz neu,Frauen,30 bis 34 Jahre,B9999,unbestimmt (nur Pst),5,30,34
1784925,2024-04-30,409,Linz neu,Frauen,35 bis 39 Jahre,B9999,unbestimmt (nur Pst),2,35,39
1785043,2024-04-30,409,Linz neu,Frauen,50 bis 54 Jahre,B9999,unbestimmt (nur Pst),1,50,54
1785108,2024-04-30,409,Linz neu,Männer,bis 19 Jahre,B9999,unbestimmt (nur Pst),28,0,19
1785187,2024-04-30,409,Linz neu,Männer,20 bis 24 Jahre,B9999,unbestimmt (nur Pst),8,20,24
1785245,2024-04-30,409,Linz neu,Männer,25 bis 29 Jahre,B9999,unbestimmt (nur Pst),4,25,29
1785297,2024-04-30,409,Linz neu,Männer,30 bis 34 Jahre,B9999,unbestimmt (nur Pst),1,30,34
1785346,2024-04-30,409,Linz neu,Männer,35 bis 39 Jahre,B9999,unbestimmt (nur Pst),3,35,39
1785390,2024-04-30,409,Linz neu,Männer,40 bis 44 Jahre,B9999,unbestimmt (nur Pst),2,40,44
1785489,2024-04-30,409,Linz neu,Männer,60 bis 64 Jahre,B9999,unbestimmt (nur Pst),1,60,64
1785506,2024-04-30,411,Perg,Frauen,bis 19 Jahre,B9999,unbestimmt (nur Pst),3,0,19
1785663,2024-04-30,411,Perg,Männer,20 bis 24 Jahre,B9999,unbestimmt (nur Pst),1,20,24
1785758,2024-04-30,412,Ried im Innkreis,Frauen,bis 19 Jahre,B9999,unbestimmt (nur Pst),11,0,19
1785783,2024-04-30,412,Ried im Innkreis,Frauen,20 bis 24 Jahre,B9999,unbestimmt (nur Pst),1,20,24
1785796,2024-04-30,412,Ried im Innkreis,Frauen,25 bis 29 Jahre,B9999,unbestimmt (nur Pst),2,25,29
1785846,2024-04-30,412,Ried im Innkreis,Frauen,40 bis 44 Jahre,B9999,unbestimmt (nur Pst),1,40,44
1785856,2024-04-30,412,Ried im Innkreis,Frauen,45 bis 49 Jahre,B9999,unbestimmt (nur Pst),1,45,49
1785866,2024-04-30,412,Ried im Innkreis,Frauen,50 bis 54 Jahre,B9999,unbestimmt (nur Pst),1,50,54
1785891,2024-04-30,412,Ried im Innkreis,Männer,bis 19 Jahre,B9999,unbestimmt (nur Pst),12,0,19
1785957,2024-04-30,412,Ried im Innkreis,Männer,40 bis 44 Jahre,B9999,unbestimmt (nur Pst),1,40,44
1785991,2024-04-30,413,Rohrbach,Frauen,bis 19 Jahre,B9999,unbestimmt (nur Pst),3,0,19
1786018,2024-04-30,413,Rohrbach,Frauen,25 bis 29 Jahre,B9999,unbestimmt (nur Pst),1,25,29
1786034,2024-04-30,413,Rohrbach,Frauen,30 bis 34 Jahre,B9999,unbestimmt (nur Pst),1,30,34
1786060,2024-04-30,413,Rohrbach,Frauen,40 bis 44 Jahre,B9999,unbestimmt (nur Pst),1,40,44
1786090,2024-04-30,413,Rohrbach,Frauen,55 bis 59 Jahre,B9999,unbestimmt (nur Pst),1,55,59
1786104,2024-04-30,413,Rohrbach,Männer,bis 19 Jahre,B9999,unbestimmt (nur Pst),3,0,19
1786121,2024-04-30,413,Rohrbach,Männer,20 bis 24 Jahre,B9999,unbestimmt (nur Pst),1,20,24
1786130,2024-04-30,413,Rohrbach,Männer,25 bis 29 Jahre,B9999,unbestimmt (nur Pst),1,25,29
1786179,2024-04-30,414,Schärding,Frauen,bis 19 Jahre,B9999,unbestimmt (nur Pst),2,0,19
1786318,2024-04-30,414,Schärding,Männer,30 bis 34 Jahre,B9999,unbestimmt (nur Pst),1,30,34
1786324,2024-04-30,414,Schärding,Männer,40 bis 44 Jahre,B9999,unbestimmt (nur Pst),1,40,44
1786361,2024-04-30,415,Steyr,Frauen,bis 19 Jahre,B9999,unbestimmt (nur Pst),5,0,19
1786400,2024-04-30,415,Steyr,Frauen,20 bis 24 Jahre,B9999,unbestimmt (nur Pst),1,20,24
1786475,2024-04-30,415,Steyr,Frauen,35 bis 39 Jahre,B9999,unbestimmt (nur Pst),1,35,39
1786520,2024-04-30,415,Steyr,Frauen,45 bis 49 Jahre,B9999,unbestimmt (nur Pst),1,45,49
1786582,2024-04-30,415,Steyr,Männer,bis 19 Jahre,B9999,unbestimmt (nur Pst),9,0,19
1786628,2024-04-30,415,Steyr,Männer,20 bis 24 Jahre,B9999,unbestimmt (nur Pst),4,20,24
1786667,2024-04-30,415,Steyr,Männer,25 bis 29 Jahre,B9999,unbestimmt (nur Pst),3,25,29
1786695,2024-04-30,415,Steyr,Männer,30 bis 34 Jahre,B9999,unbestimmt (nur Pst),3,30,34
1786783,2024-04-30,415,Steyr,Männer,55 bis 59 Jahre,B9999,unbestimmt (nur Pst),1,55,59
1786811,2024-04-30,418,Vöcklabruck,Frauen,bis 19 Jahre,B9999,unbestimmt (nur Pst),6,0,19
1786841,2024-04-30,418,Vöcklabruck,Frauen,20 bis 24 Jahre,B9999,unbestimmt (nur Pst),1,20,24
1786859,2024-04-30,418,Vöcklabruck,Frauen,25 bis 29 Jahre,B9999,unbestimmt (nur Pst),1,25,29
1786983,2024-04-30,418,Vöcklabruck,Frauen,55 bis 59 Jahre,B9999,unbestimmt (nur Pst),1,55,59
1787006,2024-04-30,418,Vöcklabruck,Männer,bis 19 Jahre,B9999,unbestimmt (nur Pst),2,0,19
1787286,2024-04-30,419,Wels,Frauen,30 bis 34 Jahre,B9999,unbestimmt (nur Pst),1,30,34
1787315,2024-04-30,419,Wels,Frauen,35 bis 39 Jahre,B9999,unbestimmt (nur Pst),1,35,39
1787365,2024-04-30,419,Wels,Frauen,45 bis 49 Jahre,B9999,unbestimmt (nur Pst),2,45,49
1787427,2024-04-30,419,Wels,Männer,bis 19 Jahre,B9999,unbestimmt (nur Pst),1,0,19
1787514,2024-04-30,419,Wels,Männer,30 bis 34 Jahre,B9999,unbestimmt (nur Pst),1,30,34
1787636,2024-04-30,421,Traun,Frauen,bis 19 Jahre,B9999,unbestimmt (nur Pst),1,0,19
1787669,2024-04-30,421,Traun,Frauen,20 bis 24 Jahre,B9999,unbestimmt (nur Pst),1,20,24
1787876,2024-04-30,421,Traun,Männer,bis 19 Jahre,B9999,unbestimmt (nur Pst),2,0,19
1787972,2024-04-30,421,Traun,Männer,30 bis 34 Jahre,B9999,unbestimmt (nur Pst),2,30,34
1789197,2024-04-30,511,Salzburg-Umgebung,Frauen,bis 19 Jahre,B9999,unbestimmt (nur Pst),1,0,19
1789473,2024-04-30,601,Bruck/Mur,Frauen,bis 19 Jahre,B9999,unbestimmt (nur Pst),2,0,19
1789619,2024-04-30,601,Bruck/Mur,Männer,bis 19 Jahre,B9999,unbestimmt (nur Pst),2,0,19
1789773,2024-04-30,603,Deutschlandsberg,Frauen,20 bis 24 Jahre,B9999,unbestimmt (nur Pst),1,20,24
1789786,2024-04-30,603,Deutschlandsberg,Frauen,25 bis 29 Jahre,B9999,unbestimmt (nur Pst),1,25,29
1789881,2024-04-30,603,Deutschlandsberg,Männer,bis 19 Jahre,B9999,unbestimmt (nur Pst),1,0,19
1790018,2024-04-30,604,Feldbach,Frauen,20 bis 24 Jahre,B9999,unbestimmt (nur Pst),1,20,24
1790265,2024-04-30,606,Gleisdorf,Frauen,20 bis 24 Jahre,B9999,unbestimmt (nur Pst),1,20,24
1790331,2024-04-30,606,Gleisdorf,Frauen,45 bis 49 Jahre,B9999,unbestimmt (nur Pst),1,45,49
1790354,2024-04-30,606,Gleisdorf,Männer,bis 19 Jahre,B9999,unbestimmt (nur Pst),3,0,19
1790465,2024-04-30,609,Hartberg,Frauen,20 bis 24 Jahre,B9999,unbestimmt (nur Pst),1,20,24
1790637,2024-04-30,609,Hartberg,Männer,bis 19 Jahre,B9999,unbestimmt (nur Pst),2,0,19
1790811,2024-04-30,610,Judenburg,Frauen,20 bis 24 Jahre,B9999,unbestimmt (nur Pst),1,20,24
1791099,2024-04-30,611,Murau,Männer,25 bis 29 Jahre,B9999,unbestimmt (nur Pst),1,25,29
1791135,2024-04-30,614,Leibnitz,Frauen,bis 19 Jahre,B9999,unbestimmt (nur Pst),1,0,19
1791165,2024-04-30,614,Leibnitz,Frauen,20 bis 24 Jahre,B9999,unbestimmt (nur Pst),1,20,24
1791252,2024-04-30,614,Leibnitz,Frauen,40 bis 44 Jahre,B9999,unbestimmt (nur Pst),1,40,44
1791269,2024-04-30,614,Leibnitz,Frauen,45 bis 49 Jahre,B9999,unbestimmt (nur Pst),1,45,49
1791506,2024-04-30,616,Leoben,Frauen,30 bis 34 Jahre,B9999,unbestimmt (nur Pst),1,30,34
1791595,2024-04-30,616,Leoben,Männer,bis 19 Jahre,B9999,unbestimmt (nur Pst),2,0,19
1791836,2024-04-30,618,Liezen,Männer,bis 19 Jahre,B9999,unbestimmt (nur Pst),2,0,19
1791926,2024-04-30,621,Mürzzuschlag,Frauen,bis 19 Jahre,B9999,unbestimmt (nur Pst),1,0,19
1791943,2024-04-30,621,Mürzzuschlag,Frauen,25 bis 29 Jahre,B9999,unbestimmt (nur Pst),1,25,29
1792012,2024-04-30,621,Mürzzuschlag,Männer,bis 19 Jahre,B9999,unbestimmt (nur Pst),1,0,19
1792025,2024-04-30,621,Mürzzuschlag,Männer,20 bis 24 Jahre,B9999,unbestimmt (nur Pst),1,20,24
1792097,2024-04-30,622,Voitsberg,Frauen,bis 19 Jahre,B9999,unbestimmt (nur Pst),1,0,19
1792114,2024-04-30,622,Voitsberg,Frauen,20 bis 24 Jahre,B9999,unbestimmt (nur Pst),1,20,24
1792139,2024-04-30,622,Voitsberg,Frauen,30 bis 34 Jahre,B9999,unbestimmt (nur Pst),1,30,34
1792207,2024-04-30,622,Voitsberg,Männer,bis 19 Jahre,B9999,unbestimmt (nur Pst),1,0,19
1792276,2024-04-30,623,Weiz,Frauen,bis 19 Jahre,B9999,unbestimmt (nur Pst),2,0,19
1792293,2024-04-30,623,Weiz,Frauen,20 bis 24 Jahre,B9999,unbestimmt (nur Pst),2,20,24
1792305,2024-04-30,623,Weiz,Frauen,25 bis 29 Jahre,B9999,unbestimmt (nur Pst),1,25,29
1792315,2024-04-30,623,Weiz,Frauen,30 bis 34 Jahre,B9999,unbestimmt (nur Pst),1,30,34
1792351,2024-04-30,623,Weiz,Frauen,45 bis 49 Jahre,B9999,unbestimmt (nur Pst),1,45,49
1792363,2024-04-30,623,Weiz,Frauen,55 bis 59 Jahre,B9999,unbestimmt (nur Pst),1,55,59
1792430,2024-04-30,623,Weiz,Männer,50 bis 54 Jahre,B9999,unbestimmt (nur Pst),1,50,54
1792482,2024-04-30,630,Graz-West und Umgebung,Frauen,bis 19 Jahre,B9999,unbestimmt (nur Pst),6,0,19
1792532,2024-04-30,630,Graz-West und Umgebung,Frauen,20 bis 24 Jahre,B9999,unbestimmt (nur Pst),3,20,24
1792651,2024-04-30,630,Graz-West und Umgebung,Frauen,30 bis 34 Jahre,B9999,unbestimmt (nur Pst),1,30,34
1792811,2024-04-30,630,Graz-West und Umgebung,Frauen,45 bis 49 Jahre,B9999,unbestimmt (nur Pst),2,45,49
1792934,2024-04-30,630,Graz-West und Umgebung,Männer,bis 19 Jahre,B9999,unbestimmt (nur Pst),18,0,19
1793118,2024-04-30,630,Graz-West und Umgebung,Männer,30 bis 34 Jahre,B9999,unbestimmt (nur Pst),1,30,34
1793227,2024-04-30,630,Graz-West und Umgebung,Männer,40 bis 44 Jahre,B9999,unbestimmt (nur Pst),1,40,44
1793400,2024-04-30,631,Graz-Ost,Frauen,20 bis 24 Jahre,B9999,unbestimmt (nur Pst),1,20,24
1793508,2024-04-30,631,Graz-Ost,Frauen,35 bis 39 Jahre,B9999,unbestimmt (nur Pst),1,35,39
1793654,2024-04-30,631,Graz-Ost,Männer,bis 19 Jahre,B9999,unbestimmt (nur Pst),3,0,19
1793920,2024-04-30,701,Imst,Frauen,bis 19 Jahre,B9999,unbestimmt (nur Pst),1,0,19
1794076,2024-04-30,702,Innsbruck,Frauen,20 bis 24 Jahre,B9999,unbestimmt (nur Pst),1,20,24
1794100,2024-04-30,702,Innsbruck,Frauen,25 bis 29 Jahre,B9999,unbestimmt (nur Pst),2,25,29
1794243,2024-04-30,702,Innsbruck,Frauen,55 bis 59 Jahre,B9999,unbestimmt (nur Pst),1,55,59
1794273,2024-04-30,702,Innsbruck,Männer,bis 19 Jahre,B9999,unbestimmt (nur Pst),2,0,19
1794346,2024-04-30,702,Innsbruck,Männer,25 bis 29 Jahre,B9999,unbestimmt (nur Pst),1,25,29
1794426,2024-04-30,702,Innsbruck,Männer,45 bis 49 Jahre,B9999,unbestimmt (nur Pst),1,45,49
1794581,2024-04-30,705,Kufstein,Frauen,20 bis 24 Jahre,B9999,unbestimmt (nur Pst),1,20,24
1794613,2024-04-30,705,Kufstein,Frauen,30 bis 34 Jahre,B9999,unbestimmt (nur Pst),1,30,34
1794631,2024-04-30,705,Kufstein,Frauen,35 bis 39 Jahre,B9999,unbestimmt (nur Pst),1,35,39
1794648,2024-04-30,705,Kufstein,Frauen,40 bis 44 Jahre,B9999,unbestimmt (nur Pst),1,40,44
1794676,2024-04-30,705,Kufstein,Frauen,50 bis 54 Jahre,B9999,unbestimmt (nur Pst),2,50,54
1794699,2024-04-30,705,Kufstein,Männer,bis 19 Jahre,B9999,unbestimmt (nur Pst),1,0,19
1794778,2024-04-30,705,Kufstein,Männer,40 bis 44 Jahre,B9999,unbestimmt (nur Pst),1,40,44
1795056,2024-04-30,709,Schwaz,Frauen,bis 19 Jahre,B9999,unbestimmt (nur Pst),3,0,19
1795070,2024-04-30,709,Schwaz,Frauen,20 bis 24 Jahre,B9999,unbestimmt (nur Pst),1,20,24
1795098,2024-04-30,709,Schwaz,Frauen,30 bis 34 Jahre,B9999,unbestimmt (nur Pst),1,30,34
1795213,2024-04-30,801,Bludenz,Frauen,bis 19 Jahre,B9999,unbestimmt (nur Pst),3,0,19
1795234,2024-04-30,801,Bludenz,Frauen,20 bis 24 Jahre,B9999,unbestimmt (nur Pst),3,20,24
1795332,2024-04-30,801,Bludenz,Männer,bis 19 Jahre,B9999,unbestimmt (nur Pst),1,0,19
1795353,2024-04-30,801,Bludenz,Männer,20 bis 24 Jahre,B9999,unbestimmt (nur Pst),3,20,24
1795369,2024-04-30,801,Bludenz,Männer,25 bis 29 Jahre,B9999,unbestimmt (nur Pst),1,25,29
1795446,2024-04-30,802,Bregenz,Frauen,bis 19 Jahre,B9999,unbestimmt (nur Pst),2,0,19
1795481,2024-04-30,802,Bregenz,Frauen,20 bis 24 Jahre,B9999,unbestimmt (nur Pst),1,20,24
1795504,2024-04-30,802,Bregenz,Frauen,25 bis 29 Jahre,B9999,unbestimmt (nur Pst),1,25,29
1795549,2024-04-30,802,Bregenz,Frauen,35 bis 39 Jahre,B9999,unbestimmt (nur Pst),1,35,39
1795641,2024-04-30,802,Bregenz,Männer,bis 19 Jahre,B9999,unbestimmt (nur Pst),3,0,19
1795686,2024-04-30,802,Bregenz,Männer,20 bis 24 Jahre,B9999,unbestimmt (nur Pst),2,20,24
1795769,2024-04-30,802,Bregenz,Männer,40 bis 44 Jahre,B9999,unbestimmt (nur Pst),1,40,44
1795818,2024-04-30,804,Dornbirn,Frauen,bis 19 Jahre,B9999,unbestimmt (nur Pst),2,0,19
1795849,2024-04-30,804,Dornbirn,Frauen,20 bis 24 Jahre,B9999,unbestimmt (nur Pst),5,20,24
1795987,2024-04-30,804,Dornbirn,Männer,bis 19 Jahre,B9999,unbestimmt (nur Pst),7,0,19
1796068,2024-04-30,804,Dornbirn,Männer,30 bis 34 Jahre,B9999,unbestimmt (nur Pst),2,30,34
1796138,2024-04-30,805,Feldkirch,Frauen,bis 19 Jahre,B9999,unbestimmt (nur Pst),7,0,19
1796181,2024-04-30,805,Feldkirch,Frauen,20 bis 24 Jahre,B9999,unbestimmt (nur Pst),9,20,24
1796210,2024-04-30,805,Feldkirch,Frauen,25 bis 29 Jahre,B9999,unbestimmt (nur Pst),3,25,29
1796254,2024-04-30,805,Feldkirch,Frauen,35 bis 39 Jahre,B9999,unbestimmt (nur Pst),1,35,39
1796299,2024-04-30,805,Feldkirch,Frauen,45 bis 49 Jahre,B9999,unbestimmt (nur Pst),1,45,49
1796311,2024-04-30,805,Feldkirch,Frauen,50 bis 54 Jahre,B9999,unbestimmt (nur Pst),1,50,54
1796344,2024-04-30,805,Feldkirch,Männer,bis 19 Jahre,B9999,unbestimmt (nur Pst),15,0,19
1796383,2024-04-30,805,Feldkirch,Männer,20 bis 24 Jahre,B9999,unbestimmt (nur Pst),8,20,24
1796409,2024-04-30,805,Feldkirch,Männer,25 bis 29 Jahre,B9999,unbestimmt (nur Pst),1,25,29
1796429,2024-04-30,805,Feldkirch,Männer,30 bis 34 Jahre,B9999,unbestimmt (nur Pst),1,30,34
1796445,2024-04-30,805,Feldkirch,Männer,35 bis 39 Jahre,B9999,unbestimmt (nur Pst),1,35,39
1796457,2024-04-30,805,Feldkirch,Männer,40 bis 44 Jahre,B9999,unbestimmt (nur Pst),1,40,44
1797009,2024-04-30,958,Wien Johnstraße,Männer,50 bis 54 Jahre,B9999,unbestimmt (nur Pst),1,50,54
1798214,2024-04-30,962,Wien Redergasse,Frauen,25 bis 29 Jahre,B9999,unbestimmt (nur Pst),1,25,29
1798576,2024-04-30,962,Wien Redergasse,Männer,30 bis 34 Jahre,B9999,unbestimmt (nur Pst),1,30,34
1798849,2024-04-30,963,Wien Währinger Gürtel,Frauen,25 bis 29 Jahre,B9999,unbestimmt (nur Pst),1,25,29
1798929,2024-04-30,963,Wien Währinger Gürtel,Frauen,35 bis 39 Jahre,B9999,unbestimmt (nur Pst),1,35,39
1799048,2024-04-30,963,Wien Währinger Gürtel,Frauen,55 bis 59 Jahre,B9999,unbestimmt (nur Pst),1,55,59
1799379,2024-04-30,964,Wien Favoritenstraße,Frauen,25 bis 29 Jahre,B9999,unbestimmt (nur Pst),1,25,29
1799685,2024-04-30,964,Wien Favoritenstraße,Frauen,60 bis 64 Jahre,B9999,unbestimmt (nur Pst),1,60,64
1799794,2024-04-30,964,Wien Favoritenstraße,Männer,25 bis 29 Jahre,B9999,unbestimmt (nur Pst),1,25,29
1801050,2024-04-30,966,Wien Hietzinger Kai,Frauen,25 bis 29 Jahre,B9999,unbestimmt (nur Pst),1,25,29
1801562,2024-04-30,966,Wien Hietzinger Kai,Männer,45 bis 49 Jahre,B9999,unbestimmt (nur Pst),1,45,49
1801760,2024-04-30,967,Wien Huttengasse,Frauen,30 bis 34 Jahre,B9999,unbestimmt (nur Pst),2,30,34
1802316,2024-04-30,967,Wien Huttengasse,Männer,40 bis 44 Jahre,B9999,unbestimmt (nur Pst),1,40,44
1802528,2024-04-30,968,Wien Schloßhofer Straße,Frauen,25 bis 29 Jahre,B9999,unbestimmt (nur Pst),1,25,29
1802593,2024-04-30,968,Wien Schloßhofer Straße,Frauen,30 bis 34 Jahre,B9999,unbestimmt (nur Pst),2,30,34
1802748,2024-04-30,968,Wien Schloßhofer Straße,Frauen,45 bis 49 Jahre,B9999,unbestimmt (nur Pst),1,45,49
1802789,2024-04-30,968,Wien Schloßhofer Straße,Frauen,50 bis 54 Jahre,B9999,unbestimmt (nur Pst),1,50,54
1802880,2024-04-30,968,Wien Schloßhofer Straße,Männer,25 bis 29 Jahre,B9999,unbestimmt (nur Pst),1,25,29
1803313,2024-04-30,969,Wien-Wagramer Straße,Frauen,30 bis 34 Jahre,B9999,unbestimmt (nur Pst),1,30,34
1803675,2024-04-30,969,Wien-Wagramer Straße,Männer,30 bis 34 Jahre,B9999,unbestimmt (nur Pst),1,30,34
1803981,2024-04-30,974,Wien Austria Campus,Frauen,25 bis 29 Jahre,B9999,unbestimmt (nur Pst),1,25,29
1804021,2024-04-30,974,Wien Austria Campus,Frauen,30 bis 34 Jahre,B9999,unbestimmt (nur Pst),1,30,34
1804305,2024-04-30,974,Wien Austria Campus,Männer,30 bis 34 Jahre,B9999,unbestimmt (nur Pst),1,30,34
1805130,2024-04-30,976,Wien Jugendliche I,Frauen,bis 19 Jahre,B9999,unbestimmt (nur Pst),11,0,19
1805229,2024-04-30,976,Wien Jugendliche I,Frauen,20 bis 24 Jahre,B9999,unbestimmt (nur Pst),9,20,24
1805360,2024-04-30,976,Wien Jugendliche I,Männer,bis 19 Jahre,B9999,unbestimmt (nur Pst),20,0,19
1805526,2024-04-30,976,Wien Jugendliche I,Männer,20 bis 24 Jahre,B9999,unbestimmt (nur Pst),6,20,24
1806088,2024-05-31,101,Eisenstadt,Frauen,bis 19 Jahre,B9999,unbestimmt (nur Pst),1,0,19
1806111,2024-05-31,101,Eisenstadt,Frauen,25 bis 29 Jahre,B9999,unbestimmt (nur Pst),1,25,29
1806245,2024-05-31,102,Mattersburg,Frauen,bis 19 Jahre,B9999,unbestimmt (nur Pst),7,0,19
1806257,2024-05-31,102,Mattersburg,Frauen,20 bis 24 Jahre,B9999,unbestimmt (nur Pst),1,20,24
1806294,2024-05-31,102,Mattersburg,Frauen,45 bis 49 Jahre,B9999,unbestimmt (nur Pst),1,45,49
1806318,2024-05-31,102,Mattersburg,Männer,bis 19 Jahre,B9999,unbestimmt (nur Pst),4,0,19
1806454,2024-05-31,103,Neusiedl am See,Männer,bis 19 Jahre,B9999,unbestimmt (nur Pst),1,0,19
1806493,2024-05-31,103,Neusiedl am See,Männer,50 bis 54 Jahre,B9999,unbestimmt (nur Pst),1,50,54
1806683,2024-05-31,105,Oberwart,Frauen,bis 19 Jahre,B9999,unbestimmt (nur Pst),2,0,19
1806737,2024-05-31,105,Oberwart,Frauen,30 bis 34 Jahre,B9999,unbestimmt (nur Pst),1,30,34
1806864,2024-05-31,105,Oberwart,Männer,20 bis 24 Jahre,B9999,unbestimmt (nur Pst),1,20,24
1807045,2024-05-31,106,Stegersbach,Männer,30 bis 34 Jahre,B9999,unbestimmt (nur Pst),1,30,34
1807052,2024-05-31,106,Stegersbach,Männer,35 bis 39 Jahre,B9999,unbestimmt (nur Pst),1,35,39
1807144,2024-05-31,107,Jennersdorf,Männer,35 bis 39 Jahre,B9999,unbestimmt (nur Pst),1,35,39
1807238,2024-05-31,201,Feldkirchen,Männer,bis 19 Jahre,B9999,unbestimmt (nur Pst),1,0,19
1807269,2024-05-31,202,Hermagor,Frauen,bis 19 Jahre,B9999,unbestimmt (nur Pst),1,0,19
1807414,2024-05-31,203,Klagenfurt,Frauen,30 bis 34 Jahre,B9999,unbestimmt (nur Pst),1,30,34
1807453,2024-05-31,203,Klagenfurt,Frauen,35 bis 39 Jahre,B9999,unbestimmt (nur Pst),1,35,39
1807532,2024-05-31,203,Klagenfurt,Frauen,50 bis 54 Jahre,B9999,unbestimmt (nur Pst),1,50,54
1807575,2024-05-31,203,Klagenfurt,Männer,bis 19 Jahre,B9999,unbestimmt (nur Pst),2,0,19
1807607,2024-05-31,203,Klagenfurt,Männer,20 bis 24 Jahre,B9999,unbestimmt (nur Pst),1,20,24
1807701,2024-05-31,203,Klagenfurt,Männer,40 bis 44 Jahre,B9999,unbestimmt (nur Pst),1,40,44
1807771,2024-05-31,204,Spittal/Drau,Frauen,bis 19 Jahre,B9999,unbestimmt (nur Pst),3,0,19
1807788,2024-05-31,204,Spittal/Drau,Frauen,20 bis 24 Jahre,B9999,unbestimmt (nur Pst),1,20,24
1807891,2024-05-31,204,Spittal/Drau,Männer,bis 19 Jahre,B9999,unbestimmt (nur Pst),1,0,19
1808267,2024-05-31,206,Villach,Frauen,35 bis 39 Jahre,B9999,unbestimmt (nur Pst),1,35,39
1808472,2024-05-31,206,Villach,Männer,45 bis 49 Jahre,B9999,unbestimmt (nur Pst),1,45,49
1808526,2024-05-31,207,Völkermarkt,Frauen,20 bis 24 Jahre,B9999,unbestimmt (nur Pst),1,20,24
1808569,2024-05-31,207,Völkermarkt,Frauen,45 bis 49 Jahre,B9999,unbestimmt (nur Pst),1,45,49
1808578,2024-05-31,207,Völkermarkt,Frauen,50 bis 54 Jahre,B9999,unbestimmt (nur Pst),1,50,54
1808608,2024-05-31,207,Völkermarkt,Männer,20 bis 24 Jahre,B9999,unbestimmt (nur Pst),1,20,24
1808622,2024-05-31,207,Völkermarkt,Männer,30 bis 34 Jahre,B9999,unbestimmt (nur Pst),1,30,34
1808831,2024-05-31,301,Amstetten,Frauen,bis 19 Jahre,B9999,unbestimmt (nur Pst),4,0,19
1808852,2024-05-31,301,Amstetten,Frauen,20 bis 24 Jahre,B9999,unbestimmt (nur Pst),4,20,24
1808875,2024-05-31,301,Amstetten,Frauen,25 bis 29 Jahre,B9999,unbestimmt (nur Pst),2,25,29
1808895,2024-05-31,301,Amstetten,Frauen,30 bis 34 Jahre,B9999,unbestimmt (nur Pst),4,30,34
1808917,2024-05-31,301,Amstetten,Frauen,35 bis 39 Jahre,B9999,unbestimmt (nur Pst),1,35,39
1808956,2024-05-31,301,Amstetten,Frauen,45 bis 49 Jahre,B9999,unbestimmt (nur Pst),1,45,49
1808999,2024-05-31,301,Amstetten,Männer,bis 19 Jahre,B9999,unbestimmt (nur Pst),8,0,19
1809046,2024-05-31,301,Amstetten,Männer,25 bis 29 Jahre,B9999,unbestimmt (nur Pst),1,25,29
1809140,2024-05-31,304,Baden neu,Frauen,bis 19 Jahre,B9999,unbestimmt (nur Pst),2,0,19
1809243,2024-05-31,304,Baden neu,Frauen,35 bis 39 Jahre,B9999,unbestimmt (nur Pst),1,35,39
1809348,2024-05-31,304,Baden neu,Männer,bis 19 Jahre,B9999,unbestimmt (nur Pst),1,0,19
1809588,2024-05-31,306,Bruck/Leitha,Frauen,40 bis 44 Jahre,B9999,unbestimmt (nur Pst),1,40,44
1809624,2024-05-31,306,Bruck/Leitha,Männer,bis 19 Jahre,B9999,unbestimmt (nur Pst),2,0,19
1809710,2024-05-31,308,Gänserndorf,Frauen,bis 19 Jahre,B9999,unbestimmt (nur Pst),2,0,19
1809742,2024-05-31,308,Gänserndorf,Frauen,20 bis 24 Jahre,B9999,unbestimmt (nur Pst),2,20,24
1809761,2024-05-31,308,Gänserndorf,Frauen,25 bis 29 Jahre,B9999,unbestimmt (nur Pst),2,25,29
1809825,2024-05-31,308,Gänserndorf,Frauen,40 bis 44 Jahre,B9999,unbestimmt (nur Pst),1,40,44
1809900,2024-05-31,308,Gänserndorf,Männer,bis 19 Jahre,B9999,unbestimmt (nur Pst),1,0,19
1810480,2024-05-31,314,Korneuburg,Frauen,bis 19 Jahre,B9999,unbestimmt (nur Pst),2,0,19
1810517,2024-05-31,314,Korneuburg,Frauen,25 bis 29 Jahre,B9999,unbestimmt (nur Pst),1,25,29
1810765,2024-05-31,315,Krems,Frauen,bis 19 Jahre,B9999,unbestimmt (nur Pst),1,0,19
1810813,2024-05-31,315,Krems,Frauen,25 bis 29 Jahre,B9999,unbestimmt (nur Pst),1,25,29
1810848,2024-05-31,315,Krems,Frauen,35 bis 39 Jahre,B9999,unbestimmt (nur Pst),1,35,39
1810882,2024-05-31,315,Krems,Frauen,45 bis 49 Jahre,B9999,unbestimmt (nur Pst),2,45,49
1810893,2024-05-31,315,Krems,Frauen,50 bis 54 Jahre,B9999,unbestimmt (nur Pst),1,50,54
1810921,2024-05-31,315,Krems,Männer,bis 19 Jahre,B9999,unbestimmt (nur Pst),2,0,19
1810962,2024-05-31,315,Krems,Männer,25 bis 29 Jahre,B9999,unbestimmt (nur Pst),1,25,29
1810982,2024-05-31,315,Krems,Männer,35 bis 39 Jahre,B9999,unbestimmt (nur Pst),1,35,39
1811026,2024-05-31,316,Lilienfeld,Frauen,bis 19 Jahre,B9999,unbestimmt (nur Pst),1,0,19
1811054,2024-05-31,316,Lilienfeld,Frauen,30 bis 34 Jahre,B9999,unbestimmt (nur Pst),1,30,34
1811147,2024-05-31,317,Melk,Frauen,bis 19 Jahre,B9999,unbestimmt (nur Pst),3,0,19
1811271,2024-05-31,317,Melk,Männer,bis 19 Jahre,B9999,unbestimmt (nur Pst),2,0,19
1811364,2024-05-31,319,Mistelbach,Frauen,bis 19 Jahre,B9999,unbestimmt (nur Pst),1,0,19
1811506,2024-05-31,319,Mistelbach,Männer,bis 19 Jahre,B9999,unbestimmt (nur Pst),1,0,19
1811527,2024-05-31,319,Mistelbach,Männer,20 bis 24 Jahre,B9999,unbestimmt (nur Pst),1,20,24
1811591,2024-05-31,321,Mödling,Frauen,bis 19 Jahre,B9999,unbestimmt (nur Pst),6,0,19
1811613,2024-05-31,321,Mödling,Frauen,20 bis 24 Jahre,B9999,unbestimmt (nur Pst),2,20,24
1811769,2024-05-31,321,Mödling,Männer,bis 19 Jahre,B9999,unbestimmt (nur Pst),17,0,19
1811803,2024-05-31,321,Mödling,Männer,20 bis 24 Jahre,B9999,unbestimmt (nur Pst),1,20,24
1811915,2024-05-31,323,Neunkirchen,Frauen,bis 19 Jahre,B9999,unbestimmt (nur Pst),1,0,19
1811939,2024-05-31,323,Neunkirchen,Frauen,20 bis 24 Jahre,B9999,unbestimmt (nur Pst),1,20,24
1811997,2024-05-31,323,Neunkirchen,Frauen,35 bis 39 Jahre,B9999,unbestimmt (nur Pst),1,35,39
1812218,2024-05-31,326,St. Pölten,Frauen,bis 19 Jahre,B9999,unbestimmt (nur Pst),5,0,19
1812252,2024-05-31,326,St. Pölten,Frauen,20 bis 24 Jahre,B9999,unbestimmt (nur Pst),4,20,24
1812283,2024-05-31,326,St. Pölten,Frauen,25 bis 29 Jahre,B9999,unbestimmt (nur Pst),1,25,29
1812413,2024-05-31,326,St. Pölten,Frauen,45 bis 49 Jahre,B9999,unbestimmt (nur Pst),1,45,49
1812493,2024-05-31,326,St. Pölten,Männer,bis 19 Jahre,B9999,unbestimmt (nur Pst),12,0,19
1812548,2024-05-31,326,St. Pölten,Männer,20 bis 24 Jahre,B9999,unbestimmt (nur Pst),4,20,24
1812669,2024-05-31,326,St. Pölten,Männer,40 bis 44 Jahre,B9999,unbestimmt (nur Pst),1,40,44
1812759,2024-05-31,328,Scheibbs,Frauen,20 bis 24 Jahre,B9999,unbestimmt (nur Pst),1,20,24
1812829,2024-05-31,328,Scheibbs,Männer,bis 19 Jahre,B9999,unbestimmt (nur Pst),2,0,19
1812893,2024-05-31,328,Scheibbs,Männer,60 bis 64 Jahre,B9999,unbestimmt (nur Pst),1,60,64
1812907,2024-05-31,329,Schwechat,Frauen,bis 19 Jahre,B9999,unbestimmt (nur Pst),1,0,19
1812926,2024-05-31,329,Schwechat,Frauen,20 bis 24 Jahre,B9999,unbestimmt (nur Pst),1,20,24
1813035,2024-05-31,329,Schwechat,Männer,bis 19 Jahre,B9999,unbestimmt (nur Pst),2,0,19
1813127,2024-05-31,331,Tulln,Frauen,bis 19 Jahre,B9999,unbestimmt (nur Pst),2,0,19
1813159,2024-05-31,331,Tulln,Frauen,20 bis 24 Jahre,B9999,unbestimmt (nur Pst),5,20,24
1813181,2024-05-31,331,Tulln,Frauen,25 bis 29 Jahre,B9999,unbestimmt (nur Pst),3,25,29
1813244,2024-05-31,331,Tulln,Frauen,40 bis 44 Jahre,B9999,unbestimmt (nur Pst),1,40,44
1813264,2024-05-31,331,Tulln,Frauen,45 bis 49 Jahre,B9999,unbestimmt (nur Pst),1,45,49
1813305,2024-05-31,331,Tulln,Männer,bis 19 Jahre,B9999,unbestimmt (nur Pst),7,0,19
1813333,2024-05-31,331,Tulln,Männer,20 bis 24 Jahre,B9999,unbestimmt (nur Pst),1,20,24
1813362,2024-05-31,331,Tulln,Männer,30 bis 34 Jahre,B9999,unbestimmt (nur Pst),1,30,34
1813483,2024-05-31,332,Waidhofen/Thaya,Männer,bis 19 Jahre,B9999,unbestimmt (nur Pst),1,0,19
1813501,2024-05-31,332,Waidhofen/Thaya,Männer,20 bis 24 Jahre,B9999,unbestimmt (nur Pst),1,20,24
1813532,2024-05-31,333,Waidhofen/Ybbs,Frauen,bis 19 Jahre,B9999,unbestimmt (nur Pst),1,0,19
1813561,2024-05-31,333,Waidhofen/Ybbs,Frauen,35 bis 39 Jahre,B9999,unbestimmt (nur Pst),1,35,39
1813567,2024-05-31,333,Waidhofen/Ybbs,Frauen,40 bis 44 Jahre,B9999,unbestimmt (nur Pst),1,40,44
1813578,2024-05-31,333,Waidhofen/Ybbs,Frauen,60 bis 64 Jahre,B9999,unbestimmt (nur Pst),1,60,64
1813586,2024-05-31,333,Waidhofen/Ybbs,Männer,bis 19 Jahre,B9999,unbestimmt (nur Pst),1,0,19
1813593,2024-05-31,333,Waidhofen/Ybbs,Männer,20 bis 24 Jahre,B9999,unbestimmt (nur Pst),1,20,24
1813596,2024-05-31,333,Waidhofen/Ybbs,Männer,25 bis 29 Jahre,B9999,unbestimmt (nur Pst),1,25,29
1813612,2024-05-31,333,Waidhofen/Ybbs,Männer,40 bis 44 Jahre,B9999,unbestimmt (nur Pst),1,40,44
1813640,2024-05-31,334,Wr. Neustadt,Frauen,bis 19 Jahre,B9999,unbestimmt (nur Pst),8,0,19
1813676,2024-05-31,334,Wr. Neustadt,Frauen,20 bis 24 Jahre,B9999,unbestimmt (nur Pst),1,20,24
1813850,2024-05-31,334,Wr. Neustadt,Männer,bis 19 Jahre,B9999,unbestimmt (nur Pst),3,0,19
1814110,2024-05-31,335,Zwettl,Männer,bis 19 Jahre,B9999,unbestimmt (nur Pst),1,0,19
1814155,2024-05-31,401,Braunau,Frauen,bis 19 Jahre,B9999,unbestimmt (nur Pst),7,0,19
1814186,2024-05-31,401,Braunau,Frauen,20 bis 24 Jahre,B9999,unbestimmt (nur Pst),7,20,24
1814229,2024-05-31,401,Braunau,Frauen,30 bis 34 Jahre,B9999,unbestimmt (nur Pst),1,30,34
1814252,2024-05-31,401,Braunau,Frauen,35 bis 39 Jahre,B9999,unbestimmt (nur Pst),1,35,39
1814274,2024-05-31,401,Braunau,Frauen,40 bis 44 Jahre,B9999,unbestimmt (nur Pst),1,40,44
1814341,2024-05-31,401,Braunau,Männer,bis 19 Jahre,B9999,unbestimmt (nur Pst),19,0,19
1814374,2024-05-31,401,Braunau,Männer,20 bis 24 Jahre,B9999,unbestimmt (nur Pst),1,20,24
1814405,2024-05-31,401,Braunau,Männer,25 bis 29 Jahre,B9999,unbestimmt (nur Pst),1,25,29
1814442,2024-05-31,401,Braunau,Männer,35 bis 39 Jahre,B9999,unbestimmt (nur Pst),2,35,39
1814459,2024-05-31,401,Braunau,Männer,40 bis 44 Jahre,B9999,unbestimmt (nur Pst),1,40,44
1814524,2024-05-31,402,Eferding,Frauen,20 bis 24 Jahre,B9999,unbestimmt (nur Pst),1,20,24
1814543,2024-05-31,402,Eferding,Frauen,30 bis 34 Jahre,B9999,unbestimmt (nur Pst),1,30,34
1814551,2024-05-31,402,Eferding,Frauen,35 bis 39 Jahre,B9999,unbestimmt (nur Pst),1,35,39
1814588,2024-05-31,402,Eferding,Männer,bis 19 Jahre,B9999,unbestimmt (nur Pst),1,0,19
1814663,2024-05-31,403,Freistadt,Frauen,20 bis 24 Jahre,B9999,unbestimmt (nur Pst),2,20,24
1814775,2024-05-31,403,Freistadt,Männer,bis 19 Jahre,B9999,unbestimmt (nur Pst),1,0,19
1814892,2024-05-31,404,Gmunden,Frauen,bis 19 Jahre,B9999,unbestimmt (nur Pst),5,0,19
1814921,2024-05-31,404,Gmunden,Frauen,20 bis 24 Jahre,B9999,unbestimmt (nur Pst),1,20,24
1814939,2024-05-31,404,Gmunden,Frauen,25 bis 29 Jahre,B9999,unbestimmt (nur Pst),1,25,29
1815066,2024-05-31,404,Gmunden,Männer,bis 19 Jahre,B9999,unbestimmt (nur Pst),3,0,19
1815208,2024-05-31,406,Grieskirchen,Frauen,bis 19 Jahre,B9999,unbestimmt (nur Pst),1,0,19
1815278,2024-05-31,406,Grieskirchen,Frauen,35 bis 39 Jahre,B9999,unbestimmt (nur Pst),1,35,39
1815331,2024-05-31,406,Grieskirchen,Männer,bis 19 Jahre,B9999,unbestimmt (nur Pst),1,0,19
1815387,2024-05-31,406,Grieskirchen,Männer,35 bis 39 Jahre,B9999,unbestimmt (nur Pst),2,35,39
1815389,2024-05-31,406,Grieskirchen,Männer,40 bis 44 Jahre,B9999,unbestimmt (nur Pst),1,40,44
1815424,2024-05-31,407,Kirchdorf/Krems,Frauen,bis 19 Jahre,B9999,unbestimmt (nur Pst),3,0,19
1815456,2024-05-31,407,Kirchdorf/Krems,Frauen,25 bis 29 Jahre,B9999,unbestimmt (nur Pst),1,25,29
1815472,2024-05-31,407,Kirchdorf/Krems,Frauen,30 bis 34 Jahre,B9999,unbestimmt (nur Pst),1,30,34
1815538,2024-05-31,407,Kirchdorf/Krems,Männer,bis 19 Jahre,B9999,unbestimmt (nur Pst),2,0,19
1815661,2024-05-31,409,Linz neu,Frauen,bis 19 Jahre,B9999,unbestimmt (nur Pst),23,0,19
1815706,2024-05-31,409,Linz neu,Frauen,20 bis 24 Jahre,B9999,unbestimmt (nur Pst),16,20,24
1815755,2024-05-31,409,Linz neu,Frauen,25 bis 29 Jahre,B9999,unbestimmt (nur Pst),8,25,29
1815800,2024-05-31,409,Linz neu,Frauen,30 bis 34 Jahre,B9999,unbestimmt (nur Pst),6,30,34
1815840,2024-05-31,409,Linz neu,Frauen,35 bis 39 Jahre,B9999,unbestimmt (nur Pst),2,35,39
1815885,2024-05-31,409,Linz neu,Frauen,40 bis 44 Jahre,B9999,unbestimmt (nur Pst),1,40,44
1815957,2024-05-31,409,Linz neu,Frauen,50 bis 54 Jahre,B9999,unbestimmt (nur Pst),2,50,54
1816023,2024-05-31,409,Linz neu,Männer,bis 19 Jahre,B9999,unbestimmt (nur Pst),24,0,19
1816097,2024-05-31,409,Linz neu,Männer,20 bis 24 Jahre,B9999,unbestimmt (nur Pst),6,20,24
1816159,2024-05-31,409,Linz neu,Männer,25 bis 29 Jahre,B9999,unbestimmt (nur Pst),3,25,29
1816210,2024-05-31,409,Linz neu,Männer,30 bis 34 Jahre,B9999,unbestimmt (nur Pst),1,30,34
1816255,2024-05-31,409,Linz neu,Männer,35 bis 39 Jahre,B9999,unbestimmt (nur Pst),2,35,39
1816295,2024-05-31,409,Linz neu,Männer,40 bis 44 Jahre,B9999,unbestimmt (nur Pst),2,40,44
1816361,2024-05-31,409,Linz neu,Männer,50 bis 54 Jahre,B9999,unbestimmt (nur Pst),1,50,54
1816396,2024-05-31,409,Linz neu,Männer,60 bis 64 Jahre,B9999,unbestimmt (nur Pst),1,60,64
1816413,2024-05-31,411,Perg,Frauen,bis 19 Jahre,B9999,unbestimmt (nur Pst),3,0,19
1816480,2024-05-31,411,Perg,Frauen,35 bis 39 Jahre,B9999,unbestimmt (nur Pst),1,35,39
1816572,2024-05-31,411,Perg,Männer,20 bis 24 Jahre,B9999,unbestimmt (nur Pst),1,20,24
1816663,2024-05-31,412,Ried im Innkreis,Frauen,bis 19 Jahre,B9999,unbestimmt (nur Pst),11,0,19
1816702,2024-05-31,412,Ried im Innkreis,Frauen,25 bis 29 Jahre,B9999,unbestimmt (nur Pst),2,25,29
1816751,2024-05-31,412,Ried im Innkreis,Frauen,40 bis 44 Jahre,B9999,unbestimmt (nur Pst),1,40,44
1816762,2024-05-31,412,Ried im Innkreis,Frauen,45 bis 49 Jahre,B9999,unbestimmt (nur Pst),1,45,49
1816774,2024-05-31,412,Ried im Innkreis,Frauen,50 bis 54 Jahre,B9999,unbestimmt (nur Pst),1,50,54
1816798,2024-05-31,412,Ried im Innkreis,Männer,bis 19 Jahre,B9999,unbestimmt (nur Pst),13,0,19
1816864,2024-05-31,412,Ried im Innkreis,Männer,40 bis 44 Jahre,B9999,unbestimmt (nur Pst),1,40,44
1816895,2024-05-31,413,Rohrbach,Frauen,bis 19 Jahre,B9999,unbestimmt (nur Pst),1,0,19
1816939,2024-05-31,413,Rohrbach,Frauen,30 bis 34 Jahre,B9999,unbestimmt (nur Pst),2,30,34
1816967,2024-05-31,413,Rohrbach,Frauen,40 bis 44 Jahre,B9999,unbestimmt (nur Pst),1,40,44
1816983,2024-05-31,413,Rohrbach,Frauen,45 bis 49 Jahre,B9999,unbestimmt (nur Pst),1,45,49
1816999,2024-05-31,413,Rohrbach,Frauen,55 bis 59 Jahre,B9999,unbestimmt (nur Pst),1,55,59
1817010,2024-05-31,413,Rohrbach,Männer,bis 19 Jahre,B9999,unbestimmt (nur Pst),3,0,19
1817026,2024-05-31,413,Rohrbach,Männer,20 bis 24 Jahre,B9999,unbestimmt (nur Pst),1,20,24
1817034,2024-05-31,413,Rohrbach,Männer,25 bis 29 Jahre,B9999,unbestimmt (nur Pst),1,25,29
1817050,2024-05-31,413,Rohrbach,Männer,40 bis 44 Jahre,B9999,unbestimmt (nur Pst),1,40,44
1817083,2024-05-31,414,Schärding,Frauen,bis 19 Jahre,B9999,unbestimmt (nur Pst),2,0,19
1817183,2024-05-31,414,Schärding,Männer,bis 19 Jahre,B9999,unbestimmt (nur Pst),1,0,19
1817221,2024-05-31,414,Schärding,Männer,30 bis 34 Jahre,B9999,unbestimmt (nur Pst),1,30,34
1817230,2024-05-31,414,Schärding,Männer,40 bis 44 Jahre,B9999,unbestimmt (nur Pst),1,40,44
1817269,2024-05-31,415,Steyr,Frauen,bis 19 Jahre,B9999,unbestimmt (nur Pst),6,0,19
1817307,2024-05-31,415,Steyr,Frauen,20 bis 24 Jahre,B9999,unbestimmt (nur Pst),1,20,24
1817326,2024-05-31,415,Steyr,Frauen,25 bis 29 Jahre,B9999,unbestimmt (nur Pst),1,25,29
1817356,2024-05-31,415,Steyr,Frauen,30 bis 34 Jahre,B9999,unbestimmt (nur Pst),1,30,34
1817387,2024-05-31,415,Steyr,Frauen,35 bis 39 Jahre,B9999,unbestimmt (nur Pst),2,35,39
1817431,2024-05-31,415,Steyr,Frauen,45 bis 49 Jahre,B9999,unbestimmt (nur Pst),1,45,49
1817494,2024-05-31,415,Steyr,Männer,bis 19 Jahre,B9999,unbestimmt (nur Pst),7,0,19
1817534,2024-05-31,415,Steyr,Männer,20 bis 24 Jahre,B9999,unbestimmt (nur Pst),4,20,24
1817567,2024-05-31,415,Steyr,Männer,25 bis 29 Jahre,B9999,unbestimmt (nur Pst),3,25,29
1817594,2024-05-31,415,Steyr,Männer,30 bis 34 Jahre,B9999,unbestimmt (nur Pst),1,30,34
1817710,2024-05-31,418,Vöcklabruck,Frauen,bis 19 Jahre,B9999,unbestimmt (nur Pst),5,0,19
1817737,2024-05-31,418,Vöcklabruck,Frauen,20 bis 24 Jahre,B9999,unbestimmt (nur Pst),1,20,24
1817756,2024-05-31,418,Vöcklabruck,Frauen,25 bis 29 Jahre,B9999,unbestimmt (nur Pst),1,25,29
1817870,2024-05-31,418,Vöcklabruck,Frauen,55 bis 59 Jahre,B9999,unbestimmt (nur Pst),1,55,59
1817894,2024-05-31,418,Vöcklabruck,Männer,bis 19 Jahre,B9999,unbestimmt (nur Pst),2,0,19
1818172,2024-05-31,419,Wels,Frauen,30 bis 34 Jahre,B9999,unbestimmt (nur Pst),2,30,34
1818199,2024-05-31,419,Wels,Frauen,35 bis 39 Jahre,B9999,unbestimmt (nur Pst),1,35,39
1818248,2024-05-31,419,Wels,Frauen,45 bis 49 Jahre,B9999,unbestimmt (nur Pst),2,45,49
1818311,2024-05-31,419,Wels,Männer,bis 19 Jahre,B9999,unbestimmt (nur Pst),2,0,19
1818400,2024-05-31,419,Wels,Männer,30 bis 34 Jahre,B9999,unbestimmt (nur Pst),1,30,34
1818510,2024-05-31,421,Traun,Frauen,bis 19 Jahre,B9999,unbestimmt (nur Pst),1,0,19
1818541,2024-05-31,421,Traun,Frauen,20 bis 24 Jahre,B9999,unbestimmt (nur Pst),1,20,24
1818740,2024-05-31,421,Traun,Männer,bis 19 Jahre,B9999,unbestimmt (nur Pst),1,0,19
1818825,2024-05-31,421,Traun,Männer,30 bis 34 Jahre,B9999,unbestimmt (nur Pst),2,30,34
1818852,2024-05-31,421,Traun,Männer,35 bis 39 Jahre,B9999,unbestimmt (nur Pst),1,35,39
1818969,2024-05-31,501,Bischofshofen,Frauen,20 bis 24 Jahre,B9999,unbestimmt (nur Pst),1,20,24
1820068,2024-05-31,511,Salzburg-Umgebung,Frauen,bis 19 Jahre,B9999,unbestimmt (nur Pst),1,0,19
1820348,2024-05-31,601,Bruck/Mur,Frauen,bis 19 Jahre,B9999,unbestimmt (nur Pst),2,0,19
1820489,2024-05-31,601,Bruck/Mur,Männer,bis 19 Jahre,B9999,unbestimmt (nur Pst),2,0,19
1820635,2024-05-31,603,Deutschlandsberg,Frauen,20 bis 24 Jahre,B9999,unbestimmt (nur Pst),1,20,24
1820649,2024-05-31,603,Deutschlandsberg,Frauen,25 bis 29 Jahre,B9999,unbestimmt (nur Pst),1,25,29
1820740,2024-05-31,603,Deutschlandsberg,Männer,bis 19 Jahre,B9999,unbestimmt (nur Pst),1,0,19
1820865,2024-05-31,604,Feldbach,Frauen,20 bis 24 Jahre,B9999,unbestimmt (nur Pst),1,20,24
1821112,2024-05-31,606,Gleisdorf,Frauen,20 bis 24 Jahre,B9999,unbestimmt (nur Pst),1,20,24
1821178,2024-05-31,606,Gleisdorf,Frauen,45 bis 49 Jahre,B9999,unbestimmt (nur Pst),1,45,49
1821198,2024-05-31,606,Gleisdorf,Männer,bis 19 Jahre,B9999,unbestimmt (nur Pst),3,0,19
1821297,2024-05-31,609,Hartberg,Frauen,20 bis 24 Jahre,B9999,unbestimmt (nur Pst),1,20,24
1821457,2024-05-31,609,Hartberg,Männer,bis 19 Jahre,B9999,unbestimmt (nur Pst),2,0,19
1821626,2024-05-31,610,Judenburg,Frauen,20 bis 24 Jahre,B9999,unbestimmt (nur Pst),2,20,24
1821897,2024-05-31,611,Murau,Männer,25 bis 29 Jahre,B9999,unbestimmt (nur Pst),1,25,29
1821930,2024-05-31,614,Leibnitz,Frauen,bis 19 Jahre,B9999,unbestimmt (nur Pst),1,0,19
1821956,2024-05-31,614,Leibnitz,Frauen,20 bis 24 Jahre,B9999,unbestimmt (nur Pst),1,20,24
1822002,2024-05-31,614,Leibnitz,Frauen,30 bis 34 Jahre,B9999,unbestimmt (nur Pst),1,30,34
1822043,2024-05-31,614,Leibnitz,Frauen,40 bis 44 Jahre,B9999,unbestimmt (nur Pst),1,40,44
1822063,2024-05-31,614,Leibnitz,Frauen,45 bis 49 Jahre,B9999,unbestimmt (nur Pst),1,45,49
1822310,2024-05-31,616,Leoben,Frauen,30 bis 34 Jahre,B9999,unbestimmt (nur Pst),1,30,34
1822344,2024-05-31,616,Leoben,Frauen,40 bis 44 Jahre,B9999,unbestimmt (nur Pst),1,40,44
1822389,2024-05-31,616,Leoben,Männer,bis 19 Jahre,B9999,unbestimmt (nur Pst),2,0,19
1822467,2024-05-31,616,Leoben,Männer,40 bis 44 Jahre,B9999,unbestimmt (nur Pst),1,40,44
1822620,2024-05-31,618,Liezen,Männer,bis 19 Jahre,B9999,unbestimmt (nur Pst),2,0,19
1822719,2024-05-31,621,Mürzzuschlag,Frauen,bis 19 Jahre,B9999,unbestimmt (nur Pst),1,0,19
1822735,2024-05-31,621,Mürzzuschlag,Frauen,25 bis 29 Jahre,B9999,unbestimmt (nur Pst),1,25,29
1822799,2024-05-31,621,Mürzzuschlag,Männer,bis 19 Jahre,B9999,unbestimmt (nur Pst),1,0,19
1822812,2024-05-31,621,Mürzzuschlag,Männer,20 bis 24 Jahre,B9999,unbestimmt (nur Pst),1,20,24
1822878,2024-05-31,622,Voitsberg,Frauen,bis 19 Jahre,B9999,unbestimmt (nur Pst),1,0,19
1822894,2024-05-31,622,Voitsberg,Frauen,20 bis 24 Jahre,B9999,unbestimmt (nur Pst),1,20,24
1822991,2024-05-31,622,Voitsberg,Männer,bis 19 Jahre,B9999,unbestimmt (nur Pst),1,0,19
1823058,2024-05-31,623,Weiz,Frauen,bis 19 Jahre,B9999,unbestimmt (nur Pst),1,0,19
1823076,2024-05-31,623,Weiz,Frauen,20 bis 24 Jahre,B9999,unbestimmt (nur Pst),2,20,24
1823086,2024-05-31,623,Weiz,Frauen,25 bis 29 Jahre,B9999,unbestimmt (nur Pst),2,25,29
1823097,2024-05-31,623,Weiz,Frauen,30 bis 34 Jahre,B9999,unbestimmt (nur Pst),1,30,34
1823130,2024-05-31,623,Weiz,Frauen,45 bis 49 Jahre,B9999,unbestimmt (nur Pst),1,45,49
1823142,2024-05-31,623,Weiz,Frauen,55 bis 59 Jahre,B9999,unbestimmt (nur Pst),1,55,59
1823204,2024-05-31,623,Weiz,Männer,50 bis 54 Jahre,B9999,unbestimmt (nur Pst),1,50,54
1823255,2024-05-31,630,Graz-West und Umgebung,Frauen,bis 19 Jahre,B9999,unbestimmt (nur Pst),6,0,19
1823302,2024-05-31,630,Graz-West und Umgebung,Frauen,20 bis 24 Jahre,B9999,unbestimmt (nur Pst),3,20,24
1823571,2024-05-31,630,Graz-West und Umgebung,Frauen,45 bis 49 Jahre,B9999,unbestimmt (nur Pst),1,45,49
1823689,2024-05-31,630,Graz-West und Umgebung,Männer,bis 19 Jahre,B9999,unbestimmt (nur Pst),16,0,19
1823876,2024-05-31,630,Graz-West und Umgebung,Männer,30 bis 34 Jahre,B9999,unbestimmt (nur Pst),1,30,34
1824141,2024-05-31,631,Graz-Ost,Frauen,20 bis 24 Jahre,B9999,unbestimmt (nur Pst),1,20,24
1824256,2024-05-31,631,Graz-Ost,Frauen,35 bis 39 Jahre,B9999,unbestimmt (nur Pst),1,35,39
1824392,2024-05-31,631,Graz-Ost,Männer,bis 19 Jahre,B9999,unbestimmt (nur Pst),3,0,19
1824662,2024-05-31,701,Imst,Frauen,bis 19 Jahre,B9999,unbestimmt (nur Pst),1,0,19
1824816,2024-05-31,702,Innsbruck,Frauen,20 bis 24 Jahre,B9999,unbestimmt (nur Pst),1,20,24
1824839,2024-05-31,702,Innsbruck,Frauen,25 bis 29 Jahre,B9999,unbestimmt (nur Pst),2,25,29
1825006,2024-05-31,702,Innsbruck,Männer,bis 19 Jahre,B9999,unbestimmt (nur Pst),2,0,19
1825077,2024-05-31,702,Innsbruck,Männer,25 bis 29 Jahre,B9999,unbestimmt (nur Pst),2,25,29
1825152,2024-05-31,702,Innsbruck,Männer,45 bis 49 Jahre,B9999,unbestimmt (nur Pst),1,45,49
1825317,2024-05-31,705,Kufstein,Frauen,20 bis 24 Jahre,B9999,unbestimmt (nur Pst),1,20,24
1825347,2024-05-31,705,Kufstein,Frauen,30 bis 34 Jahre,B9999,unbestimmt (nur Pst),1,30,34
1825364,2024-05-31,705,Kufstein,Frauen,35 bis 39 Jahre,B9999,unbestimmt (nur Pst),1,35,39
1825379,2024-05-31,705,Kufstein,Frauen,40 bis 44 Jahre,B9999,unbestimmt (nur Pst),1,40,44
1825407,2024-05-31,705,Kufstein,Frauen,50 bis 54 Jahre,B9999,unbestimmt (nur Pst),2,50,54
1825430,2024-05-31,705,Kufstein,Männer,bis 19 Jahre,B9999,unbestimmt (nur Pst),1,0,19
1825460,2024-05-31,705,Kufstein,Männer,20 bis 24 Jahre,B9999,unbestimmt (nur Pst),1,20,24
1825507,2024-05-31,705,Kufstein,Männer,40 bis 44 Jahre,B9999,unbestimmt (nur Pst),1,40,44
1825788,2024-05-31,709,Schwaz,Frauen,bis 19 Jahre,B9999,unbestimmt (nur Pst),4,0,19
1825802,2024-05-31,709,Schwaz,Frauen,20 bis 24 Jahre,B9999,unbestimmt (nur Pst),1,20,24
1825826,2024-05-31,709,Schwaz,Frauen,30 bis 34 Jahre,B9999,unbestimmt (nur Pst),1,30,34
1825952,2024-05-31,801,Bludenz,Frauen,bis 19 Jahre,B9999,unbestimmt (nur Pst),2,0,19
1825972,2024-05-31,801,Bludenz,Frauen,20 bis 24 Jahre,B9999,unbestimmt (nur Pst),3,20,24
1826096,2024-05-31,801,Bludenz,Männer,20 bis 24 Jahre,B9999,unbestimmt (nur Pst),3,20,24
1826114,2024-05-31,801,Bludenz,Männer,25 bis 29 Jahre,B9999,unbestimmt (nur Pst),1,25,29
1826182,2024-05-31,802,Bregenz,Frauen,bis 19 Jahre,B9999,unbestimmt (nur Pst),2,0,19
1826219,2024-05-31,802,Bregenz,Frauen,20 bis 24 Jahre,B9999,unbestimmt (nur Pst),1,20,24
1826244,2024-05-31,802,Bregenz,Frauen,25 bis 29 Jahre,B9999,unbestimmt (nur Pst),1,25,29
1826290,2024-05-31,802,Bregenz,Frauen,35 bis 39 Jahre,B9999,unbestimmt (nur Pst),1,35,39
1826384,2024-05-31,802,Bregenz,Männer,bis 19 Jahre,B9999,unbestimmt (nur Pst),3,0,19
1826426,2024-05-31,802,Bregenz,Männer,20 bis 24 Jahre,B9999,unbestimmt (nur Pst),2,20,24
1826511,2024-05-31,802,Bregenz,Männer,40 bis 44 Jahre,B9999,unbestimmt (nur Pst),1,40,44
1826561,2024-05-31,804,Dornbirn,Frauen,bis 19 Jahre,B9999,unbestimmt (nur Pst),2,0,19
1826594,2024-05-31,804,Dornbirn,Frauen,20 bis 24 Jahre,B9999,unbestimmt (nur Pst),7,20,24
1826731,2024-05-31,804,Dornbirn,Männer,bis 19 Jahre,B9999,unbestimmt (nur Pst),6,0,19
1826770,2024-05-31,804,Dornbirn,Männer,20 bis 24 Jahre,B9999,unbestimmt (nur Pst),3,20,24
1826812,2024-05-31,804,Dornbirn,Männer,30 bis 34 Jahre,B9999,unbestimmt (nur Pst),2,30,34
1826883,2024-05-31,805,Feldkirch,Frauen,bis 19 Jahre,B9999,unbestimmt (nur Pst),7,0,19
1826920,2024-05-31,805,Feldkirch,Frauen,20 bis 24 Jahre,B9999,unbestimmt (nur Pst),8,20,24
1826951,2024-05-31,805,Feldkirch,Frauen,25 bis 29 Jahre,B9999,unbestimmt (nur Pst),3,25,29
1827040,2024-05-31,805,Feldkirch,Frauen,45 bis 49 Jahre,B9999,unbestimmt (nur Pst),1,45,49
1827053,2024-05-31,805,Feldkirch,Frauen,50 bis 54 Jahre,B9999,unbestimmt (nur Pst),1,50,54
1827087,2024-05-31,805,Feldkirch,Männer,bis 19 Jahre,B9999,unbestimmt (nur Pst),14,0,19
1827123,2024-05-31,805,Feldkirch,Männer,20 bis 24 Jahre,B9999,unbestimmt (nur Pst),8,20,24
1827151,2024-05-31,805,Feldkirch,Männer,25 bis 29 Jahre,B9999,unbestimmt (nur Pst),1,25,29
1827171,2024-05-31,805,Feldkirch,Männer,30 bis 34 Jahre,B9999,unbestimmt (nur Pst),1,30,34
1827188,2024-05-31,805,Feldkirch,Männer,35 bis 39 Jahre,B9999,unbestimmt (nur Pst),1,35,39
1827203,2024-05-31,805,Feldkirch,Männer,40 bis 44 Jahre,B9999,unbestimmt (nur Pst),1,40,44
1828326,2024-05-31,960,Wien Esteplatz,Frauen,25 bis 29 Jahre,B9999,unbestimmt (nur Pst),1,25,29
1828923,2024-05-31,962,Wien Redergasse,Frauen,25 bis 29 Jahre,B9999,unbestimmt (nur Pst),1,25,29
1829276,2024-05-31,962,Wien Redergasse,Männer,30 bis 34 Jahre,B9999,unbestimmt (nur Pst),1,30,34
1829537,2024-05-31,963,Wien Währinger Gürtel,Frauen,25 bis 29 Jahre,B9999,unbestimmt (nur Pst),1,25,29
1829618,2024-05-31,963,Wien Währinger Gürtel,Frauen,35 bis 39 Jahre,B9999,unbestimmt (nur Pst),1,35,39
1830055,2024-05-31,964,Wien Favoritenstraße,Frauen,25 bis 29 Jahre,B9999,unbestimmt (nur Pst),1,25,29
1830360,2024-05-31,964,Wien Favoritenstraße,Frauen,60 bis 64 Jahre,B9999,unbestimmt (nur Pst),1,60,64
1830471,2024-05-31,964,Wien Favoritenstraße,Männer,25 bis 29 Jahre,B9999,unbestimmt (nur Pst),1,25,29
1831746,2024-05-31,966,Wien Hietzinger Kai,Frauen,25 bis 29 Jahre,B9999,unbestimmt (nur Pst),1,25,29
1832249,2024-05-31,966,Wien Hietzinger Kai,Männer,45 bis 49 Jahre,B9999,unbestimmt (nur Pst),1,45,49
1832450,2024-05-31,967,Wien Huttengasse,Frauen,30 bis 34 Jahre,B9999,unbestimmt (nur Pst),2,30,34
1832504,2024-05-31,967,Wien Huttengasse,Frauen,35 bis 39 Jahre,B9999,unbestimmt (nur Pst),1,35,39
1833013,2024-05-31,967,Wien Huttengasse,Männer,40 bis 44 Jahre,B9999,unbestimmt (nur Pst),1,40,44
1833226,2024-05-31,968,Wien Schloßhofer Straße,Frauen,25 bis 29 Jahre,B9999,unbestimmt (nur Pst),1,25,29
1833288,2024-05-31,968,Wien Schloßhofer Straße,Frauen,30 bis 34 Jahre,B9999,unbestimmt (nur Pst),2,30,34
1833440,2024-05-31,968,Wien Schloßhofer Straße,Frauen,45 bis 49 Jahre,B9999,unbestimmt (nur Pst),1,45,49
1833481,2024-05-31,968,Wien Schloßhofer Straße,Frauen,50 bis 54 Jahre,B9999,unbestimmt (nur Pst),1,50,54
1833581,2024-05-31,968,Wien Schloßhofer Straße,Männer,25 bis 29 Jahre,B9999,unbestimmt (nur Pst),1,25,29
1834363,2024-05-31,969,Wien-Wagramer Straße,Männer,30 bis 34 Jahre,B9999,unbestimmt (nur Pst),1,30,34
1834996,2024-05-31,974,Wien Austria Campus,Männer,30 bis 34 Jahre,B9999,unbestimmt (nur Pst),1,30,34
1835804,2024-05-31,976,Wien Jugendliche I,Frauen,bis 19 Jahre,B9999,unbestimmt (nur Pst),10,0,19
1835904,2024-05-31,976,Wien Jugendliche I,Frauen,20 bis 24 Jahre,B9999,unbestimmt (nur Pst),12,20,24
1836034,2024-05-31,976,Wien Jugendliche I,Männer,bis 19 Jahre,B9999,unbestimmt (nur Pst),20,0,19
1836201,2024-05-31,976,Wien Jugendliche I,Männer,20 bis 24 Jahre,B9999,unbestimmt (nur Pst),5,20,24
1836761,2024-06-30,101,Eisenstadt,Frauen,bis 19 Jahre,B9999,unbestimmt (nur Pst),1,0,19
1836780,2024-06-30,101,Eisenstadt,Frauen,25 bis 29 Jahre,B9999,unbestimmt (nur Pst),1,25,29
1836917,2024-06-30,102,Mattersburg,Frauen,bis 19 Jahre,B9999,unbestimmt (nur Pst),7,0,19
1836931,2024-06-30,102,Mattersburg,Frauen,20 bis 24 Jahre,B9999,unbestimmt (nur Pst),1,20,24
1836965,2024-06-30,102,Mattersburg,Frauen,45 bis 49 Jahre,B9999,unbestimmt (nur Pst),1,45,49
1836987,2024-06-30,102,Mattersburg,Männer,bis 19 Jahre,B9999,unbestimmt (nur Pst),4,0,19
1837103,2024-06-30,103,Neusiedl am See,Männer,bis 19 Jahre,B9999,unbestimmt (nur Pst),1,0,19
1837149,2024-06-30,103,Neusiedl am See,Männer,50 bis 54 Jahre,B9999,unbestimmt (nur Pst),1,50,54
1837380,2024-06-30,105,Oberwart,Frauen,30 bis 34 Jahre,B9999,unbestimmt (nur Pst),1,30,34
1837519,2024-06-30,105,Oberwart,Männer,20 bis 24 Jahre,B9999,unbestimmt (nur Pst),1,20,24
1837574,2024-06-30,105,Oberwart,Männer,45 bis 49 Jahre,B9999,unbestimmt (nur Pst),1,45,49
1837732,2024-06-30,108,Stegersbach/Jennersdorf,Männer,30 bis 34 Jahre,B9999,unbestimmt (nur Pst),1,30,34
1837743,2024-06-30,108,Stegersbach/Jennersdorf,Männer,35 bis 39 Jahre,B9999,unbestimmt (nur Pst),1,35,39
1837754,2024-06-30,108,Stegersbach/Jennersdorf,Männer,40 bis 44 Jahre,B9999,unbestimmt (nur Pst),1,40,44
1837845,2024-06-30,201,Feldkirchen,Männer,bis 19 Jahre,B9999,unbestimmt (nur Pst),1,0,19
1838003,2024-06-30,203,Klagenfurt,Frauen,30 bis 34 Jahre,B9999,unbestimmt (nur Pst),1,30,34
1838039,2024-06-30,203,Klagenfurt,Frauen,35 bis 39 Jahre,B9999,unbestimmt (nur Pst),1,35,39
1838122,2024-06-30,203,Klagenfurt,Frauen,50 bis 54 Jahre,B9999,unbestimmt (nur Pst),1,50,54
1838166,2024-06-30,203,Klagenfurt,Männer,bis 19 Jahre,B9999,unbestimmt (nur Pst),2,0,19
1838195,2024-06-30,203,Klagenfurt,Männer,20 bis 24 Jahre,B9999,unbestimmt (nur Pst),1,20,24
1838287,2024-06-30,203,Klagenfurt,Männer,40 bis 44 Jahre,B9999,unbestimmt (nur Pst),1,40,44
1838351,2024-06-30,204,Spittal/Drau,Frauen,bis 19 Jahre,B9999,unbestimmt (nur Pst),3,0,19
1838365,2024-06-30,204,Spittal/Drau,Frauen,20 bis 24 Jahre,B9999,unbestimmt (nur Pst),1,20,24
1838463,2024-06-30,204,Spittal/Drau,Männer,bis 19 Jahre,B9999,unbestimmt (nur Pst),1,0,19
1838815,2024-06-30,206,Villach,Frauen,35 bis 39 Jahre,B9999,unbestimmt (nur Pst),1,35,39
1839020,2024-06-30,206,Villach,Männer,45 bis 49 Jahre,B9999,unbestimmt (nur Pst),1,45,49
1839073,2024-06-30,207,Völkermarkt,Frauen,20 bis 24 Jahre,B9999,unbestimmt (nur Pst),1,20,24
1839120,2024-06-30,207,Völkermarkt,Frauen,45 bis 49 Jahre,B9999,unbestimmt (nur Pst),1,45,49
1839168,2024-06-30,207,Völkermarkt,Männer,30 bis 34 Jahre,B9999,unbestimmt (nur Pst),2,30,34
1839316,2024-06-30,208,Wolfsberg,Männer,bis 19 Jahre,B9999,unbestimmt (nur Pst),1,0,19
1839378,2024-06-30,301,Amstetten,Frauen,bis 19 Jahre,B9999,unbestimmt (nur Pst),5,0,19
1839399,2024-06-30,301,Amstetten,Frauen,20 bis 24 Jahre,B9999,unbestimmt (nur Pst),3,20,24
1839419,2024-06-30,301,Amstetten,Frauen,25 bis 29 Jahre,B9999,unbestimmt (nur Pst),1,25,29
1839437,2024-06-30,301,Amstetten,Frauen,30 bis 34 Jahre,B9999,unbestimmt (nur Pst),3,30,34
1839457,2024-06-30,301,Amstetten,Frauen,35 bis 39 Jahre,B9999,unbestimmt (nur Pst),1,35,39
1839509,2024-06-30,301,Amstetten,Frauen,50 bis 54 Jahre,B9999,unbestimmt (nur Pst),1,50,54
1839538,2024-06-30,301,Amstetten,Männer,bis 19 Jahre,B9999,unbestimmt (nur Pst),8,0,19
1839580,2024-06-30,301,Amstetten,Männer,25 bis 29 Jahre,B9999,unbestimmt (nur Pst),1,25,29
1839666,2024-06-30,304,Baden neu,Frauen,bis 19 Jahre,B9999,unbestimmt (nur Pst),2,0,19
1839765,2024-06-30,304,Baden neu,Frauen,35 bis 39 Jahre,B9999,unbestimmt (nur Pst),1,35,39
1839862,2024-06-30,304,Baden neu,Männer,bis 19 Jahre,B9999,unbestimmt (nur Pst),1,0,19
1839905,2024-06-30,304,Baden neu,Männer,20 bis 24 Jahre,B9999,unbestimmt (nur Pst),1,20,24
1840052,2024-06-30,306,Bruck/Leitha,Frauen,bis 19 Jahre,B9999,unbestimmt (nur Pst),1,0,19
1840106,2024-06-30,306,Bruck/Leitha,Frauen,40 bis 44 Jahre,B9999,unbestimmt (nur Pst),1,40,44
1840147,2024-06-30,306,Bruck/Leitha,Männer,bis 19 Jahre,B9999,unbestimmt (nur Pst),2,0,19
1840235,2024-06-30,308,Gänserndorf,Frauen,bis 19 Jahre,B9999,unbestimmt (nur Pst),3,0,19
1840267,2024-06-30,308,Gänserndorf,Frauen,20 bis 24 Jahre,B9999,unbestimmt (nur Pst),1,20,24
1840346,2024-06-30,308,Gänserndorf,Frauen,40 bis 44 Jahre,B9999,unbestimmt (nur Pst),1,40,44
1840419,2024-06-30,308,Gänserndorf,Männer,bis 19 Jahre,B9999,unbestimmt (nur Pst),2,0,19
1841008,2024-06-30,314,Korneuburg,Frauen,bis 19 Jahre,B9999,unbestimmt (nur Pst),1,0,19
1841294,2024-06-30,315,Krems,Frauen,bis 19 Jahre,B9999,unbestimmt (nur Pst),1,0,19
1841324,2024-06-30,315,Krems,Frauen,20 bis 24 Jahre,B9999,unbestimmt (nur Pst),1,20,24
1841343,2024-06-30,315,Krems,Frauen,25 bis 29 Jahre,B9999,unbestimmt (nur Pst),1,25,29
1841410,2024-06-30,315,Krems,Frauen,45 bis 49 Jahre,B9999,unbestimmt (nur Pst),1,45,49
1841420,2024-06-30,315,Krems,Frauen,50 bis 54 Jahre,B9999,unbestimmt (nur Pst),2,50,54
1841448,2024-06-30,315,Krems,Männer,bis 19 Jahre,B9999,unbestimmt (nur Pst),2,0,19
1841488,2024-06-30,315,Krems,Männer,25 bis 29 Jahre,B9999,unbestimmt (nur Pst),1,25,29
1841501,2024-06-30,315,Krems,Männer,30 bis 34 Jahre,B9999,unbestimmt (nur Pst),1,30,34
1841510,2024-06-30,315,Krems,Männer,35 bis 39 Jahre,B9999,unbestimmt (nur Pst),1,35,39
1841550,2024-06-30,316,Lilienfeld,Frauen,bis 19 Jahre,B9999,unbestimmt (nur Pst),1,0,19
1841665,2024-06-30,317,Melk,Frauen,bis 19 Jahre,B9999,unbestimmt (nur Pst),4,0,19
1841788,2024-06-30,317,Melk,Männer,bis 19 Jahre,B9999,unbestimmt (nur Pst),1,0,19
1841876,2024-06-30,319,Mistelbach,Frauen,bis 19 Jahre,B9999,unbestimmt (nur Pst),1,0,19
1842004,2024-06-30,319,Mistelbach,Männer,bis 19 Jahre,B9999,unbestimmt (nur Pst),1,0,19
1842026,2024-06-30,319,Mistelbach,Männer,20 bis 24 Jahre,B9999,unbestimmt (nur Pst),1,20,24
1842094,2024-06-30,321,Mödling,Frauen,bis 19 Jahre,B9999,unbestimmt (nur Pst),6,0,19
1842114,2024-06-30,321,Mödling,Frauen,20 bis 24 Jahre,B9999,unbestimmt (nur Pst),3,20,24
1842268,2024-06-30,321,Mödling,Männer,bis 19 Jahre,B9999,unbestimmt (nur Pst),16,0,19
1842298,2024-06-30,321,Mödling,Männer,20 bis 24 Jahre,B9999,unbestimmt (nur Pst),1,20,24
1842419,2024-06-30,323,Neunkirchen,Frauen,bis 19 Jahre,B9999,unbestimmt (nur Pst),1,0,19
1842440,2024-06-30,323,Neunkirchen,Frauen,20 bis 24 Jahre,B9999,unbestimmt (nur Pst),1,20,24
1842700,2024-06-30,326,St. Pölten,Frauen,bis 19 Jahre,B9999,unbestimmt (nur Pst),6,0,19
1842732,2024-06-30,326,St. Pölten,Frauen,20 bis 24 Jahre,B9999,unbestimmt (nur Pst),1,20,24
1842763,2024-06-30,326,St. Pölten,Frauen,25 bis 29 Jahre,B9999,unbestimmt (nur Pst),1,25,29
1842881,2024-06-30,326,St. Pölten,Frauen,45 bis 49 Jahre,B9999,unbestimmt (nur Pst),2,45,49
1842955,2024-06-30,326,St. Pölten,Männer,bis 19 Jahre,B9999,unbestimmt (nur Pst),11,0,19
1843007,2024-06-30,326,St. Pölten,Männer,20 bis 24 Jahre,B9999,unbestimmt (nur Pst),2,20,24
1843116,2024-06-30,326,St. Pölten,Männer,40 bis 44 Jahre,B9999,unbestimmt (nur Pst),1,40,44
1843200,2024-06-30,328,Scheibbs,Frauen,20 bis 24 Jahre,B9999,unbestimmt (nur Pst),1,20,24
1843266,2024-06-30,328,Scheibbs,Männer,bis 19 Jahre,B9999,unbestimmt (nur Pst),1,0,19
1843318,2024-06-30,328,Scheibbs,Männer,60 bis 64 Jahre,B9999,unbestimmt (nur Pst),1,60,64
1843332,2024-06-30,329,Schwechat,Frauen,bis 19 Jahre,B9999,unbestimmt (nur Pst),1,0,19
1843353,2024-06-30,329,Schwechat,Frauen,20 bis 24 Jahre,B9999,unbestimmt (nur Pst),1,20,24
1843457,2024-06-30,329,Schwechat,Männer,bis 19 Jahre,B9999,unbestimmt (nur Pst),2,0,19
1843542,2024-06-30,331,Tulln,Frauen,bis 19 Jahre,B9999,unbestimmt (nur Pst),2,0,19
1843571,2024-06-30,331,Tulln,Frauen,20 bis 24 Jahre,B9999,unbestimmt (nur Pst),4,20,24
1843594,2024-06-30,331,Tulln,Frauen,25 bis 29 Jahre,B9999,unbestimmt (nur Pst),3,25,29
1843668,2024-06-30,331,Tulln,Frauen,45 bis 49 Jahre,B9999,unbestimmt (nur Pst),1,45,49
1843706,2024-06-30,331,Tulln,Männer,bis 19 Jahre,B9999,unbestimmt (nur Pst),7,0,19
1843734,2024-06-30,331,Tulln,Männer,20 bis 24 Jahre,B9999,unbestimmt (nur Pst),1,20,24
1843764,2024-06-30,331,Tulln,Männer,30 bis 34 Jahre,B9999,unbestimmt (nur Pst),1,30,34
1843884,2024-06-30,332,Waidhofen/Thaya,Männer,bis 19 Jahre,B9999,unbestimmt (nur Pst),1,0,19
1843900,2024-06-30,332,Waidhofen/Thaya,Männer,20 bis 24 Jahre,B9999,unbestimmt (nur Pst),2,20,24
1843929,2024-06-30,333,Waidhofen/Ybbs,Frauen,bis 19 Jahre,B9999,unbestimmt (nur Pst),1,0,19
1843962,2024-06-30,333,Waidhofen/Ybbs,Frauen,40 bis 44 Jahre,B9999,unbestimmt (nur Pst),1,40,44
1843973,2024-06-30,333,Waidhofen/Ybbs,Frauen,60 bis 64 Jahre,B9999,unbestimmt (nur Pst),1,60,64
1843980,2024-06-30,333,Waidhofen/Ybbs,Männer,bis 19 Jahre,B9999,unbestimmt (nur Pst),1,0,19
1843989,2024-06-30,333,Waidhofen/Ybbs,Männer,20 bis 24 Jahre,B9999,unbestimmt (nur Pst),1,20,24
1843993,2024-06-30,333,Waidhofen/Ybbs,Männer,25 bis 29 Jahre,B9999,unbestimmt (nur Pst),1,25,29
1844008,2024-06-30,333,Waidhofen/Ybbs,Männer,40 bis 44 Jahre,B9999,unbestimmt (nur Pst),1,40,44
1844039,2024-06-30,334,Wr. Neustadt,Frauen,bis 19 Jahre,B9999,unbestimmt (nur Pst),7,0,19
1844076,2024-06-30,334,Wr. Neustadt,Frauen,20 bis 24 Jahre,B9999,unbestimmt (nur Pst),1,20,24
1844247,2024-06-30,334,Wr. Neustadt,Männer,bis 19 Jahre,B9999,unbestimmt (nur Pst),5,0,19
1844495,2024-06-30,335,Zwettl,Männer,bis 19 Jahre,B9999,unbestimmt (nur Pst),1,0,19
1844541,2024-06-30,401,Braunau,Frauen,bis 19 Jahre,B9999,unbestimmt (nur Pst),8,0,19
1844570,2024-06-30,401,Braunau,Frauen,20 bis 24 Jahre,B9999,unbestimmt (nur Pst),8,20,24
1844613,2024-06-30,401,Braunau,Frauen,30 bis 34 Jahre,B9999,unbestimmt (nur Pst),2,30,34
1844635,2024-06-30,401,Braunau,Frauen,35 bis 39 Jahre,B9999,unbestimmt (nur Pst),1,35,39
1844657,2024-06-30,401,Braunau,Frauen,40 bis 44 Jahre,B9999,unbestimmt (nur Pst),1,40,44
1844725,2024-06-30,401,Braunau,Männer,bis 19 Jahre,B9999,unbestimmt (nur Pst),20,0,19
1844758,2024-06-30,401,Braunau,Männer,20 bis 24 Jahre,B9999,unbestimmt (nur Pst),1,20,24
1844785,2024-06-30,401,Braunau,Männer,25 bis 29 Jahre,B9999,unbestimmt (nur Pst),1,25,29
1844808,2024-06-30,401,Braunau,Männer,30 bis 34 Jahre,B9999,unbestimmt (nur Pst),1,30,34
1844825,2024-06-30,401,Braunau,Männer,35 bis 39 Jahre,B9999,unbestimmt (nur Pst),2,35,39
1844840,2024-06-30,401,Braunau,Männer,40 bis 44 Jahre,B9999,unbestimmt (nur Pst),1,40,44
1844901,2024-06-30,402,Eferding,Frauen,20 bis 24 Jahre,B9999,unbestimmt (nur Pst),1,20,24
1844923,2024-06-30,402,Eferding,Frauen,35 bis 39 Jahre,B9999,unbestimmt (nur Pst),1,35,39
1844960,2024-06-30,402,Eferding,Männer,bis 19 Jahre,B9999,unbestimmt (nur Pst),1,0,19
1845031,2024-06-30,403,Freistadt,Frauen,20 bis 24 Jahre,B9999,unbestimmt (nur Pst),2,20,24
1845142,2024-06-30,403,Freistadt,Männer,bis 19 Jahre,B9999,unbestimmt (nur Pst),1,0,19
1845251,2024-06-30,404,Gmunden,Frauen,bis 19 Jahre,B9999,unbestimmt (nur Pst),5,0,19
1845277,2024-06-30,404,Gmunden,Frauen,20 bis 24 Jahre,B9999,unbestimmt (nur Pst),1,20,24
1845298,2024-06-30,404,Gmunden,Frauen,25 bis 29 Jahre,B9999,unbestimmt (nur Pst),1,25,29
1845414,2024-06-30,404,Gmunden,Männer,bis 19 Jahre,B9999,unbestimmt (nur Pst),3,0,19
1845596,2024-06-30,406,Grieskirchen,Frauen,30 bis 34 Jahre,B9999,unbestimmt (nur Pst),1,30,34
1845615,2024-06-30,406,Grieskirchen,Frauen,35 bis 39 Jahre,B9999,unbestimmt (nur Pst),1,35,39
1845664,2024-06-30,406,Grieskirchen,Männer,bis 19 Jahre,B9999,unbestimmt (nur Pst),1,0,19
1845711,2024-06-30,406,Grieskirchen,Männer,35 bis 39 Jahre,B9999,unbestimmt (nur Pst),2,35,39
1845715,2024-06-30,406,Grieskirchen,Männer,40 bis 44 Jahre,B9999,unbestimmt (nur Pst),1,40,44
1845728,2024-06-30,406,Grieskirchen,Männer,50 bis 54 Jahre,B9999,unbestimmt (nur Pst),1,50,54
1845750,2024-06-30,407,Kirchdorf/Krems,Frauen,bis 19 Jahre,B9999,unbestimmt (nur Pst),3,0,19
1845784,2024-06-30,407,Kirchdorf/Krems,Frauen,25 bis 29 Jahre,B9999,unbestimmt (nur Pst),1,25,29
1845798,2024-06-30,407,Kirchdorf/Krems,Frauen,30 bis 34 Jahre,B9999,unbestimmt (nur Pst),1,30,34
1845862,2024-06-30,407,Kirchdorf/Krems,Männer,bis 19 Jahre,B9999,unbestimmt (nur Pst),2,0,19
1845972,2024-06-30,409,Linz neu,Frauen,bis 19 Jahre,B9999,unbestimmt (nur Pst),21,0,19
1846014,2024-06-30,409,Linz neu,Frauen,20 bis 24 Jahre,B9999,unbestimmt (nur Pst),15,20,24
1846063,2024-06-30,409,Linz neu,Frauen,25 bis 29 Jahre,B9999,unbestimmt (nur Pst),9,25,29
1846110,2024-06-30,409,Linz neu,Frauen,30 bis 34 Jahre,B9999,unbestimmt (nur Pst),4,30,34
1846152,2024-06-30,409,Linz neu,Frauen,35 bis 39 Jahre,B9999,unbestimmt (nur Pst),2,35,39
1846273,2024-06-30,409,Linz neu,Frauen,50 bis 54 Jahre,B9999,unbestimmt (nur Pst),2,50,54
1846341,2024-06-30,409,Linz neu,Männer,bis 19 Jahre,B9999,unbestimmt (nur Pst),28,0,19
1846409,2024-06-30,409,Linz neu,Männer,20 bis 24 Jahre,B9999,unbestimmt (nur Pst),4,20,24
1846465,2024-06-30,409,Linz neu,Männer,25 bis 29 Jahre,B9999,unbestimmt (nur Pst),2,25,29
1846518,2024-06-30,409,Linz neu,Männer,30 bis 34 Jahre,B9999,unbestimmt (nur Pst),2,30,34
1846562,2024-06-30,409,Linz neu,Männer,35 bis 39 Jahre,B9999,unbestimmt (nur Pst),2,35,39
1846600,2024-06-30,409,Linz neu,Männer,40 bis 44 Jahre,B9999,unbestimmt (nur Pst),2,40,44
1846696,2024-06-30,409,Linz neu,Männer,60 bis 64 Jahre,B9999,unbestimmt (nur Pst),1,60,64
1846713,2024-06-30,411,Perg,Frauen,bis 19 Jahre,B9999,unbestimmt (nur Pst),2,0,19
1846732,2024-06-30,411,Perg,Frauen,20 bis 24 Jahre,B9999,unbestimmt (nur Pst),1,20,24
1846840,2024-06-30,411,Perg,Männer,bis 19 Jahre,B9999,unbestimmt (nur Pst),1,0,19
1846862,2024-06-30,411,Perg,Männer,20 bis 24 Jahre,B9999,unbestimmt (nur Pst),1,20,24
1846949,2024-06-30,412,Ried im Innkreis,Frauen,bis 19 Jahre,B9999,unbestimmt (nur Pst),12,0,19
1846988,2024-06-30,412,Ried im Innkreis,Frauen,25 bis 29 Jahre,B9999,unbestimmt (nur Pst),1,25,29
1847035,2024-06-30,412,Ried im Innkreis,Frauen,40 bis 44 Jahre,B9999,unbestimmt (nur Pst),1,40,44
1847046,2024-06-30,412,Ried im Innkreis,Frauen,45 bis 49 Jahre,B9999,unbestimmt (nur Pst),1,45,49
1847066,2024-06-30,412,Ried im Innkreis,Frauen,55 bis 59 Jahre,B9999,unbestimmt (nur Pst),1,55,59
1847081,2024-06-30,412,Ried im Innkreis,Männer,bis 19 Jahre,B9999,unbestimmt (nur Pst),14,0,19
1847216,2024-06-30,413,Rohrbach,Frauen,30 bis 34 Jahre,B9999,unbestimmt (nur Pst),1,30,34
1847228,2024-06-30,413,Rohrbach,Frauen,35 bis 39 Jahre,B9999,unbestimmt (nur Pst),1,35,39
1847259,2024-06-30,413,Rohrbach,Frauen,45 bis 49 Jahre,B9999,unbestimmt (nur Pst),1,45,49
1847275,2024-06-30,413,Rohrbach,Frauen,55 bis 59 Jahre,B9999,unbestimmt (nur Pst),1,55,59
1847286,2024-06-30,413,Rohrbach,Männer,bis 19 Jahre,B9999,unbestimmt (nur Pst),2,0,19
1847301,2024-06-30,413,Rohrbach,Männer,20 bis 24 Jahre,B9999,unbestimmt (nur Pst),1,20,24
1847328,2024-06-30,413,Rohrbach,Männer,40 bis 44 Jahre,B9999,unbestimmt (nur Pst),1,40,44
1847361,2024-06-30,414,Schärding,Frauen,bis 19 Jahre,B9999,unbestimmt (nur Pst),2,0,19
1847460,2024-06-30,414,Schärding,Männer,bis 19 Jahre,B9999,unbestimmt (nur Pst),1,0,19
1847496,2024-06-30,414,Schärding,Männer,30 bis 34 Jahre,B9999,unbestimmt (nur Pst),1,30,34
1847506,2024-06-30,414,Schärding,Männer,40 bis 44 Jahre,B9999,unbestimmt (nur Pst),1,40,44
1847542,2024-06-30,415,Steyr,Frauen,bis 19 Jahre,B9999,unbestimmt (nur Pst),6,0,19
1847593,2024-06-30,415,Steyr,Frauen,25 bis 29 Jahre,B9999,unbestimmt (nur Pst),1,25,29
1847620,2024-06-30,415,Steyr,Frauen,30 bis 34 Jahre,B9999,unbestimmt (nur Pst),2,30,34
1847648,2024-06-30,415,Steyr,Frauen,35 bis 39 Jahre,B9999,unbestimmt (nur Pst),2,35,39
1847690,2024-06-30,415,Steyr,Frauen,45 bis 49 Jahre,B9999,unbestimmt (nur Pst),1,45,49
1847751,2024-06-30,415,Steyr,Männer,bis 19 Jahre,B9999,unbestimmt (nur Pst),8,0,19
1847793,2024-06-30,415,Steyr,Männer,20 bis 24 Jahre,B9999,unbestimmt (nur Pst),4,20,24
1847819,2024-06-30,415,Steyr,Männer,25 bis 29 Jahre,B9999,unbestimmt (nur Pst),3,25,29
1847844,2024-06-30,415,Steyr,Männer,30 bis 34 Jahre,B9999,unbestimmt (nur Pst),1,30,34
1847950,2024-06-30,418,Vöcklabruck,Frauen,bis 19 Jahre,B9999,unbestimmt (nur Pst),5,0,19
1847978,2024-06-30,418,Vöcklabruck,Frauen,20 bis 24 Jahre,B9999,unbestimmt (nur Pst),2,20,24
1847997,2024-06-30,418,Vöcklabruck,Frauen,25 bis 29 Jahre,B9999,unbestimmt (nur Pst),1,25,29
1848111,2024-06-30,418,Vöcklabruck,Frauen,55 bis 59 Jahre,B9999,unbestimmt (nur Pst),1,55,59
1848140,2024-06-30,418,Vöcklabruck,Männer,bis 19 Jahre,B9999,unbestimmt (nur Pst),3,0,19
1848403,2024-06-30,419,Wels,Frauen,30 bis 34 Jahre,B9999,unbestimmt (nur Pst),2,30,34
1848431,2024-06-30,419,Wels,Frauen,35 bis 39 Jahre,B9999,unbestimmt (nur Pst),1,35,39
1848477,2024-06-30,419,Wels,Frauen,45 bis 49 Jahre,B9999,unbestimmt (nur Pst),2,45,49
1848538,2024-06-30,419,Wels,Männer,bis 19 Jahre,B9999,unbestimmt (nur Pst),2,0,19
1848629,2024-06-30,419,Wels,Männer,30 bis 34 Jahre,B9999,unbestimmt (nur Pst),1,30,34
1848738,2024-06-30,421,Traun,Frauen,bis 19 Jahre,B9999,unbestimmt (nur Pst),1,0,19
1848768,2024-06-30,421,Traun,Frauen,20 bis 24 Jahre,B9999,unbestimmt (nur Pst),1,20,24
1848962,2024-06-30,421,Traun,Männer,bis 19 Jahre,B9999,unbestimmt (nur Pst),1,0,19
1849050,2024-06-30,421,Traun,Männer,30 bis 34 Jahre,B9999,unbestimmt (nur Pst),2,30,34
1849074,2024-06-30,421,Traun,Männer,35 bis 39 Jahre,B9999,unbestimmt (nur Pst),1,35,39
1850525,2024-06-30,601,Bruck/Mur,Frauen,bis 19 Jahre,B9999,unbestimmt (nur Pst),2,0,19
1850666,2024-06-30,601,Bruck/Mur,Männer,bis 19 Jahre,B9999,unbestimmt (nur Pst),1,0,19
1850807,2024-06-30,603,Deutschlandsberg,Frauen,20 bis 24 Jahre,B9999,unbestimmt (nur Pst),1,20,24
1850821,2024-06-30,603,Deutschlandsberg,Frauen,25 bis 29 Jahre,B9999,unbestimmt (nur Pst),1,25,29
1850908,2024-06-30,603,Deutschlandsberg,Männer,bis 19 Jahre,B9999,unbestimmt (nur Pst),1,0,19
1851032,2024-06-30,604,Feldbach,Frauen,20 bis 24 Jahre,B9999,unbestimmt (nur Pst),1,20,24
1851268,2024-06-30,606,Gleisdorf,Frauen,20 bis 24 Jahre,B9999,unbestimmt (nur Pst),1,20,24
1851331,2024-06-30,606,Gleisdorf,Frauen,45 bis 49 Jahre,B9999,unbestimmt (nur Pst),1,45,49
1851353,2024-06-30,606,Gleisdorf,Männer,bis 19 Jahre,B9999,unbestimmt (nur Pst),2,0,19
1851448,2024-06-30,609,Hartberg,Frauen,20 bis 24 Jahre,B9999,unbestimmt (nur Pst),1,20,24
1851597,2024-06-30,609,Hartberg,Männer,bis 19 Jahre,B9999,unbestimmt (nur Pst),1,0,19
1851760,2024-06-30,610,Judenburg,Frauen,20 bis 24 Jahre,B9999,unbestimmt (nur Pst),2,20,24
1851904,2024-06-30,610,Judenburg,Männer,25 bis 29 Jahre,B9999,unbestimmt (nur Pst),1,25,29
1852026,2024-06-30,611,Murau,Männer,25 bis 29 Jahre,B9999,unbestimmt (nur Pst),1,25,29
1852082,2024-06-30,614,Leibnitz,Frauen,20 bis 24 Jahre,B9999,unbestimmt (nur Pst),1,20,24
1852124,2024-06-30,614,Leibnitz,Frauen,30 bis 34 Jahre,B9999,unbestimmt (nur Pst),1,30,34
1852169,2024-06-30,614,Leibnitz,Frauen,40 bis 44 Jahre,B9999,unbestimmt (nur Pst),1,40,44
1852186,2024-06-30,614,Leibnitz,Frauen,45 bis 49 Jahre,B9999,unbestimmt (nur Pst),1,45,49
1852404,2024-06-30,616,Leoben,Frauen,30 bis 34 Jahre,B9999,unbestimmt (nur Pst),1,30,34
1852438,2024-06-30,616,Leoben,Frauen,40 bis 44 Jahre,B9999,unbestimmt (nur Pst),1,40,44
1852483,2024-06-30,616,Leoben,Männer,bis 19 Jahre,B9999,unbestimmt (nur Pst),1,0,19
1852556,2024-06-30,616,Leoben,Männer,40 bis 44 Jahre,B9999,unbestimmt (nur Pst),1,40,44
1852707,2024-06-30,618,Liezen,Männer,bis 19 Jahre,B9999,unbestimmt (nur Pst),1,0,19
1852805,2024-06-30,621,Mürzzuschlag,Frauen,bis 19 Jahre,B9999,unbestimmt (nur Pst),1,0,19
1852820,2024-06-30,621,Mürzzuschlag,Frauen,25 bis 29 Jahre,B9999,unbestimmt (nur Pst),1,25,29
1852878,2024-06-30,621,Mürzzuschlag,Männer,bis 19 Jahre,B9999,unbestimmt (nur Pst),1,0,19
1852891,2024-06-30,621,Mürzzuschlag,Männer,20 bis 24 Jahre,B9999,unbestimmt (nur Pst),1,20,24
1852953,2024-06-30,622,Voitsberg,Frauen,bis 19 Jahre,B9999,unbestimmt (nur Pst),2,0,19
1852968,2024-06-30,622,Voitsberg,Frauen,20 bis 24 Jahre,B9999,unbestimmt (nur Pst),1,20,24
1853071,2024-06-30,622,Voitsberg,Männer,bis 19 Jahre,B9999,unbestimmt (nur Pst),2,0,19
1853126,2024-06-30,622,Voitsberg,Männer,45 bis 49 Jahre,B9999,unbestimmt (nur Pst),1,45,49
1853158,2024-06-30,623,Weiz,Frauen,20 bis 24 Jahre,B9999,unbestimmt (nur Pst),2,20,24
1853168,2024-06-30,623,Weiz,Frauen,25 bis 29 Jahre,B9999,unbestimmt (nur Pst),1,25,29
1853179,2024-06-30,623,Weiz,Frauen,30 bis 34 Jahre,B9999,unbestimmt (nur Pst),1,30,34
1853213,2024-06-30,623,Weiz,Frauen,45 bis 49 Jahre,B9999,unbestimmt (nur Pst),1,45,49
1853226,2024-06-30,623,Weiz,Frauen,55 bis 59 Jahre,B9999,unbestimmt (nur Pst),1,55,59
1853283,2024-06-30,623,Weiz,Männer,50 bis 54 Jahre,B9999,unbestimmt (nur Pst),1,50,54
1853330,2024-06-30,630,Graz-West und Umgebung,Frauen,bis 19 Jahre,B9999,unbestimmt (nur Pst),6,0,19
1853378,2024-06-30,630,Graz-West und Umgebung,Frauen,20 bis 24 Jahre,B9999,unbestimmt (nur Pst),3,20,24
1853486,2024-06-30,630,Graz-West und Umgebung,Frauen,30 bis 34 Jahre,B9999,unbestimmt (nur Pst),1,30,34
1853634,2024-06-30,630,Graz-West und Umgebung,Frauen,45 bis 49 Jahre,B9999,unbestimmt (nur Pst),1,45,49
1853750,2024-06-30,630,Graz-West und Umgebung,Männer,bis 19 Jahre,B9999,unbestimmt (nur Pst),13,0,19
1853940,2024-06-30,630,Graz-West und Umgebung,Männer,30 bis 34 Jahre,B9999,unbestimmt (nur Pst),1,30,34
1854096,2024-06-30,630,Graz-West und Umgebung,Männer,50 bis 54 Jahre,B9999,unbestimmt (nur Pst),1,50,54
1854199,2024-06-30,631,Graz-Ost,Frauen,20 bis 24 Jahre,B9999,unbestimmt (nur Pst),1,20,24
1854310,2024-06-30,631,Graz-Ost,Frauen,35 bis 39 Jahre,B9999,unbestimmt (nur Pst),1,35,39
1854443,2024-06-30,631,Graz-Ost,Männer,bis 19 Jahre,B9999,unbestimmt (nur Pst),3,0,19
1854712,2024-06-30,701,Imst,Frauen,bis 19 Jahre,B9999,unbestimmt (nur Pst),1,0,19
1854862,2024-06-30,702,Innsbruck,Frauen,20 bis 24 Jahre,B9999,unbestimmt (nur Pst),1,20,24
1854887,2024-06-30,702,Innsbruck,Frauen,25 bis 29 Jahre,B9999,unbestimmt (nur Pst),1,25,29
1855046,2024-06-30,702,Innsbruck,Männer,bis 19 Jahre,B9999,unbestimmt (nur Pst),2,0,19
1855120,2024-06-30,702,Innsbruck,Männer,25 bis 29 Jahre,B9999,unbestimmt (nur Pst),1,25,29
1855178,2024-06-30,702,Innsbruck,Männer,40 bis 44 Jahre,B9999,unbestimmt (nur Pst),1,40,44
1855191,2024-06-30,702,Innsbruck,Männer,45 bis 49 Jahre,B9999,unbestimmt (nur Pst),1,45,49
1855308,2024-06-30,705,Kufstein,Frauen,bis 19 Jahre,B9999,unbestimmt (nur Pst),1,0,19
1855331,2024-06-30,705,Kufstein,Frauen,20 bis 24 Jahre,B9999,unbestimmt (nur Pst),1,20,24
1855358,2024-06-30,705,Kufstein,Frauen,30 bis 34 Jahre,B9999,unbestimmt (nur Pst),1,30,34
1855376,2024-06-30,705,Kufstein,Frauen,35 bis 39 Jahre,B9999,unbestimmt (nur Pst),1,35,39
1855413,2024-06-30,705,Kufstein,Frauen,50 bis 54 Jahre,B9999,unbestimmt (nur Pst),2,50,54
1855437,2024-06-30,705,Kufstein,Männer,bis 19 Jahre,B9999,unbestimmt (nur Pst),1,0,19
1855470,2024-06-30,705,Kufstein,Männer,20 bis 24 Jahre,B9999,unbestimmt (nur Pst),1,20,24
1855516,2024-06-30,705,Kufstein,Männer,40 bis 44 Jahre,B9999,unbestimmt (nur Pst),1,40,44
1855772,2024-06-30,709,Schwaz,Frauen,bis 19 Jahre,B9999,unbestimmt (nur Pst),4,0,19
1855785,2024-06-30,709,Schwaz,Frauen,20 bis 24 Jahre,B9999,unbestimmt (nur Pst),1,20,24
1855809,2024-06-30,709,Schwaz,Frauen,30 bis 34 Jahre,B9999,unbestimmt (nur Pst),1,30,34
1855886,2024-06-30,709,Schwaz,Männer,30 bis 34 Jahre,B9999,unbestimmt (nur Pst),1,30,34
1855919,2024-06-30,801,Bludenz,Frauen,bis 19 Jahre,B9999,unbestimmt (nur Pst),1,0,19
1855940,2024-06-30,801,Bludenz,Frauen,20 bis 24 Jahre,B9999,unbestimmt (nur Pst),3,20,24
1856058,2024-06-30,801,Bludenz,Männer,20 bis 24 Jahre,B9999,unbestimmt (nur Pst),3,20,24
1856077,2024-06-30,801,Bludenz,Männer,25 bis 29 Jahre,B9999,unbestimmt (nur Pst),1,25,29
1856141,2024-06-30,802,Bregenz,Frauen,bis 19 Jahre,B9999,unbestimmt (nur Pst),2,0,19
1856176,2024-06-30,802,Bregenz,Frauen,20 bis 24 Jahre,B9999,unbestimmt (nur Pst),1,20,24
1856203,2024-06-30,802,Bregenz,Frauen,25 bis 29 Jahre,B9999,unbestimmt (nur Pst),1,25,29
1856267,2024-06-30,802,Bregenz,Frauen,40 bis 44 Jahre,B9999,unbestimmt (nur Pst),1,40,44
1856341,2024-06-30,802,Bregenz,Männer,bis 19 Jahre,B9999,unbestimmt (nur Pst),3,0,19
1856382,2024-06-30,802,Bregenz,Männer,20 bis 24 Jahre,B9999,unbestimmt (nur Pst),3,20,24
1856462,2024-06-30,802,Bregenz,Männer,40 bis 44 Jahre,B9999,unbestimmt (nur Pst),1,40,44
1856512,2024-06-30,804,Dornbirn,Frauen,bis 19 Jahre,B9999,unbestimmt (nur Pst),2,0,19
1856543,2024-06-30,804,Dornbirn,Frauen,20 bis 24 Jahre,B9999,unbestimmt (nur Pst),6,20,24
1856678,2024-06-30,804,Dornbirn,Männer,bis 19 Jahre,B9999,unbestimmt (nur Pst),6,0,19
1856721,2024-06-30,804,Dornbirn,Männer,20 bis 24 Jahre,B9999,unbestimmt (nur Pst),3,20,24
1856765,2024-06-30,804,Dornbirn,Männer,30 bis 34 Jahre,B9999,unbestimmt (nur Pst),2,30,34
1856842,2024-06-30,805,Feldkirch,Frauen,bis 19 Jahre,B9999,unbestimmt (nur Pst),9,0,19
1856880,2024-06-30,805,Feldkirch,Frauen,20 bis 24 Jahre,B9999,unbestimmt (nur Pst),7,20,24
1856910,2024-06-30,805,Feldkirch,Frauen,25 bis 29 Jahre,B9999,unbestimmt (nur Pst),2,25,29
1856967,2024-06-30,805,Feldkirch,Frauen,40 bis 44 Jahre,B9999,unbestimmt (nur Pst),3,40,44
1856984,2024-06-30,805,Feldkirch,Frauen,45 bis 49 Jahre,B9999,unbestimmt (nur Pst),1,45,49
1856997,2024-06-30,805,Feldkirch,Frauen,50 bis 54 Jahre,B9999,unbestimmt (nur Pst),1,50,54
1857039,2024-06-30,805,Feldkirch,Männer,bis 19 Jahre,B9999,unbestimmt (nur Pst),12,0,19
1857079,2024-06-30,805,Feldkirch,Männer,20 bis 24 Jahre,B9999,unbestimmt (nur Pst),7,20,24
1857110,2024-06-30,805,Feldkirch,Männer,25 bis 29 Jahre,B9999,unbestimmt (nur Pst),1,25,29
1857148,2024-06-30,805,Feldkirch,Männer,35 bis 39 Jahre,B9999,unbestimmt (nur Pst),1,35,39
1857161,2024-06-30,805,Feldkirch,Männer,40 bis 44 Jahre,B9999,unbestimmt (nur Pst),1,40,44
1858242,2024-06-30,960,Wien Esteplatz,Frauen,25 bis 29 Jahre,B9999,unbestimmt (nur Pst),1,25,29
1858797,2024-06-30,962,Wien Redergasse,Frauen,25 bis 29 Jahre,B9999,unbestimmt (nur Pst),1,25,29
1859131,2024-06-30,962,Wien Redergasse,Männer,30 bis 34 Jahre,B9999,unbestimmt (nur Pst),1,30,34
1859418,2024-06-30,963,Wien Währinger Gürtel,Frauen,30 bis 34 Jahre,B9999,unbestimmt (nur Pst),1,30,34
1859460,2024-06-30,963,Wien Währinger Gürtel,Frauen,35 bis 39 Jahre,B9999,unbestimmt (nur Pst),1,35,39
1859522,2024-06-30,963,Wien Währinger Gürtel,Frauen,45 bis 49 Jahre,B9999,unbestimmt (nur Pst),1,45,49
1861501,2024-06-30,966,Wien Hietzinger Kai,Frauen,25 bis 29 Jahre,B9999,unbestimmt (nur Pst),1,25,29
1861631,2024-06-30,966,Wien Hietzinger Kai,Frauen,40 bis 44 Jahre,B9999,unbestimmt (nur Pst),1,40,44
1861852,2024-06-30,966,Wien Hietzinger Kai,Männer,30 bis 34 Jahre,B9999,unbestimmt (nur Pst),1,30,34
1861990,2024-06-30,966,Wien Hietzinger Kai,Männer,45 bis 49 Jahre,B9999,unbestimmt (nur Pst),1,45,49
1862118,2024-06-30,967,Wien Huttengasse,Frauen,25 bis 29 Jahre,B9999,unbestimmt (nur Pst),1,25,29
1862185,2024-06-30,967,Wien Huttengasse,Frauen,30 bis 34 Jahre,B9999,unbestimmt (nur Pst),1,30,34
1862236,2024-06-30,967,Wien Huttengasse,Frauen,35 bis 39 Jahre,B9999,unbestimmt (nur Pst),2,35,39
1862917,2024-06-30,968,Wien Schloßhofer Straße,Frauen,25 bis 29 Jahre,B9999,unbestimmt (nur Pst),1,25,29
1862980,2024-06-30,968,Wien Schloßhofer Straße,Frauen,30 bis 34 Jahre,B9999,unbestimmt (nur Pst),1,30,34
1863129,2024-06-30,968,Wien Schloßhofer Straße,Frauen,45 bis 49 Jahre,B9999,unbestimmt (nur Pst),1,45,49
1863167,2024-06-30,968,Wien Schloßhofer Straße,Frauen,50 bis 54 Jahre,B9999,unbestimmt (nur Pst),1,50,54
1863266,2024-06-30,968,Wien Schloßhofer Straße,Männer,25 bis 29 Jahre,B9999,unbestimmt (nur Pst),1,25,29
1863681,2024-06-30,969,Wien-Wagramer Straße,Frauen,30 bis 34 Jahre,B9999,unbestimmt (nur Pst),1,30,34
1864036,2024-06-30,969,Wien-Wagramer Straße,Männer,30 bis 34 Jahre,B9999,unbestimmt (nur Pst),1,30,34
1864386,2024-06-30,974,Wien Austria Campus,Frauen,30 bis 34 Jahre,B9999,unbestimmt (nur Pst),1,30,34
1864654,2024-06-30,974,Wien Austria Campus,Männer,30 bis 34 Jahre,B9999,unbestimmt (nur Pst),1,30,34
1865447,2024-06-30,976,Wien Jugendliche I,Frauen,bis 19 Jahre,B9999,unbestimmt (nur Pst),7,0,19
1865545,2024-06-30,976,Wien Jugendliche I,Frauen,20 bis 24 Jahre,B9999,unbestimmt (nur Pst),10,20,24
1865672,2024-06-30,976,Wien Jugendliche I,Männer,bis 19 Jahre,B9999,unbestimmt (nur Pst),14,0,19
1865840,2024-06-30,976,Wien Jugendliche I,Männer,20 bis 24 Jahre,B9999,unbestimmt (nur Pst),6,20,24
1866059,2024-06-30,977,Wien Jugendliche II,Frauen,20 bis 24 Jahre,B9999,unbestimmt (nur Pst),1,20,24
1866383,2024-07-31,101,Eisenstadt,Frauen,bis 19 Jahre,B9999,unbestimmt (nur Pst),2,0,19
1866398,2024-07-31,101,Eisenstadt,Frauen,25 bis 29 Jahre,B9999,unbestimmt (nur Pst),1,25,29
1866520,2024-07-31,102,Mattersburg,Frauen,bis 19 Jahre,B9999,unbestimmt (nur Pst),6,0,19
1866532,2024-07-31,102,Mattersburg,Frauen,20 bis 24 Jahre,B9999,unbestimmt (nur Pst),1,20,24
1866568,2024-07-31,102,Mattersburg,Frauen,45 bis 49 Jahre,B9999,unbestimmt (nur Pst),1,45,49
1866586,2024-07-31,102,Mattersburg,Männer,bis 19 Jahre,B9999,unbestimmt (nur Pst),4,0,19
1866704,2024-07-31,103,Neusiedl am See,Männer,bis 19 Jahre,B9999,unbestimmt (nur Pst),1,0,19
1866742,2024-07-31,103,Neusiedl am See,Männer,50 bis 54 Jahre,B9999,unbestimmt (nur Pst),1,50,54
1866897,2024-07-31,105,Oberwart,Frauen,bis 19 Jahre,B9999,unbestimmt (nur Pst),1,0,19
1867036,2024-07-31,105,Oberwart,Männer,bis 19 Jahre,B9999,unbestimmt (nur Pst),1,0,19
1867066,2024-07-31,105,Oberwart,Männer,20 bis 24 Jahre,B9999,unbestimmt (nur Pst),1,20,24
1867123,2024-07-31,105,Oberwart,Männer,45 bis 49 Jahre,B9999,unbestimmt (nur Pst),1,45,49
1867147,2024-07-31,108,Stegersbach/Jennersdorf,Frauen,bis 19 Jahre,B9999,unbestimmt (nur Pst),1,0,19
1867242,2024-07-31,108,Stegersbach/Jennersdorf,Männer,bis 19 Jahre,B9999,unbestimmt (nur Pst),1,0,19
1867283,2024-07-31,108,Stegersbach/Jennersdorf,Männer,30 bis 34 Jahre,B9999,unbestimmt (nur Pst),1,30,34
1867294,2024-07-31,108,Stegersbach/Jennersdorf,Männer,35 bis 39 Jahre,B9999,unbestimmt (nur Pst),1,35,39
1867376,2024-07-31,201,Feldkirchen,Männer,bis 19 Jahre,B9999,unbestimmt (nur Pst),2,0,19
1867502,2024-07-31,203,Klagenfurt,Frauen,25 bis 29 Jahre,B9999,unbestimmt (nur Pst),1,25,29
1867523,2024-07-31,203,Klagenfurt,Frauen,30 bis 34 Jahre,B9999,unbestimmt (nur Pst),1,30,34
1867551,2024-07-31,203,Klagenfurt,Frauen,35 bis 39 Jahre,B9999,unbestimmt (nur Pst),1,35,39
1867622,2024-07-31,203,Klagenfurt,Frauen,50 bis 54 Jahre,B9999,unbestimmt (nur Pst),1,50,54
1867668,2024-07-31,203,Klagenfurt,Männer,bis 19 Jahre,B9999,unbestimmt (nur Pst),2,0,19
1867699,2024-07-31,203,Klagenfurt,Männer,20 bis 24 Jahre,B9999,unbestimmt (nur Pst),1,20,24
1867764,2024-07-31,203,Klagenfurt,Männer,35 bis 39 Jahre,B9999,unbestimmt (nur Pst),1,35,39
1867787,2024-07-31,203,Klagenfurt,Männer,40 bis 44 Jahre,B9999,unbestimmt (nur Pst),1,40,44
1867850,2024-07-31,204,Spittal/Drau,Frauen,bis 19 Jahre,B9999,unbestimmt (nur Pst),3,0,19
1867866,2024-07-31,204,Spittal/Drau,Frauen,20 bis 24 Jahre,B9999,unbestimmt (nur Pst),1,20,24
1867957,2024-07-31,204,Spittal/Drau,Männer,bis 19 Jahre,B9999,unbestimmt (nur Pst),3,0,19
1868381,2024-07-31,206,Villach,Männer,bis 19 Jahre,B9999,unbestimmt (nur Pst),1,0,19
1868474,2024-07-31,206,Villach,Männer,45 bis 49 Jahre,B9999,unbestimmt (nur Pst),1,45,49
1868521,2024-07-31,207,Völkermarkt,Frauen,20 bis 24 Jahre,B9999,unbestimmt (nur Pst),1,20,24
1868565,2024-07-31,207,Völkermarkt,Frauen,45 bis 49 Jahre,B9999,unbestimmt (nur Pst),1,45,49
1868591,2024-07-31,207,Völkermarkt,Männer,bis 19 Jahre,B9999,unbestimmt (nur Pst),1,0,19
1868612,2024-07-31,207,Völkermarkt,Männer,30 bis 34 Jahre,B9999,unbestimmt (nur Pst),2,30,34
1868644,2024-07-31,208,Wolfsberg,Frauen,bis 19 Jahre,B9999,unbestimmt (nur Pst),1,0,19
1868723,2024-07-31,208,Wolfsberg,Frauen,50 bis 54 Jahre,B9999,unbestimmt (nur Pst),1,50,54
1868753,2024-07-31,208,Wolfsberg,Männer,bis 19 Jahre,B9999,unbestimmt (nur Pst),1,0,19
1868806,2024-07-31,301,Amstetten,Frauen,bis 19 Jahre,B9999,unbestimmt (nur Pst),3,0,19
1868826,2024-07-31,301,Amstetten,Frauen,20 bis 24 Jahre,B9999,unbestimmt (nur Pst),3,20,24
1868844,2024-07-31,301,Amstetten,Frauen,25 bis 29 Jahre,B9999,unbestimmt (nur Pst),1,25,29
1868858,2024-07-31,301,Amstetten,Frauen,30 bis 34 Jahre,B9999,unbestimmt (nur Pst),2,30,34
1868950,2024-07-31,301,Amstetten,Männer,bis 19 Jahre,B9999,unbestimmt (nur Pst),6,0,19
1868996,2024-07-31,301,Amstetten,Männer,25 bis 29 Jahre,B9999,unbestimmt (nur Pst),1,25,29
1869087,2024-07-31,304,Baden neu,Frauen,bis 19 Jahre,B9999,unbestimmt (nur Pst),2,0,19
1869181,2024-07-31,304,Baden neu,Frauen,35 bis 39 Jahre,B9999,unbestimmt (nur Pst),1,35,39
1869270,2024-07-31,304,Baden neu,Männer,bis 19 Jahre,B9999,unbestimmt (nur Pst),1,0,19
1869313,2024-07-31,304,Baden neu,Männer,20 bis 24 Jahre,B9999,unbestimmt (nur Pst),1,20,24
1869448,2024-07-31,306,Bruck/Leitha,Frauen,bis 19 Jahre,B9999,unbestimmt (nur Pst),1,0,19
1869534,2024-07-31,306,Bruck/Leitha,Männer,bis 19 Jahre,B9999,unbestimmt (nur Pst),2,0,19
1869618,2024-07-31,308,Gänserndorf,Frauen,bis 19 Jahre,B9999,unbestimmt (nur Pst),2,0,19
1869647,2024-07-31,308,Gänserndorf,Frauen,20 bis 24 Jahre,B9999,unbestimmt (nur Pst),1,20,24
1869713,2024-07-31,308,Gänserndorf,Frauen,40 bis 44 Jahre,B9999,unbestimmt (nur Pst),1,40,44
1869772,2024-07-31,308,Gänserndorf,Männer,bis 19 Jahre,B9999,unbestimmt (nur Pst),1,0,19
1870371,2024-07-31,314,Korneuburg,Frauen,35 bis 39 Jahre,B9999,unbestimmt (nur Pst),1,35,39
1870561,2024-07-31,315,Krems,Frauen,bis 19 Jahre,B9999,unbestimmt (nur Pst),1,0,19
1870588,2024-07-31,315,Krems,Frauen,20 bis 24 Jahre,B9999,unbestimmt (nur Pst),1,20,24
1870606,2024-07-31,315,Krems,Frauen,25 bis 29 Jahre,B9999,unbestimmt (nur Pst),1,25,29
1870658,2024-07-31,315,Krems,Frauen,40 bis 44 Jahre,B9999,unbestimmt (nur Pst),1,40,44
1870678,2024-07-31,315,Krems,Frauen,50 bis 54 Jahre,B9999,unbestimmt (nur Pst),2,50,54
1870705,2024-07-31,315,Krems,Männer,bis 19 Jahre,B9999,unbestimmt (nur Pst),1,0,19
1870742,2024-07-31,315,Krems,Männer,25 bis 29 Jahre,B9999,unbestimmt (nur Pst),1,25,29
1870755,2024-07-31,315,Krems,Männer,30 bis 34 Jahre,B9999,unbestimmt (nur Pst),1,30,34
1870791,2024-07-31,315,Krems,Männer,50 bis 54 Jahre,B9999,unbestimmt (nur Pst),1,50,54
1870914,2024-07-31,317,Melk,Frauen,bis 19 Jahre,B9999,unbestimmt (nur Pst),4,0,19
1871032,2024-07-31,317,Melk,Männer,bis 19 Jahre,B9999,unbestimmt (nur Pst),1,0,19
1871115,2024-07-31,319,Mistelbach,Frauen,bis 19 Jahre,B9999,unbestimmt (nur Pst),1,0,19
1871247,2024-07-31,319,Mistelbach,Männer,20 bis 24 Jahre,B9999,unbestimmt (nur Pst),1,20,24
1871308,2024-07-31,321,Mödling,Frauen,bis 19 Jahre,B9999,unbestimmt (nur Pst),7,0,19
1871328,2024-07-31,321,Mödling,Frauen,20 bis 24 Jahre,B9999,unbestimmt (nur Pst),4,20,24
1871466,2024-07-31,321,Mödling,Männer,bis 19 Jahre,B9999,unbestimmt (nur Pst),13,0,19
1871493,2024-07-31,321,Mödling,Männer,20 bis 24 Jahre,B9999,unbestimmt (nur Pst),1,20,24
1871627,2024-07-31,323,Neunkirchen,Frauen,20 bis 24 Jahre,B9999,unbestimmt (nur Pst),1,20,24
1871864,2024-07-31,326,St. Pölten,Frauen,bis 19 Jahre,B9999,unbestimmt (nur Pst),10,0,19
1871897,2024-07-31,326,St. Pölten,Frauen,20 bis 24 Jahre,B9999,unbestimmt (nur Pst),3,20,24
1871980,2024-07-31,326,St. Pölten,Frauen,35 bis 39 Jahre,B9999,unbestimmt (nur Pst),1,35,39
1872036,2024-07-31,326,St. Pölten,Frauen,45 bis 49 Jahre,B9999,unbestimmt (nur Pst),2,45,49
1872068,2024-07-31,326,St. Pölten,Frauen,55 bis 59 Jahre,B9999,unbestimmt (nur Pst),1,55,59
1872108,2024-07-31,326,St. Pölten,Männer,bis 19 Jahre,B9999,unbestimmt (nur Pst),11,0,19
1872156,2024-07-31,326,St. Pölten,Männer,20 bis 24 Jahre,B9999,unbestimmt (nur Pst),2,20,24
1872212,2024-07-31,326,St. Pölten,Männer,30 bis 34 Jahre,B9999,unbestimmt (nur Pst),1,30,34
1872270,2024-07-31,326,St. Pölten,Männer,40 bis 44 Jahre,B9999,unbestimmt (nur Pst),1,40,44
1872409,2024-07-31,328,Scheibbs,Männer,bis 19 Jahre,B9999,unbestimmt (nur Pst),3,0,19
1872570,2024-07-31,329,Schwechat,Männer,bis 19 Jahre,B9999,unbestimmt (nur Pst),1,0,19
1872649,2024-07-31,331,Tulln,Frauen,bis 19 Jahre,B9999,unbestimmt (nur Pst),1,0,19
1872679,2024-07-31,331,Tulln,Frauen,20 bis 24 Jahre,B9999,unbestimmt (nur Pst),2,20,24
1872699,2024-07-31,331,Tulln,Frauen,25 bis 29 Jahre,B9999,unbestimmt (nur Pst),2,25,29
1872791,2024-07-31,331,Tulln,Männer,bis 19 Jahre,B9999,unbestimmt (nur Pst),6,0,19
1872819,2024-07-31,331,Tulln,Männer,20 bis 24 Jahre,B9999,unbestimmt (nur Pst),1,20,24
1872847,2024-07-31,331,Tulln,Männer,30 bis 34 Jahre,B9999,unbestimmt (nur Pst),1,30,34
1872973,2024-07-31,332,Waidhofen/Thaya,Männer,20 bis 24 Jahre,B9999,unbestimmt (nur Pst),2,20,24
1872997,2024-07-31,333,Waidhofen/Ybbs,Frauen,bis 19 Jahre,B9999,unbestimmt (nur Pst),2,0,19
1873024,2024-07-31,333,Waidhofen/Ybbs,Frauen,35 bis 39 Jahre,B9999,unbestimmt (nur Pst),1,35,39
1873036,2024-07-31,333,Waidhofen/Ybbs,Frauen,45 bis 49 Jahre,B9999,unbestimmt (nur Pst),1,45,49
1873043,2024-07-31,333,Waidhofen/Ybbs,Frauen,60 bis 64 Jahre,B9999,unbestimmt (nur Pst),1,60,64
1873049,2024-07-31,333,Waidhofen/Ybbs,Männer,bis 19 Jahre,B9999,unbestimmt (nur Pst),1,0,19
1873056,2024-07-31,333,Waidhofen/Ybbs,Männer,20 bis 24 Jahre,B9999,unbestimmt (nur Pst),1,20,24
1873062,2024-07-31,333,Waidhofen/Ybbs,Männer,25 bis 29 Jahre,B9999,unbestimmt (nur Pst),1,25,29
1873079,2024-07-31,333,Waidhofen/Ybbs,Männer,40 bis 44 Jahre,B9999,unbestimmt (nur Pst),1,40,44
1873106,2024-07-31,334,Wr. Neustadt,Frauen,bis 19 Jahre,B9999,unbestimmt (nur Pst),8,0,19
1873136,2024-07-31,334,Wr. Neustadt,Frauen,20 bis 24 Jahre,B9999,unbestimmt (nur Pst),1,20,24
1873300,2024-07-31,334,Wr. Neustadt,Männer,bis 19 Jahre,B9999,unbestimmt (nur Pst),3,0,19
1873540,2024-07-31,335,Zwettl,Männer,bis 19 Jahre,B9999,unbestimmt (nur Pst),1,0,19
1873577,2024-07-31,401,Braunau,Frauen,bis 19 Jahre,B9999,unbestimmt (nur Pst),9,0,19
1873606,2024-07-31,401,Braunau,Frauen,20 bis 24 Jahre,B9999,unbestimmt (nur Pst),6,20,24
1873650,2024-07-31,401,Braunau,Frauen,30 bis 34 Jahre,B9999,unbestimmt (nur Pst),2,30,34
1873669,2024-07-31,401,Braunau,Frauen,35 bis 39 Jahre,B9999,unbestimmt (nur Pst),1,35,39
1873754,2024-07-31,401,Braunau,Männer,bis 19 Jahre,B9999,unbestimmt (nur Pst),20,0,19
1873779,2024-07-31,401,Braunau,Männer,20 bis 24 Jahre,B9999,unbestimmt (nur Pst),1,20,24
1873824,2024-07-31,401,Braunau,Männer,30 bis 34 Jahre,B9999,unbestimmt (nur Pst),1,30,34
1873856,2024-07-31,401,Braunau,Männer,40 bis 44 Jahre,B9999,unbestimmt (nur Pst),1,40,44
1873916,2024-07-31,402,Eferding,Frauen,20 bis 24 Jahre,B9999,unbestimmt (nur Pst),1,20,24
1873938,2024-07-31,402,Eferding,Frauen,35 bis 39 Jahre,B9999,unbestimmt (nur Pst),1,35,39
1873977,2024-07-31,402,Eferding,Männer,bis 19 Jahre,B9999,unbestimmt (nur Pst),1,0,19
1874046,2024-07-31,403,Freistadt,Frauen,20 bis 24 Jahre,B9999,unbestimmt (nur Pst),2,20,24
1874149,2024-07-31,403,Freistadt,Männer,bis 19 Jahre,B9999,unbestimmt (nur Pst),1,0,19
1874247,2024-07-31,404,Gmunden,Frauen,bis 19 Jahre,B9999,unbestimmt (nur Pst),2,0,19
1874270,2024-07-31,404,Gmunden,Frauen,20 bis 24 Jahre,B9999,unbestimmt (nur Pst),1,20,24
1874286,2024-07-31,404,Gmunden,Frauen,25 bis 29 Jahre,B9999,unbestimmt (nur Pst),1,25,29
1874381,2024-07-31,404,Gmunden,Männer,bis 19 Jahre,B9999,unbestimmt (nur Pst),5,0,19
1874468,2024-07-31,404,Gmunden,Männer,40 bis 44 Jahre,B9999,unbestimmt (nur Pst),1,40,44
1874555,2024-07-31,406,Grieskirchen,Frauen,30 bis 34 Jahre,B9999,unbestimmt (nur Pst),1,30,34
1874571,2024-07-31,406,Grieskirchen,Frauen,35 bis 39 Jahre,B9999,unbestimmt (nur Pst),1,35,39
1874627,2024-07-31,406,Grieskirchen,Männer,bis 19 Jahre,B9999,unbestimmt (nur Pst),1,0,19
1874683,2024-07-31,406,Grieskirchen,Männer,35 bis 39 Jahre,B9999,unbestimmt (nur Pst),2,35,39
1874687,2024-07-31,406,Grieskirchen,Männer,40 bis 44 Jahre,B9999,unbestimmt (nur Pst),1,40,44
1874701,2024-07-31,406,Grieskirchen,Männer,50 bis 54 Jahre,B9999,unbestimmt (nur Pst),1,50,54
1874721,2024-07-31,407,Kirchdorf/Krems,Frauen,bis 19 Jahre,B9999,unbestimmt (nur Pst),2,0,19
1874766,2024-07-31,407,Kirchdorf/Krems,Frauen,30 bis 34 Jahre,B9999,unbestimmt (nur Pst),1,30,34
1874823,2024-07-31,407,Kirchdorf/Krems,Männer,bis 19 Jahre,B9999,unbestimmt (nur Pst),2,0,19
1874918,2024-07-31,409,Linz neu,Frauen,bis 19 Jahre,B9999,unbestimmt (nur Pst),16,0,19
1874960,2024-07-31,409,Linz neu,Frauen,20 bis 24 Jahre,B9999,unbestimmt (nur Pst),13,20,24
1875002,2024-07-31,409,Linz neu,Frauen,25 bis 29 Jahre,B9999,unbestimmt (nur Pst),10,25,29
1875045,2024-07-31,409,Linz neu,Frauen,30 bis 34 Jahre,B9999,unbestimmt (nur Pst),4,30,34
1875093,2024-07-31,409,Linz neu,Frauen,35 bis 39 Jahre,B9999,unbestimmt (nur Pst),1,35,39
1875173,2024-07-31,409,Linz neu,Frauen,45 bis 49 Jahre,B9999,unbestimmt (nur Pst),2,45,49
1875208,2024-07-31,409,Linz neu,Frauen,50 bis 54 Jahre,B9999,unbestimmt (nur Pst),1,50,54
1875233,2024-07-31,409,Linz neu,Frauen,55 bis 59 Jahre,B9999,unbestimmt (nur Pst),1,55,59
1875275,2024-07-31,409,Linz neu,Männer,bis 19 Jahre,B9999,unbestimmt (nur Pst),25,0,19
1875336,2024-07-31,409,Linz neu,Männer,20 bis 24 Jahre,B9999,unbestimmt (nur Pst),4,20,24
1875391,2024-07-31,409,Linz neu,Männer,25 bis 29 Jahre,B9999,unbestimmt (nur Pst),2,25,29
1875446,2024-07-31,409,Linz neu,Männer,30 bis 34 Jahre,B9999,unbestimmt (nur Pst),2,30,34
1875483,2024-07-31,409,Linz neu,Männer,35 bis 39 Jahre,B9999,unbestimmt (nur Pst),3,35,39
1875516,2024-07-31,409,Linz neu,Männer,40 bis 44 Jahre,B9999,unbestimmt (nur Pst),1,40,44
1875620,2024-07-31,409,Linz neu,Männer,60 bis 64 Jahre,B9999,unbestimmt (nur Pst),1,60,64
1875636,2024-07-31,411,Perg,Frauen,bis 19 Jahre,B9999,unbestimmt (nur Pst),2,0,19
1875760,2024-07-31,411,Perg,Männer,bis 19 Jahre,B9999,unbestimmt (nur Pst),1,0,19
1875872,2024-07-31,412,Ried im Innkreis,Frauen,bis 19 Jahre,B9999,unbestimmt (nur Pst),7,0,19
1875907,2024-07-31,412,Ried im Innkreis,Frauen,25 bis 29 Jahre,B9999,unbestimmt (nur Pst),1,25,29
1875949,2024-07-31,412,Ried im Innkreis,Frauen,40 bis 44 Jahre,B9999,unbestimmt (nur Pst),1,40,44
1875960,2024-07-31,412,Ried im Innkreis,Frauen,45 bis 49 Jahre,B9999,unbestimmt (nur Pst),1,45,49
1875983,2024-07-31,412,Ried im Innkreis,Frauen,55 bis 59 Jahre,B9999,unbestimmt (nur Pst),1,55,59
1875998,2024-07-31,412,Ried im Innkreis,Männer,bis 19 Jahre,B9999,unbestimmt (nur Pst),15,0,19
1876095,2024-07-31,413,Rohrbach,Frauen,bis 19 Jahre,B9999,unbestimmt (nur Pst),1,0,19
1876136,2024-07-31,413,Rohrbach,Frauen,30 bis 34 Jahre,B9999,unbestimmt (nur Pst),1,30,34
1876149,2024-07-31,413,Rohrbach,Frauen,35 bis 39 Jahre,B9999,unbestimmt (nur Pst),1,35,39
1876176,2024-07-31,413,Rohrbach,Frauen,45 bis 49 Jahre,B9999,unbestimmt (nur Pst),2,45,49
1876211,2024-07-31,413,Rohrbach,Männer,20 bis 24 Jahre,B9999,unbestimmt (nur Pst),1,20,24
1876232,2024-07-31,413,Rohrbach,Männer,40 bis 44 Jahre,B9999,unbestimmt (nur Pst),1,40,44
1876263,2024-07-31,414,Schärding,Frauen,bis 19 Jahre,B9999,unbestimmt (nur Pst),2,0,19
1876356,2024-07-31,414,Schärding,Männer,bis 19 Jahre,B9999,unbestimmt (nur Pst),1,0,19
1876391,2024-07-31,414,Schärding,Männer,30 bis 34 Jahre,B9999,unbestimmt (nur Pst),1,30,34
1876400,2024-07-31,414,Schärding,Männer,40 bis 44 Jahre,B9999,unbestimmt (nur Pst),1,40,44
1876424,2024-07-31,415,Steyr,Frauen,bis 19 Jahre,B9999,unbestimmt (nur Pst),7,0,19
1876473,2024-07-31,415,Steyr,Frauen,25 bis 29 Jahre,B9999,unbestimmt (nur Pst),1,25,29
1876496,2024-07-31,415,Steyr,Frauen,30 bis 34 Jahre,B9999,unbestimmt (nur Pst),2,30,34
1876560,2024-07-31,415,Steyr,Frauen,45 bis 49 Jahre,B9999,unbestimmt (nur Pst),1,45,49
1876619,2024-07-31,415,Steyr,Männer,bis 19 Jahre,B9999,unbestimmt (nur Pst),6,0,19
1876658,2024-07-31,415,Steyr,Männer,20 bis 24 Jahre,B9999,unbestimmt (nur Pst),4,20,24
1876686,2024-07-31,415,Steyr,Männer,25 bis 29 Jahre,B9999,unbestimmt (nur Pst),3,25,29
1876710,2024-07-31,415,Steyr,Männer,30 bis 34 Jahre,B9999,unbestimmt (nur Pst),1,30,34
1876818,2024-07-31,418,Vöcklabruck,Frauen,bis 19 Jahre,B9999,unbestimmt (nur Pst),4,0,19
1876844,2024-07-31,418,Vöcklabruck,Frauen,20 bis 24 Jahre,B9999,unbestimmt (nur Pst),1,20,24
1876863,2024-07-31,418,Vöcklabruck,Frauen,25 bis 29 Jahre,B9999,unbestimmt (nur Pst),1,25,29
1876968,2024-07-31,418,Vöcklabruck,Frauen,55 bis 59 Jahre,B9999,unbestimmt (nur Pst),1,55,59
1876994,2024-07-31,418,Vöcklabruck,Männer,bis 19 Jahre,B9999,unbestimmt (nur Pst),2,0,19
1877246,2024-07-31,419,Wels,Frauen,30 bis 34 Jahre,B9999,unbestimmt (nur Pst),2,30,34
1877277,2024-07-31,419,Wels,Frauen,35 bis 39 Jahre,B9999,unbestimmt (nur Pst),1,35,39
1877322,2024-07-31,419,Wels,Frauen,45 bis 49 Jahre,B9999,unbestimmt (nur Pst),1,45,49
1877380,2024-07-31,419,Wels,Männer,bis 19 Jahre,B9999,unbestimmt (nur Pst),3,0,19
1877594,2024-07-31,421,Traun,Frauen,20 bis 24 Jahre,B9999,unbestimmt (nur Pst),1,20,24
1877653,2024-07-31,421,Traun,Frauen,30 bis 34 Jahre,B9999,unbestimmt (nur Pst),1,30,34
1877774,2024-07-31,421,Traun,Männer,bis 19 Jahre,B9999,unbestimmt (nur Pst),1,0,19
1877857,2024-07-31,421,Traun,Männer,30 bis 34 Jahre,B9999,unbestimmt (nur Pst),2,30,34
1879203,2024-07-31,601,Bruck/Mur,Frauen,bis 19 Jahre,B9999,unbestimmt (nur Pst),2,0,19
1879332,2024-07-31,601,Bruck/Mur,Männer,bis 19 Jahre,B9999,unbestimmt (nur Pst),1,0,19
1879475,2024-07-31,603,Deutschlandsberg,Frauen,20 bis 24 Jahre,B9999,unbestimmt (nur Pst),1,20,24
1879489,2024-07-31,603,Deutschlandsberg,Frauen,25 bis 29 Jahre,B9999,unbestimmt (nur Pst),1,25,29
1879594,2024-07-31,603,Deutschlandsberg,Männer,20 bis 24 Jahre,B9999,unbestimmt (nur Pst),1,20,24
1879687,2024-07-31,604,Feldbach,Frauen,20 bis 24 Jahre,B9999,unbestimmt (nur Pst),1,20,24
1879922,2024-07-31,606,Gleisdorf,Frauen,20 bis 24 Jahre,B9999,unbestimmt (nur Pst),1,20,24
1879993,2024-07-31,606,Gleisdorf,Männer,bis 19 Jahre,B9999,unbestimmt (nur Pst),3,0,19
1880075,2024-07-31,609,Hartberg,Frauen,20 bis 24 Jahre,B9999,unbestimmt (nur Pst),1,20,24
1880218,2024-07-31,609,Hartberg,Männer,bis 19 Jahre,B9999,unbestimmt (nur Pst),1,0,19
1880352,2024-07-31,610,Judenburg,Frauen,bis 19 Jahre,B9999,unbestimmt (nur Pst),1,0,19
1880380,2024-07-31,610,Judenburg,Frauen,20 bis 24 Jahre,B9999,unbestimmt (nur Pst),3,20,24
1880477,2024-07-31,610,Judenburg,Männer,bis 19 Jahre,B9999,unbestimmt (nur Pst),1,0,19
1880497,2024-07-31,610,Judenburg,Männer,20 bis 24 Jahre,B9999,unbestimmt (nur Pst),2,20,24
1880512,2024-07-31,610,Judenburg,Männer,25 bis 29 Jahre,B9999,unbestimmt (nur Pst),1,25,29
1880628,2024-07-31,611,Murau,Männer,25 bis 29 Jahre,B9999,unbestimmt (nur Pst),1,25,29
1880661,2024-07-31,614,Leibnitz,Frauen,bis 19 Jahre,B9999,unbestimmt (nur Pst),1,0,19
1880690,2024-07-31,614,Leibnitz,Frauen,20 bis 24 Jahre,B9999,unbestimmt (nur Pst),1,20,24
1880733,2024-07-31,614,Leibnitz,Frauen,30 bis 34 Jahre,B9999,unbestimmt (nur Pst),1,30,34
1881011,2024-07-31,616,Leoben,Frauen,30 bis 34 Jahre,B9999,unbestimmt (nur Pst),1,30,34
1881044,2024-07-31,616,Leoben,Frauen,40 bis 44 Jahre,B9999,unbestimmt (nur Pst),1,40,44
1881092,2024-07-31,616,Leoben,Männer,bis 19 Jahre,B9999,unbestimmt (nur Pst),1,0,19
1881164,2024-07-31,616,Leoben,Männer,40 bis 44 Jahre,B9999,unbestimmt (nur Pst),1,40,44
1881170,2024-07-31,616,Leoben,Männer,45 bis 49 Jahre,B9999,unbestimmt (nur Pst),1,45,49
1881223,2024-07-31,618,Liezen,Frauen,20 bis 24 Jahre,B9999,unbestimmt (nur Pst),1,20,24
1881316,2024-07-31,618,Liezen,Männer,bis 19 Jahre,B9999,unbestimmt (nur Pst),1,0,19
1881411,2024-07-31,621,Mürzzuschlag,Frauen,bis 19 Jahre,B9999,unbestimmt (nur Pst),1,0,19
1881481,2024-07-31,621,Mürzzuschlag,Männer,bis 19 Jahre,B9999,unbestimmt (nur Pst),2,0,19
1881491,2024-07-31,621,Mürzzuschlag,Männer,20 bis 24 Jahre,B9999,unbestimmt (nur Pst),1,20,24
1881554,2024-07-31,622,Voitsberg,Frauen,bis 19 Jahre,B9999,unbestimmt (nur Pst),3,0,19
1881569,2024-07-31,622,Voitsberg,Frauen,20 bis 24 Jahre,B9999,unbestimmt (nur Pst),1,20,24
1881671,2024-07-31,622,Voitsberg,Männer,bis 19 Jahre,B9999,unbestimmt (nur Pst),1,0,19
1881722,2024-07-31,622,Voitsberg,Männer,45 bis 49 Jahre,B9999,unbestimmt (nur Pst),1,45,49
1881761,2024-07-31,623,Weiz,Frauen,25 bis 29 Jahre,B9999,unbestimmt (nur Pst),1,25,29
1881770,2024-07-31,623,Weiz,Frauen,30 bis 34 Jahre,B9999,unbestimmt (nur Pst),1,30,34
1881814,2024-07-31,623,Weiz,Frauen,55 bis 59 Jahre,B9999,unbestimmt (nur Pst),1,55,59
1881840,2024-07-31,623,Weiz,Männer,25 bis 29 Jahre,B9999,unbestimmt (nur Pst),1,25,29
1881868,2024-07-31,623,Weiz,Männer,50 bis 54 Jahre,B9999,unbestimmt (nur Pst),1,50,54
1881918,2024-07-31,630,Graz-West und Umgebung,Frauen,bis 19 Jahre,B9999,unbestimmt (nur Pst),6,0,19
1881965,2024-07-31,630,Graz-West und Umgebung,Frauen,20 bis 24 Jahre,B9999,unbestimmt (nur Pst),4,20,24
1882065,2024-07-31,630,Graz-West und Umgebung,Frauen,30 bis 34 Jahre,B9999,unbestimmt (nur Pst),1,30,34
1882121,2024-07-31,630,Graz-West und Umgebung,Frauen,35 bis 39 Jahre,B9999,unbestimmt (nur Pst),1,35,39
1882214,2024-07-31,630,Graz-West und Umgebung,Frauen,45 bis 49 Jahre,B9999,unbestimmt (nur Pst),1,45,49
1882326,2024-07-31,630,Graz-West und Umgebung,Männer,bis 19 Jahre,B9999,unbestimmt (nur Pst),7,0,19
1882404,2024-07-31,630,Graz-West und Umgebung,Männer,20 bis 24 Jahre,B9999,unbestimmt (nur Pst),1,20,24
1882514,2024-07-31,630,Graz-West und Umgebung,Männer,30 bis 34 Jahre,B9999,unbestimmt (nur Pst),2,30,34
1882674,2024-07-31,630,Graz-West und Umgebung,Männer,50 bis 54 Jahre,B9999,unbestimmt (nur Pst),1,50,54
1882768,2024-07-31,631,Graz-Ost,Frauen,20 bis 24 Jahre,B9999,unbestimmt (nur Pst),1,20,24
1883006,2024-07-31,631,Graz-Ost,Männer,bis 19 Jahre,B9999,unbestimmt (nur Pst),1,0,19
1883408,2024-07-31,702,Innsbruck,Frauen,20 bis 24 Jahre,B9999,unbestimmt (nur Pst),1,20,24
1883434,2024-07-31,702,Innsbruck,Frauen,25 bis 29 Jahre,B9999,unbestimmt (nur Pst),1,25,29
1883601,2024-07-31,702,Innsbruck,Männer,bis 19 Jahre,B9999,unbestimmt (nur Pst),4,0,19
1883671,2024-07-31,702,Innsbruck,Männer,25 bis 29 Jahre,B9999,unbestimmt (nur Pst),1,25,29
1883735,2024-07-31,702,Innsbruck,Männer,40 bis 44 Jahre,B9999,unbestimmt (nur Pst),1,40,44
1883746,2024-07-31,702,Innsbruck,Männer,45 bis 49 Jahre,B9999,unbestimmt (nur Pst),1,45,49
1883858,2024-07-31,705,Kufstein,Frauen,bis 19 Jahre,B9999,unbestimmt (nur Pst),1,0,19
1883877,2024-07-31,705,Kufstein,Frauen,20 bis 24 Jahre,B9999,unbestimmt (nur Pst),1,20,24
1883905,2024-07-31,705,Kufstein,Frauen,30 bis 34 Jahre,B9999,unbestimmt (nur Pst),1,30,34
1883918,2024-07-31,705,Kufstein,Frauen,35 bis 39 Jahre,B9999,unbestimmt (nur Pst),1,35,39
1883957,2024-07-31,705,Kufstein,Frauen,50 bis 54 Jahre,B9999,unbestimmt (nur Pst),2,50,54
1884004,2024-07-31,705,Kufstein,Männer,20 bis 24 Jahre,B9999,unbestimmt (nur Pst),1,20,24
1884030,2024-07-31,705,Kufstein,Männer,30 bis 34 Jahre,B9999,unbestimmt (nur Pst),1,30,34
1884048,2024-07-31,705,Kufstein,Männer,40 bis 44 Jahre,B9999,unbestimmt (nur Pst),1,40,44
1884283,2024-07-31,709,Schwaz,Frauen,bis 19 Jahre,B9999,unbestimmt (nur Pst),2,0,19
1884317,2024-07-31,709,Schwaz,Frauen,30 bis 34 Jahre,B9999,unbestimmt (nur Pst),1,30,34
1884395,2024-07-31,709,Schwaz,Männer,30 bis 34 Jahre,B9999,unbestimmt (nur Pst),1,30,34
1884443,2024-07-31,801,Bludenz,Frauen,20 bis 24 Jahre,B9999,unbestimmt (nur Pst),3,20,24
1884539,2024-07-31,801,Bludenz,Männer,20 bis 24 Jahre,B9999,unbestimmt (nur Pst),3,20,24
1884616,2024-07-31,802,Bregenz,Frauen,bis 19 Jahre,B9999,unbestimmt (nur Pst),1,0,19
1884644,2024-07-31,802,Bregenz,Frauen,20 bis 24 Jahre,B9999,unbestimmt (nur Pst),1,20,24
1884665,2024-07-31,802,Bregenz,Frauen,25 bis 29 Jahre,B9999,unbestimmt (nur Pst),1,25,29
1884781,2024-07-31,802,Bregenz,Männer,bis 19 Jahre,B9999,unbestimmt (nur Pst),1,0,19
1884816,2024-07-31,802,Bregenz,Männer,20 bis 24 Jahre,B9999,unbestimmt (nur Pst),3,20,24
1884880,2024-07-31,802,Bregenz,Männer,40 bis 44 Jahre,B9999,unbestimmt (nur Pst),1,40,44
1884918,2024-07-31,804,Dornbirn,Frauen,bis 19 Jahre,B9999,unbestimmt (nur Pst),1,0,19
1884945,2024-07-31,804,Dornbirn,Frauen,20 bis 24 Jahre,B9999,unbestimmt (nur Pst),3,20,24
1885048,2024-07-31,804,Dornbirn,Männer,bis 19 Jahre,B9999,unbestimmt (nur Pst),3,0,19
1885092,2024-07-31,804,Dornbirn,Männer,20 bis 24 Jahre,B9999,unbestimmt (nur Pst),3,20,24
1885128,2024-07-31,804,Dornbirn,Männer,30 bis 34 Jahre,B9999,unbestimmt (nur Pst),1,30,34
1885191,2024-07-31,805,Feldkirch,Frauen,bis 19 Jahre,B9999,unbestimmt (nur Pst),5,0,19
1885222,2024-07-31,805,Feldkirch,Frauen,20 bis 24 Jahre,B9999,unbestimmt (nur Pst),5,20,24
1885248,2024-07-31,805,Feldkirch,Frauen,25 bis 29 Jahre,B9999,unbestimmt (nur Pst),2,25,29
1885299,2024-07-31,805,Feldkirch,Frauen,40 bis 44 Jahre,B9999,unbestimmt (nur Pst),2,40,44
1885314,2024-07-31,805,Feldkirch,Frauen,45 bis 49 Jahre,B9999,unbestimmt (nur Pst),1,45,49
1885326,2024-07-31,805,Feldkirch,Frauen,50 bis 54 Jahre,B9999,unbestimmt (nur Pst),1,50,54
1885366,2024-07-31,805,Feldkirch,Männer,bis 19 Jahre,B9999,unbestimmt (nur Pst),8,0,19
1885401,2024-07-31,805,Feldkirch,Männer,20 bis 24 Jahre,B9999,unbestimmt (nur Pst),7,20,24
1885428,2024-07-31,805,Feldkirch,Männer,25 bis 29 Jahre,B9999,unbestimmt (nur Pst),3,25,29
1885467,2024-07-31,805,Feldkirch,Männer,35 bis 39 Jahre,B9999,unbestimmt (nur Pst),1,35,39
1886233,2024-07-31,959,Wien Hauffgasse,Männer,25 bis 29 Jahre,B9999,unbestimmt (nur Pst),1,25,29
1886474,2024-07-31,960,Wien Esteplatz,Frauen,25 bis 29 Jahre,B9999,unbestimmt (nur Pst),1,25,29
1887024,2024-07-31,962,Wien Redergasse,Frauen,25 bis 29 Jahre,B9999,unbestimmt (nur Pst),1,25,29
1887070,2024-07-31,962,Wien Redergasse,Frauen,30 bis 34 Jahre,B9999,unbestimmt (nur Pst),1,30,34
1887346,2024-07-31,962,Wien Redergasse,Männer,30 bis 34 Jahre,B9999,unbestimmt (nur Pst),1,30,34
1887665,2024-07-31,963,Wien Währinger Gürtel,Frauen,35 bis 39 Jahre,B9999,unbestimmt (nur Pst),1,35,39
1889947,2024-07-31,966,Wien Hietzinger Kai,Männer,30 bis 34 Jahre,B9999,unbestimmt (nur Pst),1,30,34
1890091,2024-07-31,966,Wien Hietzinger Kai,Männer,45 bis 49 Jahre,B9999,unbestimmt (nur Pst),2,45,49
1890215,2024-07-31,967,Wien Huttengasse,Frauen,25 bis 29 Jahre,B9999,unbestimmt (nur Pst),1,25,29
1890276,2024-07-31,967,Wien Huttengasse,Frauen,30 bis 34 Jahre,B9999,unbestimmt (nur Pst),1,30,34
1890325,2024-07-31,967,Wien Huttengasse,Frauen,35 bis 39 Jahre,B9999,unbestimmt (nur Pst),2,35,39
1890375,2024-07-31,967,Wien Huttengasse,Frauen,40 bis 44 Jahre,B9999,unbestimmt (nur Pst),1,40,44
1891006,2024-07-31,968,Wien Schloßhofer Straße,Frauen,25 bis 29 Jahre,B9999,unbestimmt (nur Pst),1,25,29
1891061,2024-07-31,968,Wien Schloßhofer Straße,Frauen,30 bis 34 Jahre,B9999,unbestimmt (nur Pst),2,30,34
1891195,2024-07-31,968,Wien Schloßhofer Straße,Frauen,45 bis 49 Jahre,B9999,unbestimmt (nur Pst),1,45,49
1891223,2024-07-31,968,Wien Schloßhofer Straße,Frauen,50 bis 54 Jahre,B9999,unbestimmt (nur Pst),1,50,54
1891322,2024-07-31,968,Wien Schloßhofer Straße,Männer,25 bis 29 Jahre,B9999,unbestimmt (nur Pst),1,25,29
1891723,2024-07-31,969,Wien-Wagramer Straße,Frauen,30 bis 34 Jahre,B9999,unbestimmt (nur Pst),2,30,34
1892072,2024-07-31,969,Wien-Wagramer Straße,Männer,30 bis 34 Jahre,B9999,unbestimmt (nur Pst),1,30,34
1892361,2024-07-31,974,Wien Austria Campus,Frauen,25 bis 29 Jahre,B9999,unbestimmt (nur Pst),1,25,29
1892390,2024-07-31,974,Wien Austria Campus,Frauen,30 bis 34 Jahre,B9999,unbestimmt (nur Pst),1,30,34
1892597,2024-07-31,974,Wien Austria Campus,Männer,25 bis 29 Jahre,B9999,unbestimmt (nur Pst),1,25,29
1892653,2024-07-31,974,Wien Austria Campus,Männer,30 bis 34 Jahre,B9999,unbestimmt (nur Pst),1,30,34
1893396,2024-07-31,976,Wien Jugendliche I,Frauen,bis 19 Jahre,B9999,unbestimmt (nur Pst),8,0,19
1893494,2024-07-31,976,Wien Jugendliche I,Frauen,20 bis 24 Jahre,B9999,unbestimmt (nur Pst),7,20,24
1893617,2024-07-31,976,Wien Jugendliche I,Männer,bis 19 Jahre,B9999,unbestimmt (nur Pst),10,0,19
1893776,2024-07-31,976,Wien Jugendliche I,Männer,20 bis 24 Jahre,B9999,unbestimmt (nur Pst),3,20,24
1894112,2024-07-31,977,Wien Jugendliche II,Männer,bis 19 Jahre,B9999,unbestimmt (nur Pst),1,0,19
1894307,2024-08-31,101,Eisenstadt,Frauen,bis 19 Jahre,B9999,unbestimmt (nur Pst),2,0,19
1894458,2024-08-31,102,Mattersburg,Frauen,bis 19 Jahre,B9999,unbestimmt (nur Pst),6,0,19
1894468,2024-08-31,102,Mattersburg,Frauen,20 bis 24 Jahre,B9999,unbestimmt (nur Pst),1,20,24
1894507,2024-08-31,102,Mattersburg,Frauen,45 bis 49 Jahre,B9999,unbestimmt (nur Pst),1,45,49
1894524,2024-08-31,102,Mattersburg,Männer,bis 19 Jahre,B9999,unbestimmt (nur Pst),4,0,19
1894641,2024-08-31,103,Neusiedl am See,Männer,bis 19 Jahre,B9999,unbestimmt (nur Pst),1,0,19
1894678,2024-08-31,103,Neusiedl am See,Männer,50 bis 54 Jahre,B9999,unbestimmt (nur Pst),1,50,54
1894859,2024-08-31,105,Oberwart,Frauen,bis 19 Jahre,B9999,unbestimmt (nur Pst),1,0,19
1894987,2024-08-31,105,Oberwart,Männer,bis 19 Jahre,B9999,unbestimmt (nur Pst),1,0,19
1895015,2024-08-31,105,Oberwart,Männer,20 bis 24 Jahre,B9999,unbestimmt (nur Pst),1,20,24
1895080,2024-08-31,105,Oberwart,Männer,45 bis 49 Jahre,B9999,unbestimmt (nur Pst),1,45,49
1895108,2024-08-31,108,Stegersbach/Jennersdorf,Frauen,bis 19 Jahre,B9999,unbestimmt (nur Pst),1,0,19
1895203,2024-08-31,108,Stegersbach/Jennersdorf,Männer,bis 19 Jahre,B9999,unbestimmt (nur Pst),1,0,19
1895243,2024-08-31,108,Stegersbach/Jennersdorf,Männer,30 bis 34 Jahre,B9999,unbestimmt (nur Pst),1,30,34
1895253,2024-08-31,108,Stegersbach/Jennersdorf,Männer,35 bis 39 Jahre,B9999,unbestimmt (nur Pst),1,35,39
1895339,2024-08-31,201,Feldkirchen,Männer,bis 19 Jahre,B9999,unbestimmt (nur Pst),2,0,19
1895458,2024-08-31,203,Klagenfurt,Frauen,25 bis 29 Jahre,B9999,unbestimmt (nur Pst),1,25,29
1895512,2024-08-31,203,Klagenfurt,Frauen,35 bis 39 Jahre,B9999,unbestimmt (nur Pst),1,35,39
1895579,2024-08-31,203,Klagenfurt,Frauen,50 bis 54 Jahre,B9999,unbestimmt (nur Pst),1,50,54
1895629,2024-08-31,203,Klagenfurt,Männer,bis 19 Jahre,B9999,unbestimmt (nur Pst),2,0,19
1895659,2024-08-31,203,Klagenfurt,Männer,20 bis 24 Jahre,B9999,unbestimmt (nur Pst),2,20,24
1895712,2024-08-31,203,Klagenfurt,Männer,35 bis 39 Jahre,B9999,unbestimmt (nur Pst),1,35,39
1895736,2024-08-31,203,Klagenfurt,Männer,40 bis 44 Jahre,B9999,unbestimmt (nur Pst),1,40,44
1895795,2024-08-31,204,Spittal/Drau,Frauen,bis 19 Jahre,B9999,unbestimmt (nur Pst),5,0,19
1895902,2024-08-31,204,Spittal/Drau,Männer,bis 19 Jahre,B9999,unbestimmt (nur Pst),5,0,19
1896310,2024-08-31,206,Villach,Männer,bis 19 Jahre,B9999,unbestimmt (nur Pst),1,0,19
1896407,2024-08-31,206,Villach,Männer,45 bis 49 Jahre,B9999,unbestimmt (nur Pst),1,45,49
1896455,2024-08-31,207,Völkermarkt,Frauen,20 bis 24 Jahre,B9999,unbestimmt (nur Pst),1,20,24
1896500,2024-08-31,207,Völkermarkt,Frauen,45 bis 49 Jahre,B9999,unbestimmt (nur Pst),1,45,49
1896528,2024-08-31,207,Völkermarkt,Männer,bis 19 Jahre,B9999,unbestimmt (nur Pst),1,0,19
1896546,2024-08-31,207,Völkermarkt,Männer,30 bis 34 Jahre,B9999,unbestimmt (nur Pst),2,30,34
1896580,2024-08-31,208,Wolfsberg,Frauen,bis 19 Jahre,B9999,unbestimmt (nur Pst),1,0,19
1896657,2024-08-31,208,Wolfsberg,Frauen,50 bis 54 Jahre,B9999,unbestimmt (nur Pst),1,50,54
1896737,2024-08-31,301,Amstetten,Frauen,bis 19 Jahre,B9999,unbestimmt (nur Pst),1,0,19
1896780,2024-08-31,301,Amstetten,Frauen,25 bis 29 Jahre,B9999,unbestimmt (nur Pst),1,25,29
1896795,2024-08-31,301,Amstetten,Frauen,30 bis 34 Jahre,B9999,unbestimmt (nur Pst),1,30,34
1896885,2024-08-31,301,Amstetten,Männer,bis 19 Jahre,B9999,unbestimmt (nur Pst),3,0,19
1897015,2024-08-31,304,Baden neu,Frauen,bis 19 Jahre,B9999,unbestimmt (nur Pst),1,0,19
1897107,2024-08-31,304,Baden neu,Frauen,35 bis 39 Jahre,B9999,unbestimmt (nur Pst),1,35,39
1897199,2024-08-31,304,Baden neu,Männer,bis 19 Jahre,B9999,unbestimmt (nur Pst),1,0,19
1897536,2024-08-31,308,Gänserndorf,Frauen,bis 19 Jahre,B9999,unbestimmt (nur Pst),2,0,19
1897689,2024-08-31,308,Gänserndorf,Männer,bis 19 Jahre,B9999,unbestimmt (nur Pst),1,0,19
1899003,2024-08-31,319,Mistelbach,Frauen,bis 19 Jahre,B9999,unbestimmt (nur Pst),1,0,19
1899139,2024-08-31,319,Mistelbach,Männer,20 bis 24 Jahre,B9999,unbestimmt (nur Pst),1,20,24
1899199,2024-08-31,321,Mödling,Frauen,bis 19 Jahre,B9999,unbestimmt (nur Pst),6,0,19
1899217,2024-08-31,321,Mödling,Frauen,20 bis 24 Jahre,B9999,unbestimmt (nur Pst),4,20,24
1899352,2024-08-31,321,Mödling,Männer,bis 19 Jahre,B9999,unbestimmt (nur Pst),7,0,19
1899378,2024-08-31,321,Mödling,Männer,20 bis 24 Jahre,B9999,unbestimmt (nur Pst),1,20,24
1899739,2024-08-31,326,St. Pölten,Frauen,bis 19 Jahre,B9999,unbestimmt (nur Pst),6,0,19
1899934,2024-08-31,326,St. Pölten,Frauen,55 bis 59 Jahre,B9999,unbestimmt (nur Pst),1,55,59
1899970,2024-08-31,326,St. Pölten,Männer,bis 19 Jahre,B9999,unbestimmt (nur Pst),5,0,19
1900016,2024-08-31,326,St. Pölten,Männer,20 bis 24 Jahre,B9999,unbestimmt (nur Pst),1,20,24
1900432,2024-08-31,329,Schwechat,Männer,bis 19 Jahre,B9999,unbestimmt (nur Pst),2,0,19
1900812,2024-08-31,332,Waidhofen/Thaya,Männer,20 bis 24 Jahre,B9999,unbestimmt (nur Pst),2,20,24
1901414,2024-08-31,401,Braunau,Frauen,bis 19 Jahre,B9999,unbestimmt (nur Pst),12,0,19
1901443,2024-08-31,401,Braunau,Frauen,20 bis 24 Jahre,B9999,unbestimmt (nur Pst),7,20,24
1901487,2024-08-31,401,Braunau,Frauen,30 bis 34 Jahre,B9999,unbestimmt (nur Pst),1,30,34
1901587,2024-08-31,401,Braunau,Männer,bis 19 Jahre,B9999,unbestimmt (nur Pst),19,0,19
1901615,2024-08-31,401,Braunau,Männer,20 bis 24 Jahre,B9999,unbestimmt (nur Pst),1,20,24
1901655,2024-08-31,401,Braunau,Männer,30 bis 34 Jahre,B9999,unbestimmt (nur Pst),1,30,34
1901679,2024-08-31,401,Braunau,Männer,40 bis 44 Jahre,B9999,unbestimmt (nur Pst),1,40,44
1901736,2024-08-31,402,Eferding,Frauen,20 bis 24 Jahre,B9999,unbestimmt (nur Pst),1,20,24
1901769,2024-08-31,402,Eferding,Frauen,40 bis 44 Jahre,B9999,unbestimmt (nur Pst),1,40,44
1901858,2024-08-31,403,Freistadt,Frauen,20 bis 24 Jahre,B9999,unbestimmt (nur Pst),2,20,24
1901959,2024-08-31,403,Freistadt,Männer,bis 19 Jahre,B9999,unbestimmt (nur Pst),1,0,19
1902075,2024-08-31,404,Gmunden,Frauen,bis 19 Jahre,B9999,unbestimmt (nur Pst),2,0,19
1902097,2024-08-31,404,Gmunden,Frauen,20 bis 24 Jahre,B9999,unbestimmt (nur Pst),1,20,24
1902113,2024-08-31,404,Gmunden,Frauen,25 bis 29 Jahre,B9999,unbestimmt (nur Pst),1,25,29
1902205,2024-08-31,404,Gmunden,Männer,bis 19 Jahre,B9999,unbestimmt (nur Pst),8,0,19
1902293,2024-08-31,404,Gmunden,Männer,40 bis 44 Jahre,B9999,unbestimmt (nur Pst),1,40,44
1902398,2024-08-31,406,Grieskirchen,Frauen,35 bis 39 Jahre,B9999,unbestimmt (nur Pst),1,35,39
1902457,2024-08-31,406,Grieskirchen,Männer,bis 19 Jahre,B9999,unbestimmt (nur Pst),1,0,19
1902511,2024-08-31,406,Grieskirchen,Männer,35 bis 39 Jahre,B9999,unbestimmt (nur Pst),2,35,39
1902547,2024-08-31,407,Kirchdorf/Krems,Frauen,bis 19 Jahre,B9999,unbestimmt (nur Pst),1,0,19
1902589,2024-08-31,407,Kirchdorf/Krems,Frauen,30 bis 34 Jahre,B9999,unbestimmt (nur Pst),1,30,34
1902651,2024-08-31,407,Kirchdorf/Krems,Männer,bis 19 Jahre,B9999,unbestimmt (nur Pst),2,0,19
1902754,2024-08-31,409,Linz neu,Frauen,bis 19 Jahre,B9999,unbestimmt (nur Pst),14,0,19
1902792,2024-08-31,409,Linz neu,Frauen,20 bis 24 Jahre,B9999,unbestimmt (nur Pst),11,20,24
1902836,2024-08-31,409,Linz neu,Frauen,25 bis 29 Jahre,B9999,unbestimmt (nur Pst),10,25,29
1902882,2024-08-31,409,Linz neu,Frauen,30 bis 34 Jahre,B9999,unbestimmt (nur Pst),4,30,34
1902930,2024-08-31,409,Linz neu,Frauen,35 bis 39 Jahre,B9999,unbestimmt (nur Pst),2,35,39
1903012,2024-08-31,409,Linz neu,Frauen,45 bis 49 Jahre,B9999,unbestimmt (nur Pst),2,45,49
1903047,2024-08-31,409,Linz neu,Frauen,50 bis 54 Jahre,B9999,unbestimmt (nur Pst),1,50,54
1903070,2024-08-31,409,Linz neu,Frauen,55 bis 59 Jahre,B9999,unbestimmt (nur Pst),1,55,59
1903109,2024-08-31,409,Linz neu,Männer,bis 19 Jahre,B9999,unbestimmt (nur Pst),27,0,19
1903171,2024-08-31,409,Linz neu,Männer,20 bis 24 Jahre,B9999,unbestimmt (nur Pst),3,20,24
1903230,2024-08-31,409,Linz neu,Männer,25 bis 29 Jahre,B9999,unbestimmt (nur Pst),2,25,29
1903282,2024-08-31,409,Linz neu,Männer,30 bis 34 Jahre,B9999,unbestimmt (nur Pst),1,30,34
1903326,2024-08-31,409,Linz neu,Männer,35 bis 39 Jahre,B9999,unbestimmt (nur Pst),3,35,39
1903361,2024-08-31,409,Linz neu,Männer,40 bis 44 Jahre,B9999,unbestimmt (nur Pst),1,40,44
1903475,2024-08-31,411,Perg,Frauen,bis 19 Jahre,B9999,unbestimmt (nur Pst),2,0,19
1903619,2024-08-31,411,Perg,Männer,20 bis 24 Jahre,B9999,unbestimmt (nur Pst),1,20,24
1903699,2024-08-31,412,Ried im Innkreis,Frauen,bis 19 Jahre,B9999,unbestimmt (nur Pst),5,0,19
1903729,2024-08-31,412,Ried im Innkreis,Frauen,25 bis 29 Jahre,B9999,unbestimmt (nur Pst),2,25,29
1903772,2024-08-31,412,Ried im Innkreis,Frauen,40 bis 44 Jahre,B9999,unbestimmt (nur Pst),1,40,44
1903785,2024-08-31,412,Ried im Innkreis,Frauen,45 bis 49 Jahre,B9999,unbestimmt (nur Pst),1,45,49
1903808,2024-08-31,412,Ried im Innkreis,Frauen,55 bis 59 Jahre,B9999,unbestimmt (nur Pst),1,55,59
1903822,2024-08-31,412,Ried im Innkreis,Männer,bis 19 Jahre,B9999,unbestimmt (nur Pst),11,0,19
1903917,2024-08-31,413,Rohrbach,Frauen,bis 19 Jahre,B9999,unbestimmt (nur Pst),1,0,19
1903959,2024-08-31,413,Rohrbach,Frauen,30 bis 34 Jahre,B9999,unbestimmt (nur Pst),1,30,34
1903995,2024-08-31,413,Rohrbach,Frauen,45 bis 49 Jahre,B9999,unbestimmt (nur Pst),2,45,49
1904034,2024-08-31,413,Rohrbach,Männer,20 bis 24 Jahre,B9999,unbestimmt (nur Pst),1,20,24
1904055,2024-08-31,413,Rohrbach,Männer,40 bis 44 Jahre,B9999,unbestimmt (nur Pst),1,40,44
1904084,2024-08-31,414,Schärding,Frauen,bis 19 Jahre,B9999,unbestimmt (nur Pst),2,0,19
1904180,2024-08-31,414,Schärding,Männer,bis 19 Jahre,B9999,unbestimmt (nur Pst),1,0,19
1904215,2024-08-31,414,Schärding,Männer,30 bis 34 Jahre,B9999,unbestimmt (nur Pst),1,30,34
1904224,2024-08-31,414,Schärding,Männer,40 bis 44 Jahre,B9999,unbestimmt (nur Pst),1,40,44
1904249,2024-08-31,415,Steyr,Frauen,bis 19 Jahre,B9999,unbestimmt (nur Pst),6,0,19
1904298,2024-08-31,415,Steyr,Frauen,25 bis 29 Jahre,B9999,unbestimmt (nur Pst),1,25,29
1904318,2024-08-31,415,Steyr,Frauen,30 bis 34 Jahre,B9999,unbestimmt (nur Pst),1,30,34
1904450,2024-08-31,415,Steyr,Männer,bis 19 Jahre,B9999,unbestimmt (nur Pst),5,0,19
1904488,2024-08-31,415,Steyr,Männer,20 bis 24 Jahre,B9999,unbestimmt (nur Pst),4,20,24
1904513,2024-08-31,415,Steyr,Männer,25 bis 29 Jahre,B9999,unbestimmt (nur Pst),2,25,29
1904539,2024-08-31,415,Steyr,Männer,30 bis 34 Jahre,B9999,unbestimmt (nur Pst),1,30,34
1904653,2024-08-31,418,Vöcklabruck,Frauen,bis 19 Jahre,B9999,unbestimmt (nur Pst),4,0,19
1904696,2024-08-31,418,Vöcklabruck,Frauen,25 bis 29 Jahre,B9999,unbestimmt (nur Pst),1,25,29
1904802,2024-08-31,418,Vöcklabruck,Frauen,55 bis 59 Jahre,B9999,unbestimmt (nur Pst),1,55,59
1904824,2024-08-31,418,Vöcklabruck,Männer,bis 19 Jahre,B9999,unbestimmt (nur Pst),2,0,19
1905077,2024-08-31,419,Wels,Frauen,30 bis 34 Jahre,B9999,unbestimmt (nur Pst),2,30,34
1905106,2024-08-31,419,Wels,Frauen,35 bis 39 Jahre,B9999,unbestimmt (nur Pst),1,35,39
1905152,2024-08-31,419,Wels,Frauen,45 bis 49 Jahre,B9999,unbestimmt (nur Pst),1,45,49
1905211,2024-08-31,419,Wels,Männer,bis 19 Jahre,B9999,unbestimmt (nur Pst),2,0,19
1905243,2024-08-31,419,Wels,Männer,20 bis 24 Jahre,B9999,unbestimmt (nur Pst),1,20,24
1905416,2024-08-31,421,Traun,Frauen,bis 19 Jahre,B9999,unbestimmt (nur Pst),2,0,19
1905444,2024-08-31,421,Traun,Frauen,20 bis 24 Jahre,B9999,unbestimmt (nur Pst),1,20,24
1905472,2024-08-31,421,Traun,Frauen,25 bis 29 Jahre,B9999,unbestimmt (nur Pst),1,25,29
1905503,2024-08-31,421,Traun,Frauen,30 bis 34 Jahre,B9999,unbestimmt (nur Pst),1,30,34
1905620,2024-08-31,421,Traun,Männer,bis 19 Jahre,B9999,unbestimmt (nur Pst),2,0,19
1905711,2024-08-31,421,Traun,Männer,30 bis 34 Jahre,B9999,unbestimmt (nur Pst),1,30,34
1906986,2024-08-31,601,Bruck/Mur,Frauen,bis 19 Jahre,B9999,unbestimmt (nur Pst),2,0,19
1907111,2024-08-31,601,Bruck/Mur,Männer,bis 19 Jahre,B9999,unbestimmt (nur Pst),1,0,19
1907263,2024-08-31,603,Deutschlandsberg,Frauen,25 bis 29 Jahre,B9999,unbestimmt (nur Pst),1,25,29
1907352,2024-08-31,603,Deutschlandsberg,Männer,20 bis 24 Jahre,B9999,unbestimmt (nur Pst),1,20,24
1907448,2024-08-31,604,Feldbach,Frauen,20 bis 24 Jahre,B9999,unbestimmt (nur Pst),1,20,24
1907674,2024-08-31,606,Gleisdorf,Frauen,20 bis 24 Jahre,B9999,unbestimmt (nur Pst),1,20,24
1907752,2024-08-31,606,Gleisdorf,Männer,bis 19 Jahre,B9999,unbestimmt (nur Pst),3,0,19
1907835,2024-08-31,609,Hartberg,Frauen,20 bis 24 Jahre,B9999,unbestimmt (nur Pst),1,20,24
1907982,2024-08-31,609,Hartberg,Männer,bis 19 Jahre,B9999,unbestimmt (nur Pst),1,0,19
1908132,2024-08-31,610,Judenburg,Frauen,20 bis 24 Jahre,B9999,unbestimmt (nur Pst),2,20,24
1908231,2024-08-31,610,Judenburg,Männer,bis 19 Jahre,B9999,unbestimmt (nur Pst),1,0,19
1908267,2024-08-31,610,Judenburg,Männer,25 bis 29 Jahre,B9999,unbestimmt (nur Pst),1,25,29
1908288,2024-08-31,610,Judenburg,Männer,35 bis 39 Jahre,B9999,unbestimmt (nur Pst),1,35,39
1908303,2024-08-31,610,Judenburg,Männer,45 bis 49 Jahre,B9999,unbestimmt (nur Pst),1,45,49
1908371,2024-08-31,611,Murau,Männer,bis 19 Jahre,B9999,unbestimmt (nur Pst),1,0,19
1908385,2024-08-31,611,Murau,Männer,25 bis 29 Jahre,B9999,unbestimmt (nur Pst),1,25,29
1908419,2024-08-31,614,Leibnitz,Frauen,bis 19 Jahre,B9999,unbestimmt (nur Pst),2,0,19
1908449,2024-08-31,614,Leibnitz,Frauen,20 bis 24 Jahre,B9999,unbestimmt (nur Pst),2,20,24
1908490,2024-08-31,614,Leibnitz,Frauen,30 bis 34 Jahre,B9999,unbestimmt (nur Pst),1,30,34
1908802,2024-08-31,616,Leoben,Frauen,40 bis 44 Jahre,B9999,unbestimmt (nur Pst),1,40,44
1908847,2024-08-31,616,Leoben,Männer,bis 19 Jahre,B9999,unbestimmt (nur Pst),1,0,19
1908922,2024-08-31,616,Leoben,Männer,45 bis 49 Jahre,B9999,unbestimmt (nur Pst),1,45,49
1908981,2024-08-31,618,Liezen,Frauen,20 bis 24 Jahre,B9999,unbestimmt (nur Pst),1,20,24
1909073,2024-08-31,618,Liezen,Männer,bis 19 Jahre,B9999,unbestimmt (nur Pst),1,0,19
1909167,2024-08-31,621,Mürzzuschlag,Frauen,bis 19 Jahre,B9999,unbestimmt (nur Pst),1,0,19
1909209,2024-08-31,621,Mürzzuschlag,Frauen,40 bis 44 Jahre,B9999,unbestimmt (nur Pst),1,40,44
1909240,2024-08-31,621,Mürzzuschlag,Männer,bis 19 Jahre,B9999,unbestimmt (nur Pst),2,0,19
1909256,2024-08-31,621,Mürzzuschlag,Männer,25 bis 29 Jahre,B9999,unbestimmt (nur Pst),1,25,29
1909264,2024-08-31,621,Mürzzuschlag,Männer,30 bis 34 Jahre,B9999,unbestimmt (nur Pst),1,30,34
1909307,2024-08-31,622,Voitsberg,Frauen,bis 19 Jahre,B9999,unbestimmt (nur Pst),3,0,19
1909322,2024-08-31,622,Voitsberg,Frauen,20 bis 24 Jahre,B9999,unbestimmt (nur Pst),1,20,24
1909425,2024-08-31,622,Voitsberg,Männer,bis 19 Jahre,B9999,unbestimmt (nur Pst),2,0,19
1909481,2024-08-31,622,Voitsberg,Männer,45 bis 49 Jahre,B9999,unbestimmt (nur Pst),1,45,49
1909498,2024-08-31,623,Weiz,Frauen,bis 19 Jahre,B9999,unbestimmt (nur Pst),1,0,19
1909521,2024-08-31,623,Weiz,Frauen,25 bis 29 Jahre,B9999,unbestimmt (nur Pst),1,25,29
1909528,2024-08-31,623,Weiz,Frauen,30 bis 34 Jahre,B9999,unbestimmt (nur Pst),1,30,34
1909569,2024-08-31,623,Weiz,Frauen,55 bis 59 Jahre,B9999,unbestimmt (nur Pst),1,55,59
1909594,2024-08-31,623,Weiz,Männer,25 bis 29 Jahre,B9999,unbestimmt (nur Pst),2,25,29
1909618,2024-08-31,623,Weiz,Männer,50 bis 54 Jahre,B9999,unbestimmt (nur Pst),1,50,54
1909666,2024-08-31,630,Graz-West und Umgebung,Frauen,bis 19 Jahre,B9999,unbestimmt (nur Pst),6,0,19
1909713,2024-08-31,630,Graz-West und Umgebung,Frauen,20 bis 24 Jahre,B9999,unbestimmt (nur Pst),4,20,24
1909805,2024-08-31,630,Graz-West und Umgebung,Frauen,30 bis 34 Jahre,B9999,unbestimmt (nur Pst),1,30,34
1909856,2024-08-31,630,Graz-West und Umgebung,Frauen,35 bis 39 Jahre,B9999,unbestimmt (nur Pst),1,35,39
1909942,2024-08-31,630,Graz-West und Umgebung,Frauen,45 bis 49 Jahre,B9999,unbestimmt (nur Pst),1,45,49
1910055,2024-08-31,630,Graz-West und Umgebung,Männer,bis 19 Jahre,B9999,unbestimmt (nur Pst),8,0,19
1910130,2024-08-31,630,Graz-West und Umgebung,Männer,20 bis 24 Jahre,B9999,unbestimmt (nur Pst),1,20,24
1910290,2024-08-31,630,Graz-West und Umgebung,Männer,35 bis 39 Jahre,B9999,unbestimmt (nur Pst),1,35,39
1910367,2024-08-31,630,Graz-West und Umgebung,Männer,45 bis 49 Jahre,B9999,unbestimmt (nur Pst),1,45,49
1910403,2024-08-31,630,Graz-West und Umgebung,Männer,50 bis 54 Jahre,B9999,unbestimmt (nur Pst),1,50,54
1910499,2024-08-31,631,Graz-Ost,Frauen,20 bis 24 Jahre,B9999,unbestimmt (nur Pst),1,20,24
1910575,2024-08-31,631,Graz-Ost,Frauen,30 bis 34 Jahre,B9999,unbestimmt (nur Pst),1,30,34
1910741,2024-08-31,631,Graz-Ost,Männer,bis 19 Jahre,B9999,unbestimmt (nur Pst),2,0,19
1911111,2024-08-31,702,Innsbruck,Frauen,20 bis 24 Jahre,B9999,unbestimmt (nur Pst),1,20,24
1911135,2024-08-31,702,Innsbruck,Frauen,25 bis 29 Jahre,B9999,unbestimmt (nur Pst),1,25,29
1911301,2024-08-31,702,Innsbruck,Männer,bis 19 Jahre,B9999,unbestimmt (nur Pst),4,0,19
1911371,2024-08-31,702,Innsbruck,Männer,25 bis 29 Jahre,B9999,unbestimmt (nur Pst),1,25,29
1911398,2024-08-31,702,Innsbruck,Männer,30 bis 34 Jahre,B9999,unbestimmt (nur Pst),1,30,34
1911447,2024-08-31,702,Innsbruck,Männer,45 bis 49 Jahre,B9999,unbestimmt (nur Pst),1,45,49
1911566,2024-08-31,705,Kufstein,Frauen,bis 19 Jahre,B9999,unbestimmt (nur Pst),2,0,19
1911587,2024-08-31,705,Kufstein,Frauen,20 bis 24 Jahre,B9999,unbestimmt (nur Pst),1,20,24
1911615,2024-08-31,705,Kufstein,Frauen,30 bis 34 Jahre,B9999,unbestimmt (nur Pst),1,30,34
1911628,2024-08-31,705,Kufstein,Frauen,35 bis 39 Jahre,B9999,unbestimmt (nur Pst),1,35,39
1911714,2024-08-31,705,Kufstein,Männer,20 bis 24 Jahre,B9999,unbestimmt (nur Pst),2,20,24
1911743,2024-08-31,705,Kufstein,Männer,30 bis 34 Jahre,B9999,unbestimmt (nur Pst),1,30,34
1911763,2024-08-31,705,Kufstein,Männer,40 bis 44 Jahre,B9999,unbestimmt (nur Pst),1,40,44
1911997,2024-08-31,709,Schwaz,Frauen,bis 19 Jahre,B9999,unbestimmt (nur Pst),2,0,19
1912033,2024-08-31,709,Schwaz,Frauen,30 bis 34 Jahre,B9999,unbestimmt (nur Pst),2,30,34
1912113,2024-08-31,709,Schwaz,Männer,30 bis 34 Jahre,B9999,unbestimmt (nur Pst),1,30,34
1912172,2024-08-31,801,Bludenz,Frauen,20 bis 24 Jahre,B9999,unbestimmt (nur Pst),2,20,24
1912242,2024-08-31,801,Bludenz,Männer,bis 19 Jahre,B9999,unbestimmt (nur Pst),1,0,19
1912262,2024-08-31,801,Bludenz,Männer,20 bis 24 Jahre,B9999,unbestimmt (nur Pst),2,20,24
1912360,2024-08-31,802,Bregenz,Frauen,20 bis 24 Jahre,B9999,unbestimmt (nur Pst),1,20,24
1912379,2024-08-31,802,Bregenz,Frauen,25 bis 29 Jahre,B9999,unbestimmt (nur Pst),2,25,29
1912488,2024-08-31,802,Bregenz,Männer,bis 19 Jahre,B9999,unbestimmt (nur Pst),1,0,19
1912522,2024-08-31,802,Bregenz,Männer,20 bis 24 Jahre,B9999,unbestimmt (nur Pst),3,20,24
1912587,2024-08-31,802,Bregenz,Männer,40 bis 44 Jahre,B9999,unbestimmt (nur Pst),1,40,44
1912632,2024-08-31,804,Dornbirn,Frauen,bis 19 Jahre,B9999,unbestimmt (nur Pst),1,0,19
1912659,2024-08-31,804,Dornbirn,Frauen,20 bis 24 Jahre,B9999,unbestimmt (nur Pst),2,20,24
1912761,2024-08-31,804,Dornbirn,Männer,bis 19 Jahre,B9999,unbestimmt (nur Pst),3,0,19
1912804,2024-08-31,804,Dornbirn,Männer,20 bis 24 Jahre,B9999,unbestimmt (nur Pst),2,20,24
1912836,2024-08-31,804,Dornbirn,Männer,30 bis 34 Jahre,B9999,unbestimmt (nur Pst),1,30,34
1912869,2024-08-31,804,Dornbirn,Männer,45 bis 49 Jahre,B9999,unbestimmt (nur Pst),1,45,49
1912903,2024-08-31,805,Feldkirch,Frauen,bis 19 Jahre,B9999,unbestimmt (nur Pst),3,0,19
1912933,2024-08-31,805,Feldkirch,Frauen,20 bis 24 Jahre,B9999,unbestimmt (nur Pst),5,20,24
1912960,2024-08-31,805,Feldkirch,Frauen,25 bis 29 Jahre,B9999,unbestimmt (nur Pst),2,25,29
1913008,2024-08-31,805,Feldkirch,Frauen,40 bis 44 Jahre,B9999,unbestimmt (nur Pst),2,40,44
1913022,2024-08-31,805,Feldkirch,Frauen,45 bis 49 Jahre,B9999,unbestimmt (nur Pst),1,45,49
1913068,2024-08-31,805,Feldkirch,Männer,bis 19 Jahre,B9999,unbestimmt (nur Pst),8,0,19
1913098,2024-08-31,805,Feldkirch,Männer,20 bis 24 Jahre,B9999,unbestimmt (nur Pst),6,20,24
1913124,2024-08-31,805,Feldkirch,Männer,25 bis 29 Jahre,B9999,unbestimmt (nur Pst),3,25,29
1913161,2024-08-31,805,Feldkirch,Männer,35 bis 39 Jahre,B9999,unbestimmt (nur Pst),1,35,39
1913174,2024-08-31,805,Feldkirch,Männer,40 bis 44 Jahre,B9999,unbestimmt (nur Pst),1,40,44
1913938,2024-08-31,959,Wien Hauffgasse,Männer,25 bis 29 Jahre,B9999,unbestimmt (nur Pst),1,25,29
1914032,2024-08-31,959,Wien Hauffgasse,Männer,35 bis 39 Jahre,B9999,unbestimmt (nur Pst),1,35,39
1914091,2024-08-31,959,Wien Hauffgasse,Männer,45 bis 49 Jahre,B9999,unbestimmt (nur Pst),1,45,49
1914712,2024-08-31,962,Wien Redergasse,Frauen,25 bis 29 Jahre,B9999,unbestimmt (nur Pst),1,25,29
1914909,2024-08-31,962,Wien Redergasse,Frauen,55 bis 59 Jahre,B9999,unbestimmt (nur Pst),1,55,59
1915044,2024-08-31,962,Wien Redergasse,Männer,30 bis 34 Jahre,B9999,unbestimmt (nur Pst),1,30,34
1915393,2024-08-31,963,Wien Währinger Gürtel,Frauen,40 bis 44 Jahre,B9999,unbestimmt (nur Pst),1,40,44
1915745,2024-08-31,964,Wien Favoritenstraße,Frauen,25 bis 29 Jahre,B9999,unbestimmt (nur Pst),1,25,29
1916208,2024-08-31,964,Wien Favoritenstraße,Männer,30 bis 34 Jahre,B9999,unbestimmt (nur Pst),1,30,34
1916464,2024-08-31,964,Wien Favoritenstraße,Männer,50 bis 54 Jahre,B9999,unbestimmt (nur Pst),1,50,54
1916587,2024-08-31,965,Wien Schönbrunner Straße,Frauen,25 bis 29 Jahre,B9999,unbestimmt (nur Pst),1,25,29
1917292,2024-08-31,966,Wien Hietzinger Kai,Frauen,25 bis 29 Jahre,B9999,unbestimmt (nur Pst),1,25,29
1917418,2024-08-31,966,Wien Hietzinger Kai,Frauen,40 bis 44 Jahre,B9999,unbestimmt (nur Pst),1,40,44
1917454,2024-08-31,966,Wien Hietzinger Kai,Frauen,45 bis 49 Jahre,B9999,unbestimmt (nur Pst),1,45,49
1917622,2024-08-31,966,Wien Hietzinger Kai,Männer,30 bis 34 Jahre,B9999,unbestimmt (nur Pst),1,30,34
1917769,2024-08-31,966,Wien Hietzinger Kai,Männer,45 bis 49 Jahre,B9999,unbestimmt (nur Pst),2,45,49
1917890,2024-08-31,967,Wien Huttengasse,Frauen,25 bis 29 Jahre,B9999,unbestimmt (nur Pst),1,25,29
1917991,2024-08-31,967,Wien Huttengasse,Frauen,35 bis 39 Jahre,B9999,unbestimmt (nur Pst),2,35,39
1918034,2024-08-31,967,Wien Huttengasse,Frauen,40 bis 44 Jahre,B9999,unbestimmt (nur Pst),1,40,44
1918641,2024-08-31,968,Wien Schloßhofer Straße,Frauen,25 bis 29 Jahre,B9999,unbestimmt (nur Pst),1,25,29
1918697,2024-08-31,968,Wien Schloßhofer Straße,Frauen,30 bis 34 Jahre,B9999,unbestimmt (nur Pst),3,30,34
1918831,2024-08-31,968,Wien Schloßhofer Straße,Frauen,45 bis 49 Jahre,B9999,unbestimmt (nur Pst),1,45,49
1918862,2024-08-31,968,Wien Schloßhofer Straße,Frauen,50 bis 54 Jahre,B9999,unbestimmt (nur Pst),1,50,54
1918965,2024-08-31,968,Wien Schloßhofer Straße,Männer,25 bis 29 Jahre,B9999,unbestimmt (nur Pst),1,25,29
1919184,2024-08-31,968,Wien Schloßhofer Straße,Männer,45 bis 49 Jahre,B9999,unbestimmt (nur Pst),1,45,49
1919362,2024-08-31,969,Wien-Wagramer Straße,Frauen,30 bis 34 Jahre,B9999,unbestimmt (nur Pst),2,30,34
1919708,2024-08-31,969,Wien-Wagramer Straße,Männer,30 bis 34 Jahre,B9999,unbestimmt (nur Pst),1,30,34
1920005,2024-08-31,974,Wien Austria Campus,Frauen,25 bis 29 Jahre,B9999,unbestimmt (nur Pst),1,25,29
1920039,2024-08-31,974,Wien Austria Campus,Frauen,30 bis 34 Jahre,B9999,unbestimmt (nur Pst),1,30,34
1920235,2024-08-31,974,Wien Austria Campus,Männer,25 bis 29 Jahre,B9999,unbestimmt (nur Pst),1,25,29
1920285,2024-08-31,974,Wien Austria Campus,Männer,30 bis 34 Jahre,B9999,unbestimmt (nur Pst),1,30,34
1921030,2024-08-31,976,Wien Jugendliche I,Frauen,bis 19 Jahre,B9999,unbestimmt (nur Pst),13,0,19
1921130,2024-08-31,976,Wien Jugendliche I,Frauen,20 bis 24 Jahre,B9999,unbestimmt (nur Pst),5,20,24
1921248,2024-08-31,976,Wien Jugendliche I,Männer,bis 19 Jahre,B9999,unbestimmt (nur Pst),12,0,19
1921404,2024-08-31,976,Wien Jugendliche I,Männer,20 bis 24 Jahre,B9999,unbestimmt (nur Pst),3,20,24
1921507,2024-08-31,977,Wien Jugendliche II,Frauen,bis 19 Jahre,B9999,unbestimmt (nur Pst),1,0,19
